ICVP Direct Stim Program 4.0.1+v4.0.1 - RelativeLocations
Updated at: 2022-08-22--21-11-34
Subject ID: CKT
Tester ID: kstipp
Direct Stimulation Input from the UI

UserID ; Time ; Electrodes ; Frequency (Hz) ; Cathodic Phase Duration (us) ; Train Length (ms) ; Duty On (ms); Duty Off (ms) ; Inter-train Length (ms) ; Amplitude (uA) ; Sent to Gateway ; Response ; Response Latency (ms) ; Response Duration (ms) ; Comments
kstipp ; 2022-08-22--21-11-34 ; 0D00-0D04 , 0D00-0D04-0D03-0D07 ; 200 ; 200 ; 1000 ; 1000 ; 0 ; 0 ; 40 ; True ;  ;  ;  ; couldnt differentiate

Position t,Position u,Position v,Orientation w,Orientation x,Orientation y,Orientation z
0.7214215,-1.2852386,-15.215681,0.15255268,0.8311881,0.2641203,0.46485975
1.0148045,-0.51067156,-14.945448,0.6421047,0.5201682,-0.5326094,0.18290411
0.72166246,-1.2853124,-15.21569,0.15257087,0.8309618,0.2643446,0.4651307
1.0137001,-0.5085071,-14.94573,0.64207417,0.5209431,-0.53189605,0.18288139
0.7218853,-1.2853806,-15.2159395,0.15255465,0.8307484,0.26457557,0.46538594
1.009214,-0.5086846,-14.945945,0.64234406,0.5217136,-0.53082955,0.18283643
0.72209173,-1.2854439,-15.21617,0.15252262,0.8305293,0.2648312,0.4656421
1.0092248,-0.50708914,-14.947842,0.64233947,0.5226027,-0.5299473,0.18287292
0.7220649,-1.2855026,-15.216386,0.15249492,0.83031535,0.26507345,0.4658947
1.0059422,-0.50749207,-14.949319,0.642511,0.52349067,-0.52887744,0.18282709
0.72221375,-1.2854044,-15.21677,0.1522659,0.8298405,0.2656475,0.4664884
0.9983316,-0.50657666,-14.9499235,0.6430509,0.52644396,-0.52536786,0.18256754
0.7223799,-1.2854568,-15.216948,0.1521192,0.82956976,0.26597762,0.46682954
0.9942945,-0.50558656,-14.949474,0.6433807,0.5282432,-0.5232505,0.18228944
0.722735,-1.285508,-15.217121,0.15200499,0.8293263,0.26625052,0.46714363
0.9910221,-0.5061242,-14.949109,0.6436452,0.52968425,-0.52153337,0.18209477
0.72289073,-1.2855583,-15.217291,0.15190542,0.82910484,0.26651934,0.46741572
0.9870736,-0.5065638,-14.948812,0.6438691,0.53084606,-0.520154,0.18186504
0.7230434,-1.2854155,-15.217458,0.15180221,0.82894146,0.26671448,0.4676276
0.985029,-0.50571656,-14.9485655,0.64390624,0.53185755,-0.51915264,0.18163957
0.72344756,-1.2854773,-15.21765,0.15173842,0.8287784,0.26689246,0.46783572
0.98333097,-0.5050129,-14.948361,0.64397967,0.532665,-0.5182995,0.18144944
0.7239103,-1.285548,-15.217605,0.15167646,0.82863885,0.26707795,0.46799722
0.98300236,-0.5044244,-14.948192,0.64398754,0.5333916,-0.51758957,0.18131354
0.72443956,-1.2856288,-15.217552,0.15161908,0.8285249,0.2672099,0.46814233
0.98272556,-0.5039288,-14.948049,0.6439657,0.5339923,-0.5170241,0.18123609
0.7246473,-1.2857106,-15.217499,0.15155572,0.828455,0.26730877,0.46823004
0.9815058,-0.50350875,-14.9479265,0.64398986,0.534528,-0.5164764,0.18113291
0.72531754,-1.2853947,-15.21785,0.15148595,0.8283916,0.26738042,0.46832383
0.9804658,-0.50315064,-14.947824,0.64401704,0.5350049,-0.5159706,0.18106979
0.72604257,-1.2855235,-15.217759,0.15145437,0.8283198,0.26746383,0.46841344
0.979574,-0.50284356,-14.947734,0.6439538,0.5354621,-0.51557994,0.18105589
0.7262806,-1.2851456,-15.218177,0.15138258,0.82825476,0.26754043,0.46850777
0.9779605,-0.5025788,-14.947658,0.64396113,0.5358223,-0.5152147,0.1810038
0.7260095,-1.2852911,-15.218553,0.15129632,0.8282126,0.26761746,0.4685661
0.97736484,-0.5023494,-14.947591,0.6439454,0.5361111,-0.51494473,0.18097267
0.7257637,-1.2849594,-15.218893,0.1512174,0.82818323,0.26766035,0.46861902
0.97684616,-0.50214964,-14.947534,0.64391094,0.5363599,-0.5147274,0.1809766
0.7260161,-1.284612,-15.21925,0.15117349,0.8281459,0.26769328,0.46868038
0.9763925,-0.50125074,-14.947483,0.64384377,0.5365842,-0.51458466,0.18095686
0.72627705,-1.2842531,-15.219618,0.15115589,0.82811993,0.26770252,0.4687266
0.97599405,-0.50114906,-14.947438,0.6438103,0.5367301,-0.5144698,0.1809699
0.7265433,-1.2838867,-15.219994,0.15116793,0.82810473,0.2676863,0.46875894
0.97564256,-0.5010594,-14.947399,0.6437815,0.5368512,-0.51438105,0.18096559
0.7267862,-1.2841394,-15.219749,0.15119459,0.82808995,0.26769787,0.46876985
0.9753313,-0.5009801,-14.947365,0.64372,0.5369398,-0.5143589,0.1809843
0.7264454,-1.2843647,-15.219532,0.15122628,0.82810205,0.2676782,0.4687494
0.9750548,-0.5009095,-14.947334,0.6436794,0.5369763,-0.51436925,0.18099095
0.72667134,-1.2840348,-15.2193365,0.15125842,0.8281237,0.26762256,0.46873268
0.97480816,-0.5008466,-14.947307,0.6436281,0.537006,-0.5144051,0.18098338
0.7268926,-1.2837119,-15.219145,0.15128756,0.8281459,0.26758662,0.46870446
0.97458756,-0.50079036,-14.947282,0.64358103,0.5370217,-0.51444316,0.18099584
0.7270967,-1.2839545,-15.218968,0.15133822,0.82816356,0.2675541,0.46867543
0.97438955,-0.5007399,-14.94726,0.6435376,0.5370196,-0.5145092,0.18096863
0.7272966,-1.2836311,-15.218794,0.15136087,0.8281823,0.2675011,0.46866536
0.9742114,-0.5006944,-14.94724,0.6435053,0.5370201,-0.5145414,0.18099056
0.72694254,-1.2838746,-15.218639,0.1513946,0.82822376,0.26745456,0.46860775
0.9740506,-0.5006534,-14.947223,0.64348143,0.53700364,-0.5145841,0.18100266
0.727132,-1.2835854,-15.2185,0.15140794,0.82825243,0.26740962,0.4685784
0.9739051,-0.5006163,-14.947206,0.64347744,0.53698385,-0.51461023,0.1810014
0.7279184,-1.2832726,-15.2183485,0.15145667,0.8282761,0.2673406,0.4685602
0.97377306,-0.50058264,-14.946779,0.6434737,0.5369659,-0.51464504,0.18096903
0.728749,-1.2829422,-15.218189,0.15148024,0.82830244,0.2672817,0.46853963
0.973653,-0.500552,-14.94639,0.64348555,0.53692776,-0.51468074,0.18093829
0.7288725,-1.2826267,-15.218037,0.15149802,0.82834345,0.26721588,0.46849886
0.97354364,-0.5005241,-14.946037,0.64349526,0.5368953,-0.5147148,0.18090332
0.72899014,-1.2823263,-15.217891,0.15151656,0.82837623,0.2671547,0.4684698
0.9737969,-0.50049865,-14.946068,0.64348,0.53686714,-0.5147764,0.18086603
0.7291018,-1.282041,-15.217753,0.15153904,0.828414,0.26707897,0.46843892
0.9740287,-0.5004753,-14.945761,0.64346373,0.5368245,-0.51485777,0.18081893
0.72920763,-1.2817705,-15.217624,0.15155959,0.82844216,0.26701692,0.46841788
0.97424126,-0.5001352,-14.945797,0.6434451,0.53678954,-0.5149343,0.18077107
0.72862005,-1.2815328,-15.217508,0.15157154,0.8284733,0.2669591,0.46839187
0.97413355,-0.5001256,-14.945528,0.64343184,0.53675294,-0.5150076,0.18071787
0.7281014,-1.2806764,-15.217407,0.15156639,0.8285083,0.26689073,0.46837062
0.97432226,-0.50011677,-14.945568,0.64340234,0.53670794,-0.5150984,0.18069792
0.7282646,-1.2805238,-15.217313,0.15157607,0.82852197,0.26684228,0.468371
0.9744961,-0.5001086,-14.945604,0.64339507,0.53665924,-0.5151684,0.18066882
0.72842103,-1.2803775,-15.217221,0.15159698,0.82853293,0.2667882,0.46837568
0.9746566,-0.5001011,-14.945639,0.6433779,0.53662175,-0.5152397,0.18063797
0.72792625,-1.2808813,-15.21714,0.15161553,0.8285438,0.26674786,0.4683734
0.97455823,-0.5000942,-14.94567,0.6433869,0.53658056,-0.5152827,0.18060578
0.72748715,-1.2807268,-15.21767,0.15161397,0.8285534,0.26670018,0.4683841
0.9744672,-0.50008774,-14.9457,0.6433877,0.53654826,-0.51532775,0.18057056
0.72766757,-1.2805892,-15.218142,0.15163769,0.82855725,0.26664367,0.46840167
0.97438294,-0.5000818,-14.945726,0.6433833,0.53651166,-0.5153783,0.1805506
0.72728586,-1.2810091,-15.218564,0.15165514,0.8285641,0.2665991,0.46840924
0.9743047,-0.5002877,-14.945751,0.6433808,0.536476,-0.5154172,0.18055406
0.7274595,-1.2808698,-15.218942,0.15168063,0.82855785,0.26653522,0.46844843
0.9742319,-0.5002782,-14.945774,0.6433778,0.5364472,-0.5154565,0.1805381
0.72712564,-1.2807446,-15.219282,0.15169488,0.8285592,0.26648608,0.46846938
0.974356,-0.50026923,-14.945797,0.6433695,0.5364174,-0.5154965,0.18054228
0.7268246,-1.2806317,-15.219588,0.15171549,0.82855,0.2664143,0.46851996
0.97428536,-0.5002605,-14.945818,0.64336544,0.53638905,-0.5155313,0.1805418
0.726551,-1.2805289,-15.219868,0.15171394,0.8285354,0.2663445,0.46858585
0.97440845,-0.5002519,-14.945839,0.6433528,0.5363648,-0.51556706,0.18055648
0.7274639,-1.2803158,-15.219934,0.15167269,0.8282865,0.26617026,0.46913785
0.9744588,-0.5002352,-14.945686,0.64332306,0.5362958,-0.5156568,0.18061115
0.7282908,-1.2795641,-15.220305,0.15158854,0.8279844,0.26603565,0.46977437
0.9747706,-0.5004194,-14.945518,0.64329195,0.5362311,-0.51573557,0.18068911
0.7300296,-1.278692,-15.2207365,0.15154117,0.82755464,0.26587301,0.47063798
0.9748839,-0.5004076,-14.945353,0.6432458,0.5361624,-0.51583445,0.18077473
0.7318271,-1.2786666,-15.221181,0.1515207,0.8270381,0.26574424,0.4716244
0.97518724,-0.500396,-14.945383,0.6431897,0.53607136,-0.5159553,0.18089938
0.7336411,-1.278641,-15.221629,0.15140307,0.82651603,0.26561972,0.4726464
0.97548443,-0.50038475,-14.945412,0.6431253,0.535974,-0.5160906,0.18103099
0.7354271,-1.2786157,-15.22207,0.15130539,0.8259772,0.26550072,0.47368532
0.97558665,-0.5003733,-14.945441,0.6430864,0.53584886,-0.516221,0.18116793
0.7384232,-1.2785903,-15.222514,0.15125793,0.82532424,0.26543295,0.4748751
0.9756934,-0.5003613,-14.945473,0.64303744,0.53570545,-0.5163697,0.18134223
0.7445467,-1.2759204,-15.223358,0.15091588,0.8240755,0.26525292,0.47724724
0.9756929,-0.5003394,-14.945531,0.6429472,0.53542805,-0.516639,0.18171397
0.74707055,-1.2747074,-15.2237425,0.15062729,0.8233838,0.265307,0.4785007
0.9760641,-0.5005747,-14.945564,0.6428741,0.53526264,-0.51682127,0.18194118
0.75447834,-1.2759609,-15.224376,0.15031606,0.821942,0.2656998,0.4808536
0.97630703,-0.5005334,-14.945636,0.6426858,0.5350121,-0.5171717,0.18234733
0.75742555,-1.2745048,-15.224627,0.14999664,0.82126504,0.26588535,0.48200607
0.9767875,-0.50050884,-14.945679,0.64252627,0.53491235,-0.5173894,0.18258424
0.7620637,-1.2732544,-15.224843,0.14974214,0.8205982,0.2661325,0.48308325
0.97733444,-0.50048083,-14.945727,0.6424363,0.5348167,-0.51753086,0.18278022
0.7636192,-1.2722514,-15.225017,0.14945889,0.8201189,0.26628473,0.4839003
0.9774668,-0.5004531,-14.945776,0.6423617,0.53475845,-0.517632,0.18292606
0.7648156,-1.273629,-15.22515,0.14936237,0.81965166,0.26676202,0.48445857
0.9775953,-0.5000104,-14.945823,0.6422678,0.5347402,-0.5177196,0.1830611
0.7657566,-1.2703584,-15.225255,0.14896229,0.8193243,0.26691246,0.48505238
0.97821605,-0.50000143,-14.945874,0.642184,0.5347065,-0.5177901,0.18325445
0.7664933,-1.2700015,-15.225337,0.14865646,0.8190549,0.26714447,0.4854731
0.97888404,-0.49999177,-14.94593,0.64212805,0.53468597,-0.51783746,0.18337671
0.76936525,-1.2697164,-15.225403,0.1485332,0.81868964,0.26742688,0.48597118
0.97959316,-0.49998155,-14.945378,0.64208,0.5346667,-0.5178729,0.18350077
0.7716142,-1.269493,-15.225454,0.1483643,0.8184625,0.2676543,0.48628026
0.9803309,-0.4999709,-14.944804,0.64201236,0.5346461,-0.51793325,0.18362737
0.7733487,-1.2693208,-15.225494,0.14815566,0.8182953,0.26789677,0.4864916
0.9810835,-0.49996006,-14.944219,0.64197564,0.5345773,-0.51800907,0.18374212
0.7723002,-1.2691963,-15.225522,0.14781374,0.8181497,0.26827925,0.48662966
0.98183745,-0.4999492,-14.943633,0.6419316,0.53450054,-0.5181072,0.18384248
0.7738323,-1.2691,-15.225544,0.14772189,0.817859,0.2685975,0.4869706
0.9817216,-0.49993938,-14.943105,0.6419229,0.5344179,-0.51820284,0.18384348
0.7750069,-1.269026,-15.225561,0.14757593,0.81764364,0.2688949,0.48721224
0.98161656,-0.49993053,-14.942627,0.6419145,0.53434384,-0.5182801,0.18387045
0.7735889,-1.2689732,-15.225573,0.14744589,0.8175346,0.2691216,0.48730943
0.9823377,-0.49992198,-14.942989,0.641852,0.5342763,-0.5184063,0.183929
0.7725582,-1.2710798,-15.225582,0.14735527,0.8174784,0.26936087,0.48729897
0.9830257,-0.49991384,-14.943334,0.64179295,0.5341731,-0.5185642,0.18398988
0.7738772,-1.2705808,-15.225589,0.14721958,0.8173922,0.2695034,0.48740584
0.9828061,-0.5007224,-14.942818,0.6418211,0.53407055,-0.51862717,0.18401144
0.77488905,-1.2722651,-15.225594,0.14739849,0.81731397,0.2694893,0.4874907
0.9834445,-0.50064385,-14.943174,0.6417435,0.5339414,-0.5188288,0.18408883
0.77368,-1.2715575,-15.227561,0.14732201,0.81735665,0.26935607,0.48751587
0.9840479,-0.5005695,-14.943511,0.6417424,0.5338281,-0.51895094,0.184077
0.77470154,-1.2709831,-15.229158,0.14728549,0.81737864,0.26916504,0.48759556
0.98373455,-0.5005054,-14.943802,0.64176553,0.5337328,-0.51901805,0.18408324
0.77552575,-1.2705196,-15.230447,0.14725915,0.8174006,0.26902866,0.48764193
0.98428905,-0.50129014,-14.944071,0.6418028,0.53355443,-0.5191412,0.18412304
0.7742025,-1.2682326,-15.231411,0.1470537,0.8175748,0.26876464,0.4875575
0.9839678,-0.50116843,-14.9443035,0.64185256,0.53339577,-0.5192567,0.18408388
0.7731976,-1.2683417,-15.232143,0.1470252,0.8176854,0.2685261,0.48751205
0.9844839,-0.5018706,-14.94452,0.6418645,0.5332571,-0.51939183,0.1840628
0.77425504,-1.2684319,-15.232749,0.14714669,0.8176996,0.2683382,0.48755512
0.9849738,-0.501691,-14.944727,0.6418845,0.5331207,-0.5195401,0.18396963
0.77512014,-1.2685057,-15.233244,0.14721695,0.81776476,0.26806247,0.48757622
0.9854237,-0.500674,-14.944916,0.6418231,0.5330355,-0.5197459,0.1838493
0.77582633,-1.2666053,-15.233647,0.14724304,0.81790036,0.2677376,0.48751938
0.9858475,-0.50059676,-14.945094,0.6417873,0.53293866,-0.519923,0.18375422
0.77639,-1.2670544,-15.23397,0.14736333,0.81801236,0.26750427,0.48742327
0.9862442,-0.50052446,-14.945261,0.64171034,0.5328177,-0.5201792,0.18364848
0.77683955,-1.2674125,-15.234227,0.14746615,0.8181086,0.26721147,0.4873912
0.9857233,-0.5013244,-14.945404,0.64174986,0.5326757,-0.52030796,0.18355766
0.7759471,-1.2645165,-15.234579,0.14748786,0.8184272,0.2663276,0.48733354
0.98565954,-0.50108653,-14.945636,0.64164114,0.532489,-0.5207207,0.18330853
0.7746516,-1.2635273,-15.234698,0.14748332,0.81846476,0.26591048,0.48749945
0.9869348,-0.50097215,-14.945747,0.6414692,0.5322844,-0.5210928,0.18344775
0.7736494,-1.262762,-15.234792,0.14739904,0.81844825,0.2656546,0.48769212
0.98722523,-0.5008657,-14.945852,0.64138895,0.5321083,-0.5213674,0.18345883
0.7745403,-1.2621167,-15.23487,0.14740898,0.818327,0.26544225,0.48800817
0.9874944,-0.5007671,-14.945949,0.6413161,0.5319535,-0.5216077,0.18347925
0.7752874,-1.2615756,-15.234936,0.14744642,0.8182315,0.26530147,0.48823357
0.9877427,-0.5006761,-14.946037,0.6412369,0.5317716,-0.5218669,0.1835461
0.77590793,-1.261126,-15.234989,0.14752124,0.8180982,0.2652406,0.48846737
0.9879709,-0.50059247,-14.946118,0.64116484,0.5315323,-0.5221732,0.18362018
0.77639055,-1.262511,-15.235032,0.14766261,0.8179343,0.26528716,0.48867384
0.98922986,-0.50154555,-14.946198,0.641033,0.5313127,-0.52246124,0.18389602
0.7767921,-1.2619023,-15.235067,0.14769882,0.8178525,0.26536134,0.48875952
0.9904399,-0.5024616,-14.946276,0.6409467,0.5310491,-0.5227499,0.1841382
0.77898884,-1.2613796,-15.235098,0.1478892,0.8177179,0.26535362,0.48893115
0.9915784,-0.50213677,-14.946348,0.6408238,0.53082424,-0.5230318,0.18441384
0.77885425,-1.2606536,-15.233699,0.14799085,0.81767833,0.26536426,0.4889609
0.99358064,-0.50264555,-14.946475,0.6407331,0.53027374,-0.52360034,0.18469845
0.78048545,-1.2620766,-15.232286,0.14815977,0.81758356,0.265426,0.48903474
0.99443287,-0.502251,-14.946529,0.64059925,0.5300526,-0.523956,0.18478896
0.7813198,-1.2611384,-15.23157,0.14819498,0.8175023,0.26542076,0.4891626
0.9944838,-0.5028082,-14.944136,0.64037824,0.5295828,-0.52470565,0.18477495
0.78086793,-1.2624034,-15.230587,0.14831254,0.8174212,0.26549155,0.4892242
0.99517506,-0.5024107,-14.943215,0.64026976,0.52919346,-0.52527606,0.18464594
0.7790021,-1.2618992,-15.231315,0.14821588,0.81744814,0.2654604,0.4892254
0.9957837,-0.5020607,-14.943709,0.64025325,0.5287926,-0.5257615,0.18446974
0.7803716,-1.2614955,-15.231896,0.14824367,0.81732064,0.26550668,0.48940477
0.99631757,-0.5017537,-14.944143,0.64023423,0.5284641,-0.5261647,0.18432769
0.7801184,-1.2611691,-15.2323675,0.14813168,0.81727123,0.26551768,0.4895153
0.99824595,-0.50146747,-14.944549,0.6401319,0.5280846,-0.52670527,0.18422675
0.7812625,-1.2622503,-15.232772,0.1481812,0.81715345,0.26554114,0.48968416
0.99845314,-0.50263494,-14.944887,0.6401834,0.5277174,-0.52702874,0.18417488
0.78229624,-1.2617937,-15.233138,0.14809847,0.81704193,0.2654871,0.48992458
0.9986291,-0.5022264,-14.945175,0.64011675,0.52746123,-0.5273879,0.18411197
0.7832137,-1.2613884,-15.233463,0.1479311,0.81690776,0.26557568,0.49015075
1.0019555,-0.501833,-14.945452,0.63989437,0.52710485,-0.5279471,0.18430278
0.7825293,-1.2624838,-15.232303,0.14786485,0.8167842,0.26577753,0.49026725
1.0015974,-0.5030212,-14.945672,0.63986933,0.52685213,-0.5282083,0.18436423
0.78481036,-1.261992,-15.232739,0.14778179,0.8164927,0.2658972,0.49071282
1.0013072,-0.5039837,-14.94585,0.6398683,0.52654475,-0.52850354,0.18440004
0.78530663,-1.2629905,-15.233104,0.14762527,0.8161133,0.26603165,0.49131766
1.0042032,-0.5032995,-14.944433,0.6395614,0.52610195,-0.5292358,0.18462831
0.78574085,-1.2624187,-15.233423,0.14711335,0.8158149,0.26616535,0.4918941
1.0050529,-0.5043291,-14.94323,0.6394424,0.5256609,-0.5297243,0.18489522
0.7861178,-1.2619226,-15.2337,0.14681095,0.8155045,0.26625368,0.49245107
1.0075351,-0.5035219,-14.942156,0.6392394,0.52530634,-0.53024143,0.1851223
0.78807396,-1.2598566,-15.233954,0.14643529,0.81521946,0.26630944,0.4930043
1.0096849,-0.5028228,-14.941227,0.6390919,0.5249836,-0.5306555,0.18536066
0.78966016,-1.2613143,-15.2325945,0.14629221,0.81480867,0.26663455,0.49354988
1.0096089,-0.504047,-14.940491,0.63920575,0.5247044,-0.53071064,0.18560049
0.79284614,-1.2609329,-15.233067,0.14604442,0.8144985,0.26665935,0.49412155
1.009548,-0.5050271,-14.939902,0.6392743,0.5244264,-0.5308078,0.18587235
0.79373527,-1.2606204,-15.23173,0.14567184,0.8141951,0.2668431,0.49463212
1.0113297,-0.5058696,-14.939396,0.63921016,0.52411604,-0.5309912,0.1864433
0.79446614,-1.2603635,-15.230632,0.14534955,0.8139645,0.2671103,0.49496213
1.0128067,-0.50468916,-14.938976,0.6390971,0.5239348,-0.5311764,0.18681249
0.79692066,-1.2601408,-15.22968,0.14509927,0.8136529,0.26740363,0.4953894
1.0121506,-0.50378686,-14.938656,0.63916284,0.5237856,-0.5311536,0.18707065
0.7970882,-1.2581431,-15.230729,0.14472769,0.8135102,0.26756057,0.49564755
1.011643,-0.5047847,-14.940104,0.639291,0.523623,-0.5310854,0.18728141
0.7991281,-1.2583495,-15.231616,0.14452915,0.81332743,0.2676957,0.49593228
1.0129243,-0.50390834,-14.939599,0.6392607,0.5236609,-0.53102076,0.18746197
0.8008221,-1.258521,-15.232353,0.1444296,0.8130973,0.26801565,0.49616593
1.0106952,-0.50322306,-14.939204,0.6394158,0.52372044,-0.53079695,0.18740073
0.8002258,-1.2567523,-15.232921,0.14411761,0.8130375,0.2682751,0.4962143
1.012003,-0.5042161,-14.940427,0.6393766,0.5236044,-0.53089976,0.18756737
0.8036336,-1.2591956,-15.233388,0.14429973,0.81272584,0.26867035,0.49645808
1.0115889,-0.5050088,-14.941402,0.6394518,0.5235521,-0.5308471,0.18760602
0.80251104,-1.2591941,-15.233741,0.14415532,0.8126938,0.26882935,0.49646646
1.012662,-0.50566095,-14.942205,0.63938206,0.5235444,-0.53088605,0.18775502
0.8034627,-1.2591932,-15.234029,0.14410087,0.8126461,0.26900646,0.49646428
1.0135909,-0.5047908,-14.9429,0.63934636,0.52360654,-0.53088725,0.1876998
0.8030618,-1.2606797,-15.234427,0.14481442,0.8130644,0.26902053,0.4955634
1.0124798,-0.5048089,-14.943919,0.6397991,0.5233546,-0.5305966,0.18768148
0.8005313,-1.260426,-15.234564,0.1453788,0.81356746,0.26863465,0.49478126
1.0120695,-0.5041719,-14.944296,0.6399174,0.52326757,-0.53055054,0.18765114
0.79853654,-1.260226,-15.234671,0.14571,0.81408465,0.26829064,0.49401924
1.0105611,-0.5048126,-14.944609,0.6402203,0.52311295,-0.53035724,0.18759584
0.7969479,-1.2600667,-15.234756,0.14599413,0.8145214,0.26787868,0.49343878
1.0104123,-0.5053473,-14.944869,0.6403162,0.5230192,-0.5303185,0.1876393
0.79426783,-1.2599387,-15.234824,0.14628412,0.8149627,0.2675058,0.4928261
1.0102874,-0.5057966,-14.9450865,0.64047825,0.5229584,-0.5301836,0.18763694
0.7934259,-1.2598346,-15.2348795,0.14659174,0.8153274,0.2670594,0.49237332
1.0101817,-0.50617665,-14.945272,0.6404775,0.5229307,-0.5302066,0.18765177
0.79273695,-1.2597497,-15.234925,0.14688332,0.81565994,0.2667417,0.49190748
1.0100918,-0.50650007,-14.94543,0.6406437,0.5228401,-0.53009695,0.18764672
0.790966,-1.2596796,-15.234962,0.14709891,0.81607014,0.2664046,0.49134523
1.0109653,-0.50679237,-14.945572,0.6406978,0.52276784,-0.53003424,0.18784013
0.7882619,-1.2595723,-15.23502,0.14780399,0.81689507,0.2656215,0.49018535
1.0106571,-0.50727534,-14.9458065,0.6409279,0.522612,-0.5299226,0.18780404
0.7872236,-1.2605623,-15.235043,0.14814372,0.8172062,0.26535895,0.48970622
1.010531,-0.5074728,-14.946777,0.64108515,0.52257574,-0.52976435,0.1878144
0.78634304,-1.2604223,-15.235062,0.14839652,0.8175028,0.265043,0.48930565
1.0104191,-0.5076481,-14.94764,0.64125115,0.52252173,-0.5296567,0.18770148
0.7846611,-1.260303,-15.235077,0.14860521,0.81779623,0.26480487,0.4888807
1.0103185,-0.50780576,-14.948416,0.6413283,0.5224599,-0.5295824,0.18781985
0.784102,-1.2602005,-15.23509,0.14886141,0.81800044,0.26458246,0.48858142
1.0102271,-0.5079489,-14.94912,0.6412818,0.5224684,-0.5296304,0.18781942
0.78277993,-1.260112,-15.235103,0.14907575,0.81819534,0.2643859,0.48829594
1.0101436,-0.50807965,-14.949762,0.64134914,0.52236706,-0.5296442,0.18783243
0.7816337,-1.2600355,-15.235113,0.14920634,0.81836694,0.26421428,0.48806128
1.0100654,-0.5090667,-14.950366,0.64136034,0.5223047,-0.529621,0.188033
0.7806351,-1.2599688,-15.235121,0.14934556,0.81852305,0.26402098,0.48786142
1.0099939,-0.5091007,-14.950917,0.6413683,0.5222488,-0.52965915,0.1880535
0.77976125,-1.2599103,-15.235129,0.14941739,0.81869406,0.26386192,0.48763865
1.0099283,-0.5091318,-14.951423,0.64132303,0.5221828,-0.5297736,0.18806902
0.7789933,-1.2605431,-15.235136,0.14953241,0.8188183,0.26374504,0.4874581
1.0098683,-0.50916034,-14.951886,0.64133954,0.52209646,-0.5298267,0.18810298
0.77766585,-1.2604516,-15.235142,0.14954776,0.8189632,0.26363668,0.4872683
1.0098132,-0.5091865,-14.9523115,0.64141005,0.52200896,-0.5298311,0.18809277
0.77772474,-1.2603705,-15.2351465,0.14963394,0.81903225,0.26349574,0.48720208
1.0097626,-0.50921047,-14.952701,0.64144146,0.5219265,-0.529841,0.1881864
0.7771906,-1.2602983,-15.235151,0.14971974,0.81911063,0.2633641,0.48711506
1.010691,-0.50923413,-14.953084,0.6413709,0.5218341,-0.52996796,0.18832591
0.7767141,-1.260234,-15.235156,0.14974451,0.81918514,0.2632456,0.48704615
1.0096247,-0.5092543,-14.953412,0.6414718,0.52171165,-0.5299525,0.18836476
0.7762877,-1.2607058,-15.23516,0.14980006,0.81924385,0.26315576,0.48697898
1.0087097,-0.5092716,-14.953693,0.6415842,0.52162,-0.5299118,0.18835008
0.7759049,-1.2611293,-15.235164,0.14984502,0.819288,0.2630509,0.4869476
1.0087588,-0.5101252,-14.953937,0.64162636,0.5215145,-0.5298596,0.18864557
0.7755602,-1.2615106,-15.235167,0.14984538,0.8193266,0.26297572,0.4869232
1.0088019,-0.51006806,-14.954148,0.64161,0.5215378,-0.5297725,0.18888085
0.77524906,-1.2609471,-15.235169,0.14980891,0.8193768,0.26286125,0.48691157
1.0088433,-0.5108565,-14.954352,0.64161056,0.5215048,-0.5297054,0.1891583
0.77496743,-1.2608682,-15.235171,0.14979297,0.8193957,0.26277798,0.4869297
1.0088811,-0.51073205,-14.954539,0.6415823,0.52157587,-0.529613,0.18931691
0.7747119,-1.2607967,-15.235174,0.14978291,0.8194156,0.26267362,0.4869557
1.0089172,-0.51149666,-14.954717,0.64154845,0.52165014,-0.52953076,0.18945678
0.77446747,-1.2607281,-15.235176,0.14978854,0.8194207,0.26260534,0.4869822
1.0081095,-0.51131743,-14.954031,0.64150137,0.52173144,-0.52948636,0.18951687
0.7742142,-1.2606572,-15.235179,0.14977297,0.8194204,0.26252043,0.48703322
1.0090029,-0.511162,-14.953436,0.64138347,0.5218153,-0.52948594,0.18968624
0.77440536,-1.2605929,-15.235181,0.14975865,0.8193987,0.26247662,0.48709774
1.0082672,-0.51102656,-14.952919,0.6413493,0.52193314,-0.5293808,0.1897706
0.7745791,-1.2605345,-15.235183,0.14971367,0.8193941,0.2623964,0.48716256
1.0083425,-0.51090807,-14.952466,0.64129895,0.522041,-0.52929956,0.18987069
0.77473724,-1.2604815,-15.235185,0.14966452,0.81937104,0.26232287,0.487256
1.0084087,-0.5108039,-14.952067,0.6412558,0.5221694,-0.5291372,0.19011593
0.7748816,-1.2607937,-15.235186,0.1496464,0.8193356,0.26228547,0.48734137
1.0084671,-0.51071197,-14.951715,0.64121646,0.5223005,-0.5289949,0.1902846
0.7750135,-1.2607365,-15.235187,0.14962777,0.81928915,0.26227018,0.48743334
1.0085188,-0.5112472,-14.951405,0.641196,0.5224288,-0.5288178,0.1904929
0.7748088,-1.2606841,-15.235188,0.14953467,0.81929034,0.26222077,0.48748654
1.0085648,-0.51113725,-14.951127,0.6411696,0.52256376,-0.5286866,0.19057605
0.7749303,-1.2606361,-15.235189,0.14946745,0.81925225,0.26217288,0.48759693
1.0080492,-0.51103914,-14.95088,0.6411742,0.5227205,-0.528466,0.1907426
0.7750419,-1.2605917,-15.23519,0.14940523,0.8192148,0.2621058,0.4877148
1.0086453,-0.51095134,-14.950659,0.64104104,0.5228835,-0.5283892,0.19095583
0.7751447,-1.2602719,-15.235191,0.14931959,0.8191778,0.26204386,0.4878365
1.0086782,-0.5108725,-14.95046,0.6410193,0.5230577,-0.5281743,0.19114615
0.77496666,-1.2602407,-15.235192,0.14924379,0.8191662,0.26195866,0.487925
1.0082306,-0.5112787,-14.950282,0.6409901,0.5232129,-0.527998,0.19130658
0.77489,-1.2601757,-15.235195,0.14909959,0.8190537,0.2618075,0.48823902
1.0074606,-0.51154673,-14.949975,0.6408994,0.5236739,-0.5275037,0.19171187
0.77500015,-1.2598594,-15.235196,0.14897977,0.81895256,0.2617558,0.4884728
1.0071286,-0.5114572,-14.949842,0.6408494,0.52395976,-0.5272011,0.1919302
0.7752268,-1.2592092,-15.235198,0.14870626,0.818776,0.26163656,0.48891583
1.0065515,-0.51167077,-14.949612,0.640744,0.5244666,-0.52662814,0.1924702
0.77533257,-1.2592086,-15.2352,0.1485782,0.81865895,0.26159608,0.48917234
1.0063001,-0.51194024,-14.949511,0.64064586,0.5247351,-0.5263891,0.19271873
0.7757854,-1.2585311,-15.235201,0.14838071,0.8185525,0.2614995,0.48946202
1.0060699,-0.51185364,-14.949419,0.6405166,0.52498907,-0.52621603,0.19292928
0.7762004,-1.2585531,-15.235202,0.14831392,0.8183831,0.261477,0.48977742
1.0061755,-0.51177424,-14.949334,0.64035356,0.52523935,-0.5260809,0.19315782
0.7765896,-1.2582618,-15.235203,0.14826645,0.818225,0.2614074,0.4900929
1.0059717,-0.51170135,-14.949257,0.64027053,0.52545035,-0.5259195,0.19329831
0.776652,-1.2582909,-15.235205,0.14819556,0.8180957,0.2613788,0.49034548
1.0060698,-0.5116342,-14.949185,0.6401236,0.5256507,-0.5257869,0.19360098
0.7770615,-1.2579817,-15.235206,0.14803961,0.8179563,0.26132783,0.49065217
1.0058889,-0.51184374,-14.94912,0.64010656,0.525774,-0.5256042,0.1938181
0.77751434,-1.2576399,-15.235207,0.14797579,0.81776404,0.26129436,0.49100968
1.0059797,-0.51177937,-14.949059,0.63994575,0.52593845,-0.52557725,0.19397657
0.777935,-1.2577008,-15.235208,0.14796431,0.81758577,0.2613143,0.4912993
1.0060637,-0.5117198,-14.949002,0.6397936,0.5260394,-0.5255995,0.19414434
0.7784071,-1.257327,-15.235209,0.14794049,0.81739736,0.2613505,0.49160054
1.0059086,-0.5116647,-14.948951,0.639744,0.5260895,-0.52552515,0.19437279
0.778855,-1.2574122,-15.23521,0.14790553,0.81723785,0.2614053,0.49184713
1.005765,-0.5118347,-14.948902,0.6397037,0.52612674,-0.5254459,0.19461907
0.7799104,-1.2569759,-15.235211,0.14799161,0.8170471,0.2613938,0.49214414
1.0060517,-0.5117824,-14.948858,0.63952255,0.52612066,-0.52556485,0.19490927
0.7804346,-1.2565076,-15.235212,0.14805554,0.8169088,0.26140398,0.49234915
1.0061185,-0.51153433,-14.948817,0.63939047,0.5260981,-0.52569836,0.19504355
0.7809264,-1.2566774,-15.235213,0.14807484,0.81675893,0.26148394,0.49254945
1.0059893,-0.5116847,-14.948778,0.6394328,0.52594984,-0.525742,0.19518694
0.7813907,-1.2568378,-15.235215,0.1481483,0.81659454,0.26149562,0.4927936
1.0062473,-0.5116399,-14.948739,0.6393796,0.5257938,-0.52588797,0.19538827
0.7818312,-1.2569901,-15.235216,0.14818925,0.8164122,0.26157373,0.49304187
1.0061156,-0.5117882,-14.948702,0.63944495,0.5256634,-0.5259212,0.19543572
0.7822504,-1.257135,-15.235216,0.14828263,0.8162811,0.26159674,0.4932187
1.0061787,-0.5117413,-14.948666,0.63939774,0.5255155,-0.52609897,0.19550969
0.7826498,-1.2572731,-15.235216,0.14830597,0.8161653,0.26167998,0.49335906
1.0062406,-0.5116953,-14.948629,0.63937074,0.5253867,-0.5262542,0.19552644
0.7838643,-1.2566563,-15.235217,0.14833099,0.81602293,0.26171124,0.4935705
1.006109,-0.51165026,-14.948594,0.6393716,0.52532977,-0.52631986,0.19549978
0.7842388,-1.256044,-15.235218,0.14826812,0.815983,0.26169822,0.49366224
1.0061723,-0.5117984,-14.948559,0.6393696,0.5251663,-0.5264785,0.19551814
0.78457856,-1.2563142,-15.235218,0.1484004,0.8158757,0.26178268,0.49375504
1.0060421,-0.51175123,-14.948524,0.639434,0.52503216,-0.5265795,0.19539595
0.78488773,-1.25656,-15.235218,0.14856164,0.81584656,0.26175708,0.49376827
1.0061067,-0.5118973,-14.948492,0.6394486,0.52481127,-0.5267771,0.1954086
0.78516984,-1.2567842,-15.235218,0.1487894,0.8158032,0.2617207,0.4937908
1.006179,-0.5120605,-14.948454,0.6394562,0.5246314,-0.5269678,0.19535282
0.78633004,-1.257005,-15.235218,0.14896317,0.8156953,0.26169562,0.49392974
1.0064602,-0.5120026,-14.94842,0.63929975,0.5244904,-0.5272947,0.19536142
0.7865002,-1.2572043,-15.235218,0.1491248,0.81569445,0.2616486,0.4939074
1.0065211,-0.51194715,-14.948385,0.63925487,0.5243541,-0.5274834,0.19536476
0.78684455,-1.257532,-15.235218,0.14946455,0.815721,0.26138836,0.4938986
1.0066729,-0.5123392,-14.948302,0.63931197,0.5239931,-0.5277909,0.19531581
0.7879157,-1.2567548,-15.235218,0.14963202,0.81574386,0.2612004,0.49390954
1.007054,-0.5122488,-14.948257,0.63928044,0.5238104,-0.5279981,0.19534913
0.7889901,-1.255975,-15.23522,0.14979978,0.81580275,0.2609942,0.49387053
1.0074515,-0.5121545,-14.948211,0.6392861,0.5236685,-0.5280963,0.19544554
0.7889073,-1.2563096,-15.23522,0.1500026,0.81583256,0.26087666,0.4938217
1.0075121,-0.51206446,-14.948166,0.63932353,0.52353066,-0.52816445,0.19550847
0.78987545,-1.2566229,-15.23522,0.15022165,0.81583536,0.26077563,0.49380395
1.0075701,-0.51197803,-14.948122,0.6394175,0.5233412,-0.52824295,0.19549589
0.7896939,-1.2558618,-15.23522,0.15027614,0.81591815,0.26059756,0.4937444
1.0079901,-0.5118839,-14.948075,0.639488,0.52316123,-0.5283246,0.19552664
0.78954,-1.2562033,-15.23522,0.15041092,0.81602114,0.26045412,0.4936089
1.0084894,-0.51221246,-14.94802,0.6396008,0.52296674,-0.5283648,0.19556922
0.7894089,-1.2564943,-15.23522,0.15061115,0.81613624,0.26028836,0.49344495
1.009016,-0.51207215,-14.947962,0.63973504,0.5227969,-0.52838665,0.19552515
0.7884064,-1.2567437,-15.23522,0.15074241,0.81633943,0.26008078,0.49317816
1.0095601,-0.51245713,-14.948431,0.6399059,0.5225572,-0.5284177,0.19552292
0.78754216,-1.2569588,-15.23522,0.15091547,0.8165497,0.25987425,0.4928859
1.0101268,-0.51285803,-14.948919,0.6401048,0.5223704,-0.5283843,0.19546145
0.7875967,-1.2571453,-15.23522,0.15109704,0.81679773,0.25955528,0.49258724
1.0100763,-0.51322436,-14.949366,0.64036655,0.52215075,-0.5283281,0.19534266
0.78764415,-1.2573075,-15.23522,0.15130714,0.8170554,0.2591829,0.49229154
1.0100312,-0.513012,-14.949225,0.6406118,0.52196527,-0.5282798,0.19516481
0.7855108,-1.2567245,-15.234494,0.1514641,0.8177259,0.25844255,0.49151868
1.009478,-0.5128216,-14.949099,0.64097905,0.52205473,-0.527917,0.19470085
0.78432566,-1.2562124,-15.233858,0.15158552,0.81835216,0.25773898,0.49080768
1.0089804,-0.5126503,-14.948985,0.6412669,0.52217644,-0.5276147,0.19424546
0.78262615,-1.2557607,-15.233297,0.15171523,0.8190369,0.25705755,0.4899822
1.0085317,-0.5124959,-14.948883,0.6415518,0.52226466,-0.52732867,0.19384392
0.7817431,-1.2553608,-15.2328005,0.15191285,0.81966925,0.25636804,0.48922426
1.0081259,-0.5123562,-14.94879,0.641817,0.5223413,-0.5270698,0.1934632
0.7809584,-1.2555959,-15.232359,0.15219511,0.82026654,0.255814,0.48842472
1.007758,-0.51264733,-14.948707,0.642082,0.52240425,-0.526814,0.19311035
0.77969784,-1.2552446,-15.231965,0.15232249,0.82085323,0.2553317,0.48765117
1.0074238,-0.512515,-14.94863,0.6422918,0.5224958,-0.5265914,0.19277142
0.7791031,-1.2549304,-15.231613,0.15257943,0.82139164,0.25488454,0.4868975
1.0074964,-0.51239455,-14.948561,0.6424612,0.5225477,-0.52644235,0.19247344
0.7785694,-1.2541422,-15.2312975,0.15273793,0.8219031,0.25447562,0.48619816
1.0075625,-0.5119264,-14.948498,0.6425859,0.52262306,-0.5263303,0.19215868
0.77808905,-1.2539136,-15.231013,0.15306157,0.8223343,0.2542269,0.48549694
1.0072829,-0.51183856,-14.948441,0.64273196,0.52264684,-0.52623343,0.19187038
0.7771209,-1.2541863,-15.230734,0.15346934,0.82272744,0.2540128,0.48481375
1.0070266,-0.51175797,-14.948387,0.64291304,0.52264756,-0.52613926,0.19152021
0.77612466,-1.2544669,-15.230447,0.1537369,0.8231589,0.253812,0.48410124
1.0067914,-0.5119911,-14.9483385,0.64310825,0.52262133,-0.5260523,0.1911744
0.7750895,-1.2547585,-15.230148,0.15395463,0.82352704,0.25363907,0.4834961
1.0065749,-0.5122054,-14.948294,0.6433231,0.52257043,-0.52598655,0.19077133
0.77394915,-1.2543828,-15.22982,0.15417719,0.8238613,0.25349796,0.48292932
1.0063756,-0.5124029,-14.948253,0.64353657,0.52248687,-0.5259327,0.19042838
0.77280325,-1.2547604,-15.229489,0.15442324,0.8240983,0.2534503,0.4824712
1.006455,-0.5125851,-14.9482155,0.64371693,0.5223021,-0.5260163,0.19009493
0.7716623,-1.2551361,-15.22916,0.15482047,0.8242525,0.25339246,0.48211077
1.0062782,-0.5127534,-14.94818,0.64389265,0.5220946,-0.52613163,0.18974982
0.7705399,-1.2555058,-15.228837,0.15513009,0.8244749,0.25323543,0.48171338
1.0063523,-0.512434,-14.948147,0.64396703,0.52185184,-0.5264005,0.18941948
0.7694501,-1.2558647,-15.228522,0.15527381,0.824643,0.25322276,0.48138574
1.0064209,-0.5128152,-14.948116,0.644124,0.52142966,-0.5266932,0.18923435
0.76840645,-1.2562085,-15.228222,0.15546091,0.824752,0.2532456,0.4811267
1.0064845,-0.51295435,-14.948089,0.64423287,0.52102906,-0.5270274,0.18903689
0.7684639,-1.2565118,-15.227957,0.1556481,0.8247845,0.25317365,0.4810483
1.0065519,-0.5131017,-14.948059,0.64430994,0.52059746,-0.5274207,0.18886623
0.76748425,-1.2567999,-15.227704,0.15577768,0.82481605,0.25319347,0.4809417
1.0068867,-0.51326334,-14.948026,0.6443087,0.52014804,-0.52792394,0.18870251
0.76764053,-1.2570511,-15.227484,0.15584081,0.824809,0.2530468,0.48101047
1.0072634,-0.5134451,-14.947989,0.64431214,0.5196927,-0.5284119,0.18857971
0.7667233,-1.2572879,-15.227276,0.15591107,0.82480925,0.25298667,0.48101896
1.0076886,-0.51365036,-14.947948,0.644251,0.5192478,-0.5289628,0.18846998
0.7658699,-1.2575082,-15.227084,0.15584189,0.8247761,0.25299063,0.48109612
1.0081646,-0.51388013,-14.947903,0.64420253,0.5187904,-0.5294873,0.18842182
0.7662151,-1.2576953,-15.226919,0.1558157,0.8247315,0.25289223,0.48123285
1.0082157,-0.51411813,-14.947855,0.6442331,0.5182904,-0.5299804,0.18830705
0.7654128,-1.2567455,-15.226767,0.15575051,0.8246848,0.25280544,0.4813795
1.0087744,-0.5143767,-14.9478035,0.64422244,0.5178369,-0.5304795,0.1881861
0.76581275,-1.2559394,-15.226637,0.15559377,0.8244953,0.25290462,0.4817025
1.0100062,-0.5146688,-14.947744,0.6441788,0.5172878,-0.5311031,0.1880868
0.76615006,-1.2573133,-15.225501,0.15561998,0.82428116,0.2531433,0.48193508
1.0114172,-0.51500356,-14.946943,0.64413524,0.51684785,-0.5316219,0.18797965
0.76567966,-1.2566537,-15.224634,0.1553035,0.8240936,0.25337282,0.48223737
1.0135417,-0.51573133,-14.945202,0.64429915,0.5160621,-0.5323637,0.1874765
0.76498324,-1.2569329,-15.224742,0.15514992,0.82404375,0.2535041,0.4823029
1.0141318,-0.51715994,-14.944324,0.64455944,0.515734,-0.53244877,0.18724307
0.7654005,-1.257169,-15.2248335,0.15506698,0.8239391,0.25369006,0.48241064
1.0146654,-0.51737255,-14.944609,0.64475375,0.51551473,-0.5325246,0.1869618
0.7647849,-1.2583541,-15.224914,0.1551373,0.8238938,0.25383317,0.48239017
1.0163096,-0.5175726,-14.944876,0.64497995,0.51546746,-0.53242993,0.18658112
0.76421565,-1.2584417,-15.224987,0.15506914,0.82389337,0.2538782,0.48238906
1.0178373,-0.51775837,-14.945125,0.64512575,0.51552016,-0.532335,0.18620206
0.7646894,-1.2585162,-15.225049,0.15504465,0.82387453,0.25389948,0.48241794
1.0179688,-0.517921,-14.945343,0.6452852,0.5156517,-0.5321399,0.18584254
0.7636551,-1.2586467,-15.225159,0.15499896,0.8238798,0.2539255,0.48241
1.0160655,-0.5181692,-14.945675,0.6455399,0.5161419,-0.5315797,0.18519974
0.76323044,-1.2587003,-15.226153,0.15501411,0.8238644,0.25391096,0.48243904
1.015335,-0.51723063,-14.945803,0.64555347,0.51656187,-0.5312374,0.18496324
0.7628611,-1.2587469,-15.227018,0.15493144,0.823894,0.2539038,0.48241872
1.0147156,-0.5174171,-14.94591,0.64562887,0.51687455,-0.53088045,0.18485154
0.76251614,-1.2587904,-15.22688,0.15491593,0.8238689,0.25386629,0.4824864
1.0132543,-0.516643,-14.946003,0.6457038,0.5172174,-0.5305143,0.18468167
0.7621962,-1.2588308,-15.226751,0.15496075,0.82385963,0.25381142,0.48251665
1.0128871,-0.51686543,-14.946082,0.6457489,0.5174786,-0.53020155,0.18469058
0.7628481,-1.2597904,-15.227568,0.1550446,0.82377017,0.2537751,0.48266155
1.0125706,-0.51621515,-14.94615,0.6457595,0.51777864,-0.52988523,0.18472049
0.762529,-1.2597353,-15.227389,0.15507244,0.82369614,0.25372443,0.48280555
1.0122962,-0.51645154,-14.946209,0.64582044,0.5180193,-0.5295767,0.18471764
0.76392335,-1.2605228,-15.227234,0.15518238,0.82314295,0.2537822,0.4836825
1.0120572,-0.51665735,-14.94626,0.6457589,0.5183816,-0.5292064,0.18497768
0.7659261,-1.2596197,-15.227894,0.15520652,0.82265913,0.25375202,0.48451313
1.0118481,-0.5161155,-14.946305,0.64566255,0.5187085,-0.5289376,0.18516596
0.76691824,-1.2588323,-15.2277155,0.1551769,0.82228225,0.253737,0.48516977
1.0116644,-0.51563936,-14.946344,0.6456407,0.5189522,-0.52866673,0.18533291
0.7685027,-1.2581431,-15.228274,0.15514192,0.82189846,0.25373444,0.4858321
1.0115024,-0.51521933,-14.94638,0.6455676,0.5191399,-0.52852064,0.1854788
0.7704913,-1.257002,-15.2292,0.15511757,0.82124704,0.25372157,0.48694694
1.0112312,-0.5145167,-14.946438,0.6455083,0.5194342,-0.5282444,0.18564783
0.77162164,-1.2571416,-15.229586,0.15516225,0.8209405,0.25374666,0.48743626
1.0111175,-0.51422185,-14.946462,0.6454874,0.5195403,-0.5281437,0.18571003
0.7726269,-1.2572658,-15.229928,0.15517934,0.82065284,0.25375745,0.4879093
1.0110157,-0.513958,-14.946485,0.64548725,0.51961017,-0.52804303,0.1858014
0.773524,-1.2573767,-15.230233,0.15524493,0.8203291,0.25380367,0.48840857
1.0109242,-0.51372117,-14.946505,0.64552,0.5196444,-0.5279645,0.18581526
0.7743271,-1.2569498,-15.230506,0.1551923,0.8199906,0.25385702,0.48896584
1.010842,-0.51350796,-14.946522,0.64556813,0.519667,-0.5278818,0.18581963
0.77504826,-1.2565664,-15.230752,0.15515725,0.81966007,0.25391287,0.48950177
1.0103128,-0.51331556,-14.946538,0.6456168,0.51968366,-0.52781963,0.18578032
0.77569777,-1.2566959,-15.230972,0.15517487,0.8192664,0.2540339,0.490092
1.0098337,-0.51357365,-14.946552,0.64567643,0.5196816,-0.52774894,0.18577972
0.77583313,-1.2568129,-15.231624,0.15519099,0.81895304,0.25408107,0.49058586
1.0093992,-0.51339716,-14.946976,0.64571655,0.5196838,-0.5277003,0.1857722
0.7764741,-1.2561973,-15.232747,0.15503953,0.8184107,0.2540955,0.49153048
1.0086437,-0.51383615,-14.947713,0.64582384,0.51965296,-0.5275958,0.1857823
0.7769458,-1.2563179,-15.232847,0.15509774,0.81811935,0.2542407,0.4919219
1.0086669,-0.5136752,-14.948033,0.6458426,0.51963913,-0.52757734,0.18580835
0.7773758,-1.2564275,-15.232938,0.15518706,0.8178286,0.25438273,0.49230364
1.0090225,-0.5135279,-14.948326,0.64584,0.5196387,-0.527563,0.18585922
0.7782748,-1.256972,-15.233038,0.15528522,0.81757337,0.25454247,0.49261394
1.0090307,-0.5137106,-14.948596,0.6458634,0.51963335,-0.5275252,0.18590014
0.7787598,-1.2570803,-15.233145,0.15531357,0.81744236,0.25465584,0.49276382
1.0090383,-0.5138784,-14.948844,0.64589965,0.51960427,-0.5274893,0.1859575
0.7792503,-1.2576897,-15.2332535,0.15543038,0.81727874,0.25482497,0.49291098
1.0087587,-0.51403284,-14.949072,0.64596,0.51958334,-0.52742976,0.18597516
0.7797604,-1.2577752,-15.233366,0.15545484,0.8171613,0.25494483,0.49303594
1.0087732,-0.5139028,-14.949009,0.64601046,0.5195573,-0.5273912,0.18598206
0.78097486,-1.2578704,-15.233491,0.15552847,0.81704795,0.25501913,0.4931621
1.0087867,-0.5137827,-14.948952,0.64602387,0.51954705,-0.5273754,0.18600877
0.7814933,-1.2579651,-15.233616,0.15550438,0.81701595,0.2550433,0.49321023
1.0087992,-0.51391757,-14.948898,0.64607716,0.5194915,-0.5273587,0.18602607
0.78200346,-1.2580583,-15.233738,0.15549693,0.8170548,0.25500938,0.4931658
1.0090443,-0.5140424,-14.948849,0.6461352,0.51942855,-0.52733916,0.18605566
0.78336513,-1.2581557,-15.233866,0.15567076,0.8170714,0.25488836,0.49314603
1.0090495,-0.5141581,-14.948803,0.6462159,0.5193466,-0.52731967,0.18605958
0.7829737,-1.2582402,-15.233977,0.15571125,0.8172815,0.2546529,0.49290672
1.0088437,-0.51426554,-14.948761,0.6463239,0.519265,-0.52726626,0.18606327
0.7834103,-1.2575158,-15.234081,0.1556689,0.81743246,0.25450584,0.4927456
1.0086523,-0.51436526,-14.948921,0.64642847,0.519177,-0.52722365,0.18606664
0.78382397,-1.2568294,-15.23418,0.15572049,0.81751704,0.25435048,0.49266917
1.0086647,-0.5144591,-14.949073,0.6465267,0.5190674,-0.5271997,0.18609929
0.78339344,-1.2570231,-15.234265,0.15588936,0.81761724,0.254208,0.49252304
1.0084846,-0.51435876,-14.949221,0.6465942,0.51897264,-0.527207,0.18610814
0.78380096,-1.2572069,-15.235164,0.15599322,0.81770575,0.25405288,0.49242324
1.0085025,-0.51446515,-14.949385,0.64665437,0.5188762,-0.5272223,0.18612473
0.78419566,-1.2565213,-15.2360325,0.15601802,0.81779224,0.2538595,0.4923715
1.0085205,-0.5143486,-14.949549,0.6467042,0.51877046,-0.5272618,0.18613438
0.78457195,-1.2567723,-15.236861,0.15614249,0.8178327,0.25373524,0.49232882
1.0082859,-0.51421875,-14.949732,0.6467742,0.5186767,-0.5272783,0.18610547
0.78492934,-1.2560625,-15.237648,0.15611191,0.81788254,0.25359955,0.49232566
1.0083159,-0.51436603,-14.949938,0.6467939,0.5185928,-0.52732533,0.18613759
0.7843345,-1.2563555,-15.238322,0.15618232,0.81791955,0.25350043,0.49229285
1.0079939,-0.5145405,-14.95018,0.6468832,0.51849294,-0.52731293,0.18614092
0.7838224,-1.2566078,-15.238901,0.1561717,0.8179429,0.25346994,0.49227318
1.0080467,-0.51472676,-14.950439,0.6469141,0.5184258,-0.5273282,0.18617716
0.7833792,-1.257639,-15.239404,0.15622847,0.817937,0.2535225,0.4922379
1.007642,-0.5149357,-14.95073,0.6469982,0.5183454,-0.527293,0.18620822
0.78380036,-1.2569339,-15.239879,0.15614697,0.8179246,0.2535181,0.49228662
1.0071998,-0.51516396,-14.951049,0.64702827,0.51830024,-0.52729195,0.18623276
0.7841929,-1.257994,-15.240322,0.15619777,0.81786275,0.25362718,0.49231705
1.0073215,-0.51539254,-14.951367,0.6470197,0.51826656,-0.52731246,0.18629776
0.7845672,-1.2581058,-15.240745,0.15622647,0.81783557,0.2536424,0.4923452
1.0074427,-0.51562,-14.951685,0.6470561,0.5182082,-0.5272967,0.18637836
0.78592646,-1.258217,-15.241165,0.15629184,0.8177596,0.25371605,0.49241287
1.0069079,-0.515856,-14.952013,0.64705485,0.5182095,-0.52729243,0.18639126
0.7861501,-1.2583127,-15.24058,0.15636547,0.8176481,0.2538505,0.4925051
1.0076915,-0.5160653,-14.952305,0.64704114,0.51811224,-0.52734447,0.18656209
0.78634465,-1.258396,-15.24007,0.15642232,0.8175455,0.253961,0.4926005
1.0077914,-0.5156474,-14.952568,0.647011,0.5180777,-0.5273821,0.18665601
0.7874651,-1.2594131,-15.239596,0.15652321,0.8173748,0.25414744,0.4927556
1.0078896,-0.51587325,-14.952827,0.6470089,0.51803017,-0.5273931,0.18676431
0.78753406,-1.2593919,-15.239183,0.15657236,0.8172579,0.2542971,0.49285674
1.0079857,-0.5160941,-14.953081,0.64702296,0.5179701,-0.5273943,0.18687882
0.78759474,-1.2593733,-15.238819,0.156593,0.8171398,0.25448665,0.49294814
1.0080789,-0.51630855,-14.953326,0.6470331,0.51791286,-0.5273982,0.186991
0.78764766,-1.260206,-15.238502,0.156668,0.81696564,0.25474387,0.49308005
1.0074316,-0.5165197,-14.9535675,0.64707065,0.51783943,-0.5273961,0.18707035
0.78863347,-1.2601073,-15.239117,0.15671183,0.8167671,0.25497633,0.49327475
1.0075829,-0.51751757,-14.953806,0.6470604,0.5177715,-0.52743113,0.18719482
0.7885907,-1.2600179,-15.239674,0.1567036,0.8166383,0.25518543,0.49338254
1.0077249,-0.5176467,-14.95403,0.64702296,0.5177484,-0.52746046,0.1873058
0.7895188,-1.2609023,-15.239225,0.15671973,0.8164482,0.25543863,0.49356088
1.0070215,-0.5177695,-14.954244,0.64700633,0.5177418,-0.52745855,0.18738693
0.7893865,-1.2607312,-15.239785,0.1566461,0.81621546,0.25574395,0.49381113
1.0072201,-0.5178829,-14.954441,0.64696103,0.5177555,-0.5274863,0.18742706
0.79029346,-1.2616004,-15.24033,0.15661138,0.8158929,0.25612807,0.4941561
1.0074033,-0.51798743,-14.954621,0.6469199,0.5177824,-0.5274826,0.18750513
0.79114974,-1.2613255,-15.240844,0.15646163,0.8156057,0.25644043,0.49451548
1.0075791,-0.5189912,-14.954795,0.64687693,0.51779217,-0.527495,0.18759154
0.7919465,-1.2610698,-15.241321,0.1562946,0.8153409,0.2567429,0.49484792
1.0068239,-0.51899725,-14.954954,0.64683485,0.51781154,-0.52750593,0.18765251
0.79398245,-1.2608223,-15.241783,0.15630588,0.8149446,0.25704938,0.49533778
1.0070459,-0.5181316,-14.955091,0.6467508,0.5178552,-0.5275462,0.18770841
0.795821,-1.2619141,-15.240886,0.1562703,0.814595,0.25738403,0.49575004
1.0072377,-0.51821107,-14.955211,0.6466916,0.5178763,-0.5275818,0.18775403
0.79747,-1.2628932,-15.240081,0.15622741,0.8142514,0.25766888,0.4961799
1.00819,-0.5182801,-14.955314,0.64662445,0.5178879,-0.5276357,0.18780205
0.7989628,-1.2623373,-15.240794,0.15614407,0.8140081,0.25771153,0.49658293
1.0090208,-0.5175936,-14.955404,0.646561,0.517893,-0.5277031,0.18781692
0.8002577,-1.2633272,-15.239941,0.15612832,0.81380296,0.2578744,0.4968396
1.0090395,-0.51770145,-14.9554825,0.64652467,0.5178747,-0.5277573,0.18784036
0.7999012,-1.2627251,-15.239255,0.15597934,0.81372803,0.25792006,0.49698538
1.0097297,-0.5171225,-14.955552,0.64646935,0.51785153,-0.5278387,0.187866
0.8009989,-1.2622087,-15.238666,0.1560462,0.8136143,0.25789085,0.4971658
1.0096993,-0.51661104,-14.955613,0.64642763,0.5178326,-0.5278974,0.18789676
0.8019521,-1.2617604,-15.238155,0.15615633,0.81351835,0.25784597,0.49731138
1.0102806,-0.51676565,-14.955059,0.6463825,0.51778674,-0.5279817,0.18794158
0.80277616,-1.2613728,-15.237713,0.15622535,0.8134673,0.25772318,0.49743685
1.0107979,-0.51632553,-14.954566,0.64632154,0.5177574,-0.5280701,0.18798344
0.80348563,-1.2610391,-15.237332,0.15623376,0.8134076,0.257734,0.4975263
1.0107108,-0.5164814,-14.954126,0.64629805,0.51770985,-0.5281297,0.18802775
0.80461395,-1.2605084,-15.236728,0.15630367,0.8132637,0.25755313,0.49783307
1.012048,-0.5167464,-14.953378,0.6461393,0.51753414,-0.5284269,0.18822189
0.8036028,-1.2588847,-15.236505,0.15616442,0.81324387,0.25745478,0.49796006
1.0123827,-0.51733,-14.953058,0.64609003,0.5173548,-0.52860135,0.18839416
0.8056105,-1.2589302,-15.236313,0.15631883,0.813066,0.2573325,0.49826524
1.0131322,-0.5174102,-14.95277,0.6459642,0.51718783,-0.5288614,0.1885541
0.8058828,-1.2589692,-15.236149,0.15648124,0.81301415,0.25721934,0.4983573
1.0133864,-0.5174829,-14.952508,0.6458551,0.5169969,-0.5291397,0.18867044
0.8076143,-1.260318,-15.23588,0.15663816,0.81306285,0.25682044,0.4984342
1.0143137,-0.5176194,-14.952852,0.64558494,0.5164483,-0.529874,0.18903631
0.8075839,-1.2601423,-15.235778,0.15662113,0.8131896,0.25661677,0.4983376
1.014546,-0.5176923,-14.953036,0.6454796,0.5161369,-0.5302704,0.18913536
0.8075584,-1.2599951,-15.235692,0.15662247,0.81329834,0.25632802,0.49830836
1.0153892,-0.5177747,-14.953244,0.645414,0.5157828,-0.5306271,0.18932506
0.80753696,-1.2598714,-15.2356205,0.15661654,0.8133899,0.2561493,0.49825272
1.0155951,-0.51728404,-14.953434,0.6453945,0.5154886,-0.53092355,0.18936089
0.80751926,-1.2597688,-15.237005,0.15658073,0.8134476,0.25598672,0.49825343
1.0158006,-0.5173946,-14.953624,0.64540136,0.51514083,-0.53121686,0.18946145
0.80750436,-1.259683,-15.238165,0.1565774,0.8135447,0.25585192,0.49816507
1.0160038,-0.517504,-14.953812,0.64544916,0.51484275,-0.5314517,0.18945055
0.8074921,-1.2582357,-15.23912,0.15655199,0.8136401,0.2556975,0.4980965
1.0155827,-0.5176011,-14.953979,0.64551836,0.51461643,-0.53160733,0.18939279
0.8074817,-1.2583712,-15.239933,0.15654321,0.8136902,0.255647,0.4980434
1.0157919,-0.51769316,-14.954137,0.6455249,0.51432115,-0.53189987,0.18935108
0.8074728,-1.2584871,-15.240627,0.15658396,0.8137347,0.25555328,0.49800587
1.0159982,-0.517784,-14.954293,0.6455503,0.51408774,-0.53209996,0.18933673
0.8089226,-1.2585936,-15.241265,0.15667348,0.8137585,0.255524,0.4979539
1.0162001,-0.5178728,-14.954445,0.645537,0.5138444,-0.53235525,0.1893249
0.8073208,-1.2586794,-15.241781,0.15673943,0.813897,0.2554275,0.4977562
1.0164021,-0.5186848,-14.954597,0.6455502,0.51359105,-0.53258497,0.18932119
0.80733424,-1.2587492,-15.2422,0.15680143,0.814008,0.25536954,0.497585
1.0165952,-0.5187136,-14.954743,0.645535,0.5133854,-0.53282475,0.18925595
0.8073453,-1.2588068,-15.242546,0.15698023,0.8139324,0.2555007,0.497585
1.0176244,-0.5187431,-14.954892,0.64542735,0.5128634,-0.5334946,0.18915127
0.8051674,-1.2588941,-15.243069,0.1571747,0.8139539,0.25554994,0.49746308
1.0196686,-0.51880175,-14.95519,0.64517665,0.5121516,-0.53451717,0.18904845
0.8054207,-1.2589272,-15.243269,0.15726416,0.8139334,0.25558332,0.49745125
1.0206424,-0.5188297,-14.955331,0.6450267,0.5118434,-0.53500026,0.18902814
0.8046069,-1.2589552,-15.243437,0.15733457,0.8139316,0.25552687,0.49746075
1.020453,-0.518854,-14.955455,0.6450007,0.5115818,-0.53531957,0.18892126
0.8048924,-1.2589791,-15.243578,0.15738556,0.81389344,0.25548413,0.4975291
1.0213764,-0.5188771,-14.955572,0.64495593,0.51128495,-0.53569394,0.18881631
0.8051361,-1.2599264,-15.243699,0.15753745,0.813857,0.25543442,0.49756604
1.0222387,-0.5188986,-14.955681,0.64470536,0.5111642,-0.53610694,0.18882689
0.80535173,-1.2589488,-15.243807,0.15757084,0.8138435,0.25533196,0.49763033
1.0230324,-0.51891845,-14.955782,0.6446161,0.5110178,-0.5363476,0.18884455
0.80467457,-1.2589704,-15.243899,0.15763843,0.81382376,0.25524196,0.49768734
1.0237628,-0.5202213,-14.955874,0.64461774,0.51084524,-0.5364619,0.18898086
0.80491143,-1.2589893,-15.24398,0.15773062,0.81375444,0.25516576,0.49781045
1.0258485,-0.5200517,-14.955961,0.6444633,0.51066595,-0.53671634,0.18926983
0.8051339,-1.2590071,-15.244057,0.15779875,0.81369823,0.25507998,0.4979247
1.0262387,-0.5199049,-14.956037,0.64436704,0.51066995,-0.5367788,0.18940945
0.80534154,-1.2590237,-15.244127,0.15784442,0.8136079,0.25504157,0.4980775
1.0265752,-0.5197783,-14.9561,0.6442726,0.5106003,-0.53687835,0.18963608
0.8065168,-1.2590402,-15.244199,0.15792471,0.81349146,0.25504237,0.49824184
1.0268656,-0.5211209,-14.956158,0.6442511,0.5105322,-0.5369386,0.189722
0.8076689,-1.2590564,-15.244269,0.15794282,0.81330705,0.2551388,0.49848777
1.0287124,-0.5223604,-14.956209,0.6440428,0.510503,-0.53710055,0.19004919
0.80764157,-1.259071,-15.244331,0.15802506,0.81311166,0.2552391,0.49872896
1.0286772,-0.523393,-14.956252,0.6439209,0.5106016,-0.53704196,0.19036269
0.80874705,-1.2590849,-15.244391,0.15809022,0.8128624,0.2554253,0.49901927
1.0302655,-0.5226626,-14.95629,0.6436771,0.51068884,-0.53712624,0.19071476
0.80971086,-1.2602154,-15.243325,0.15828887,0.8125302,0.25572768,0.49934235
1.0299822,-0.52208453,-14.956319,0.64344865,0.5107737,-0.53724414,0.19092627
0.8105673,-1.2600954,-15.242377,0.15831138,0.8122108,0.25596833,0.49973124
1.0297542,-0.52161926,-14.956343,0.6433293,0.5107973,-0.53726476,0.19120671
0.8113303,-1.261123,-15.241532,0.15839364,0.8118153,0.25627497,0.5001906
1.0295682,-0.5212395,-14.956362,0.64312077,0.51089585,-0.5373008,0.19154398
0.8120148,-1.2620449,-15.240774,0.15845262,0.8113989,0.25659811,0.50068164
1.0308177,-0.5195137,-14.956378,0.64281285,0.5110216,-0.53742486,0.19189356
0.81396276,-1.2629446,-15.240035,0.15851615,0.81096077,0.25695917,0.50118583
1.0319353,-0.5194434,-14.956392,0.6425456,0.51111543,-0.5375347,0.19223082
0.8143674,-1.2624493,-15.2394,0.15822959,0.8106413,0.25725728,0.50164026
1.0314349,-0.5207863,-14.956404,0.64238167,0.51117444,-0.53750384,0.19270769
0.81612617,-1.2619822,-15.240179,0.1580588,0.810246,0.25751996,0.50219756
1.0324388,-0.52052593,-14.956414,0.6421151,0.51135635,-0.53748924,0.19315338
0.8177304,-1.2630223,-15.239424,0.15806818,0.80958396,0.2579299,0.50305116
1.0333188,-0.5202977,-14.956424,0.6416719,0.51152176,-0.53758615,0.19391727
0.8191444,-1.2624141,-15.238757,0.15785883,0.8089549,0.2582737,0.5039518
1.0340822,-0.52009964,-14.956431,0.6411795,0.51172566,-0.53775644,0.1945351
0.8203752,-1.2618848,-15.238177,0.15767805,0.8083246,0.25875047,0.5047745
1.0347029,-0.51845753,-14.956438,0.6407476,0.51185036,-0.5380088,0.19493179
0.8232391,-1.2631321,-15.237645,0.15756072,0.8078073,0.25919572,0.50541025
1.0352405,-0.5185518,-14.956444,0.64043057,0.51192415,-0.5382106,0.19522242
0.8257296,-1.2623777,-15.239021,0.15741625,0.8072702,0.25956607,0.506123
1.0357025,-0.51863277,-14.956449,0.64018345,0.51197016,-0.5383585,0.19550414
0.82783514,-1.2617399,-15.238262,0.1571484,0.8068609,0.26002878,0.5066211
1.0377147,-0.51870346,-14.9548435,0.6397289,0.51204705,-0.53878355,0.19561982
0.8317665,-1.2632792,-15.2376,0.15722468,0.80632293,0.2605263,0.50719804
1.0394541,-0.51876456,-14.953456,0.63939404,0.5121472,-0.5390264,0.19578345
0.83503926,-1.2645608,-15.237049,0.15722774,0.80597854,0.26084697,0.5075795
1.04094,-0.51881677,-14.952271,0.63896817,0.5122043,-0.5394668,0.19581138
0.83763933,-1.2632709,-15.236611,0.15702668,0.80581135,0.2610518,0.50780183
1.0404568,-0.5172163,-14.951347,0.6387787,0.51219785,-0.53979725,0.19553551
0.83731776,-1.2623225,-15.236288,0.15689951,0.8057257,0.26116842,0.5079171
1.0416607,-0.5159283,-14.9506035,0.6385253,0.51223487,-0.5401166,0.19538416
0.83936775,-1.2615712,-15.236033,0.15683138,0.8055276,0.26140437,0.5081309
1.042699,-0.516464,-14.949964,0.6383257,0.5121535,-0.5404197,0.19541143
0.83865345,-1.2610245,-15.235848,0.1567646,0.8054552,0.26148134,0.50822675
1.0435839,-0.5169204,-14.949416,0.6380567,0.5121521,-0.5407381,0.19541305
0.8381217,-1.2606174,-15.23571,0.15665476,0.8053775,0.26171288,0.5082645
1.0426679,-0.51727766,-14.948988,0.6379325,0.5119947,-0.541116,0.19518466
0.837719,-1.2603093,-15.235605,0.15665518,0.8052964,0.26184708,0.5083237
1.0434887,-0.5160051,-14.948644,0.63760865,0.511835,-0.5416771,0.19510561
0.8395286,-1.2621952,-15.235521,0.15672414,0.8051493,0.26198813,0.5084628
1.0459534,-0.51654804,-14.948326,0.6374478,0.5116364,-0.54200834,0.19523236
0.838838,-1.263589,-15.235459,0.15687108,0.80508184,0.26200655,0.5085148
1.0462701,-0.51699704,-14.948064,0.63735974,0.51146436,-0.54235303,0.19501309
0.84035355,-1.2626404,-15.235409,0.15688139,0.805028,0.2618794,0.50866234
1.0465316,-0.5173676,-14.947846,0.63724625,0.51108736,-0.5428652,0.19494694
0.83951414,-1.2639023,-15.235371,0.15744698,0.80586475,0.2605775,0.50783044
1.0486132,-0.5176928,-14.947657,0.6371568,0.5092148,-0.54470605,0.19500464
0.83700967,-1.2611147,-15.237213,0.15748939,0.8066554,0.25957668,0.50707406
1.050383,-0.5179692,-14.9474945,0.6371786,0.5078183,-0.5459536,0.19508657
0.83509344,-1.2607588,-15.238623,0.15759492,0.80725825,0.25891045,0.50642216
1.0518287,-0.5201943,-14.947363,0.6371867,0.5066198,-0.5470042,0.19523329
0.8352974,-1.260483,-15.239714,0.15785988,0.807654,0.25838846,0.50597495
1.0552256,-0.51993823,-14.94725,0.6370792,0.505658,-0.54795176,0.19542043
0.83385366,-1.2618709,-15.240569,0.15826721,0.80799085,0.25812724,0.50544304
1.0556859,-0.52184314,-14.949263,0.6372648,0.50486046,-0.54843765,0.19551426
0.83271086,-1.2599224,-15.241246,0.15835324,0.8084065,0.25769538,0.5049716
1.0560393,-0.5233067,-14.9508095,0.6372208,0.5041043,-0.54912853,0.19566941
0.8317973,-1.2612592,-15.241787,0.15874355,0.808648,0.25756177,0.5045304
1.0563099,-0.5224181,-14.951993,0.63724,0.5035668,-0.5495964,0.19567698
0.82968515,-1.2609631,-15.242223,0.15891671,0.80900705,0.25732258,0.50402206
1.0586619,-0.5237999,-14.952984,0.6372189,0.50308275,-0.55000854,0.1958328
0.8292718,-1.260722,-15.2425785,0.15906167,0.8092112,0.25707218,0.5037764
1.0583814,-0.5227976,-14.95372,0.63735324,0.50256723,-0.5503629,0.19572368
0.8276916,-1.2605242,-15.242869,0.15919387,0.80947465,0.25687662,0.503411
1.0602757,-0.5240957,-14.9543295,0.6372751,0.5022267,-0.55073243,0.19581287
0.82638425,-1.2615392,-15.243112,0.15936305,0.8096411,0.25687698,0.50308937
1.0596526,-0.5250641,-14.954783,0.63747615,0.5019369,-0.5507908,0.19573697
0.8264144,-1.2612654,-15.243312,0.15947697,0.80975395,0.25680903,0.5029064
1.0591776,-0.52580225,-14.95513,0.6374825,0.50176716,-0.55094033,0.19573061
0.82537585,-1.2610356,-15.243481,0.1596576,0.8098676,0.25668034,0.50273174
1.0608425,-0.52641624,-14.955417,0.6374507,0.5014646,-0.55123544,0.19577874
0.8255091,-1.261852,-15.243624,0.15994784,0.80985916,0.2566887,0.50264883
1.0601251,-0.5268765,-14.955633,0.63761413,0.5013096,-0.55119646,0.19575354
0.82466227,-1.261586,-15.243745,0.16015182,0.8099511,0.25654095,0.50251114
1.0595756,-0.5272291,-14.955798,0.63761723,0.50117433,-0.55132025,0.1957413
0.8239381,-1.2613585,-15.244761,0.16037212,0.8099903,0.25642437,0.5024373
1.0591562,-0.5274982,-14.957724,0.63769215,0.50099146,-0.5514027,0.19573322
0.82331544,-1.2620295,-15.245634,0.16065748,0.81003076,0.25632715,0.5023304
1.0588274,-0.5277091,-14.959232,0.6378177,0.5008809,-0.5513826,0.1956639
0.821954,-1.2626095,-15.246388,0.16089536,0.8100884,0.25625017,0.5022006
1.0603722,-0.5278914,-14.960536,0.6378079,0.50071806,-0.55155134,0.19563693
0.82155347,-1.2631133,-15.247045,0.16121377,0.81009626,0.2561446,0.5021396
1.0616766,-0.5280453,-14.961637,0.63775086,0.5007229,-0.5515737,0.19574688
0.82046103,-1.2635528,-15.247617,0.16150603,0.8101431,0.2559674,0.5020605
1.0608581,-0.5299742,-14.962476,0.63793474,0.50071067,-0.55136347,0.19577171
0.8202092,-1.2632324,-15.248119,0.16184065,0.8101438,0.2557948,0.50203955
1.060227,-0.52974015,-14.963122,0.63790554,0.50083965,-0.5513292,0.19563304
0.81998754,-1.2636209,-15.24856,0.16219191,0.8101464,0.25565884,0.5019913
1.0597305,-0.529556,-14.96363,0.63792,0.50100404,-0.55107856,0.19587113
0.8191546,-1.2639642,-15.248951,0.16256618,0.8101724,0.25549555,0.50191146
1.059333,-0.5294085,-14.964037,0.6378505,0.5011492,-0.5510031,0.19593862
0.81841576,-1.2642686,-15.249297,0.1629148,0.8101964,0.2553742,0.5018214
1.0575036,-0.5292917,-14.96436,0.6377472,0.5014505,-0.5508111,0.19604361
0.81775814,-1.2651147,-15.249606,0.16336308,0.81021273,0.25518927,0.50174326
1.0574782,-0.5291982,-14.964618,0.637644,0.5016417,-0.5506927,0.19622272
0.8177167,-1.2658719,-15.249882,0.16391155,0.81024206,0.25493103,0.5016483
1.0574577,-0.52912265,-14.966194,0.63771266,0.5019648,-0.55019873,0.1965585
0.8170848,-1.2660517,-15.250162,0.16437766,0.81030923,0.25466678,0.5015215
1.0561424,-0.52906114,-14.966179,0.6378296,0.5022101,-0.5497947,0.1966835
0.81640965,-1.2669151,-15.250461,0.16488747,0.81028825,0.25446737,0.5014892
1.0550618,-0.52901053,-14.9661665,0.6377223,0.5027573,-0.5493421,0.19689745
0.8149205,-1.2678355,-15.25078,0.1653303,0.8102974,0.25426337,0.5014321
1.0541669,-0.52779675,-14.966156,0.63758194,0.5033019,-0.5489514,0.19705036
0.8145217,-1.2679914,-15.251372,0.16617924,0.809855,0.25415707,0.50191987
1.0518025,-0.52699137,-14.966141,0.63719404,0.50469196,-0.54808724,0.1971555
0.81550515,-1.2696168,-15.250842,0.16673876,0.8093387,0.25438854,0.5024496
1.0523807,-0.52716655,-14.966135,0.6367923,0.50538564,-0.54786867,0.1972839
0.8163636,-1.2702948,-15.2503805,0.16725762,0.8089001,0.25453222,0.5029105
1.0528727,-0.526361,-14.96613,0.63641816,0.50602585,-0.5476617,0.19742465
0.8164143,-1.2709124,-15.249959,0.16759245,0.80859774,0.2546261,0.50323766
1.0523868,-0.5256718,-14.965219,0.636136,0.50655746,-0.5474837,0.19746456
0.8171662,-1.2714638,-15.249582,0.16798618,0.8082129,0.25475085,0.5036613
1.0519687,-0.52594024,-14.964435,0.6360164,0.50696236,-0.54722816,0.19751899
0.81785095,-1.271966,-15.24924,0.1682818,0.8079102,0.2549126,0.5039662
1.0524255,-0.5261724,-14.963757,0.6357963,0.50730366,-0.5471026,0.19769934
0.818484,-1.2724301,-15.248922,0.16857935,0.8076929,0.25497437,0.50418377
1.0528226,-0.5255967,-14.963168,0.6355731,0.5076168,-0.5470291,0.19781639
0.81974185,-1.2728535,-15.248634,0.16887708,0.8074675,0.25507307,0.5043952
1.0531693,-0.52509403,-14.962654,0.6353525,0.5079132,-0.5469564,0.19796522
0.8202859,-1.2740496,-15.248335,0.16925324,0.80732095,0.2551817,0.50444883
1.0534734,-0.52535486,-14.962202,0.6352222,0.50811523,-0.546858,0.19813661
0.82083875,-1.275265,-15.248031,0.16946083,0.807215,0.25536218,0.50445724
1.0537411,-0.5255846,-14.961804,0.6350576,0.5083142,-0.5468182,0.19826357
0.82138985,-1.2764765,-15.247728,0.16967359,0.8071292,0.2553997,0.504504
1.0539777,-0.5251544,-14.961453,0.6348673,0.50854594,-0.5467998,0.19832958
0.82188886,-1.2766603,-15.247454,0.16976213,0.8070453,0.25548092,0.5045675
1.0541879,-0.52477264,-14.961142,0.6346327,0.50876,-0.54685825,0.1983705
0.8243629,-1.277833,-15.247184,0.17035997,0.80623233,0.25550577,0.5056519
1.0543749,-0.52386117,-14.960292,0.6339556,0.5094878,-0.5469716,0.19835469
0.8267801,-1.2789786,-15.24692,0.17084846,0.80552626,0.25547332,0.5066278
1.0545421,-0.52304673,-14.959533,0.6332723,0.5102841,-0.54701585,0.1983682
0.82910514,-1.2800806,-15.246667,0.17117664,0.80494016,0.25542298,0.5074732
1.0546952,-0.5223001,-14.9588375,0.6326872,0.51100004,-0.54703546,0.19833831
0.8300265,-1.2811043,-15.24643,0.1715145,0.8044955,0.25545534,0.5080476
1.0548632,-0.5214819,-14.958075,0.6320792,0.5117735,-0.5470249,0.19831154
0.8333372,-1.2807542,-15.246223,0.17174183,0.8039717,0.2554714,0.5087914
1.0550438,-0.52060175,-14.957254,0.63155663,0.5125501,-0.5468852,0.1983562
0.8364228,-1.2817675,-15.244691,0.17210044,0.8035302,0.25560364,0.509301
1.0552335,-0.51967794,-14.956394,0.6310936,0.5132407,-0.5467778,0.19834046
0.84058285,-1.2812808,-15.244712,0.17242254,0.8030509,0.25554556,0.5099767
1.0554274,-0.5187327,-14.955514,0.63069725,0.5139389,-0.54651684,0.19851223
0.8444876,-1.2823554,-15.244732,0.17278595,0.8026829,0.25552383,0.51044375
1.0547448,-0.51790977,-14.955599,0.6304675,0.5145571,-0.54615575,0.1986348
0.8463305,-1.283306,-15.244749,0.17289843,0.8025279,0.25548926,0.51066667
1.0549861,-0.5171208,-14.95568,0.6301764,0.5151811,-0.5458253,0.19884902
0.8479289,-1.2841306,-15.244764,0.1730057,0.8023664,0.2555556,0.5108509
1.0542932,-0.51638836,-14.954839,0.6300503,0.5157678,-0.54536676,0.19898571
0.8492273,-1.2831473,-15.244778,0.17293045,0.8023534,0.2553843,0.51098245
1.0536089,-0.5146642,-14.954008,0.6299194,0.5163216,-0.54495037,0.19910485
0.85029036,-1.2823424,-15.244788,0.17283048,0.8023112,0.25525793,0.5111456
1.0529801,-0.51410633,-14.953244,0.6298445,0.5169655,-0.54436237,0.19927964
0.8511654,-1.2816799,-15.244796,0.17265008,0.8022759,0.255193,0.5112945
1.0513377,-0.5125297,-14.9525385,0.6298351,0.5175828,-0.54376,0.19935164
0.853667,-1.2828197,-15.244803,0.1725641,0.8021751,0.255233,0.5114615
1.0509269,-0.5110868,-14.952986,0.629684,0.51819575,-0.5432767,0.19955395
0.85398495,-1.2820467,-15.244809,0.17234324,0.80222183,0.25511518,0.5115215
1.0495435,-0.5109094,-14.953362,0.6296417,0.51880133,-0.5427231,0.1996201
0.85424215,-1.2814214,-15.244814,0.1722702,0.8022134,0.25505894,0.51158744
1.0493567,-0.510759,-14.953682,0.62951326,0.51946545,-0.5421732,0.19979225
0.85445845,-1.282576,-15.244818,0.17221045,0.8022087,0.2550201,0.51163423
1.049193,-0.51062715,-14.95396,0.6292939,0.520097,-0.5417676,0.19994058
0.8530316,-1.283481,-15.244821,0.17205761,0.80228823,0.2549602,0.5115908
1.0490482,-0.5105105,-14.954208,0.62903297,0.52065414,-0.5414883,0.20006815
0.8519012,-1.284198,-15.244823,0.17207743,0.8023654,0.25487393,0.511506
1.0480247,-0.51041067,-14.954421,0.6287927,0.52139324,-0.54102135,0.2001617
0.85099185,-1.2847749,-15.244825,0.17205027,0.8024242,0.25482252,0.51144856
1.0470576,-0.50937873,-14.954621,0.6285383,0.52211976,-0.5405735,0.2002771
0.85164136,-1.2838541,-15.246219,0.17203082,0.8024661,0.2546362,0.51148224
1.0461397,-0.50839925,-14.954811,0.62820184,0.5228697,-0.5402299,0.20030314
0.85083896,-1.2844337,-15.247362,0.17200068,0.8025591,0.25459287,0.51136804
1.0452745,-0.5074759,-14.954991,0.6279117,0.5235145,-0.5399254,0.2003496
0.8501826,-1.283639,-15.248298,0.17192365,0.8026741,0.25440475,0.511307
1.044466,-0.50661314,-14.955159,0.6275592,0.52425826,-0.5395827,0.20043263
0.84964144,-1.2829835,-15.249069,0.17185502,0.8028061,0.2542798,0.511185
1.0436989,-0.5057945,-14.954157,0.6271526,0.52503324,-0.5392649,0.20053214
0.8491917,-1.282439,-15.24971,0.17185481,0.80288005,0.25412804,0.51114434
1.0430039,-0.505053,-14.954444,0.6267043,0.52576953,-0.53906757,0.20053552
0.8488155,-1.2819833,-15.250246,0.17186122,0.80275327,0.25438657,0.5112126
1.0436511,-0.5030179,-14.953403,0.6256089,0.5272665,-0.5388559,0.2005941
0.84953207,-1.2815995,-15.249664,0.17179641,0.8025707,0.2545835,0.511423
1.0413773,-0.5010973,-14.952421,0.62492865,0.528572,-0.5384793,0.20028971
0.85017097,-1.2822896,-15.250178,0.17176817,0.8022216,0.25498596,0.51177967
1.0394291,-0.5009057,-14.95158,0.6244779,0.5297007,-0.5379177,0.20022313
0.85075974,-1.2829257,-15.249586,0.17173198,0.8018896,0.25544375,0.5120836
1.0392159,-0.49917933,-14.950817,0.6237593,0.5306754,-0.5378287,0.20012066
0.85126835,-1.2824395,-15.249074,0.17160197,0.801536,0.25585106,0.5124774
1.035742,-0.49764818,-14.950142,0.62329036,0.53170353,-0.53748995,0.19976242
0.8541395,-1.2831237,-15.248555,0.17149888,0.8010445,0.25627702,0.5130672
1.0343664,-0.49441186,-14.947693,0.6226401,0.5325939,-0.53738296,0.19970645
0.85556835,-1.2837632,-15.248071,0.17128822,0.8003766,0.25692245,0.51385653
1.0351186,-0.4916377,-14.945594,0.62121934,0.53446853,-0.53701764,0.20010518
0.85687876,-1.2843497,-15.247626,0.17116646,0.79978997,0.2574716,0.5145352
1.0357469,-0.48932046,-14.943841,0.62023115,0.5358368,-0.536664,0.20045967
0.8595483,-1.2849002,-15.247209,0.1710012,0.79927343,0.2578685,0.5151934
1.0341505,-0.48740134,-14.9423895,0.6198952,0.53688926,-0.53596014,0.20056574
0.861979,-1.2854015,-15.246828,0.1707637,0.79874307,0.25837165,0.51584244
1.0308635,-0.48800796,-14.941283,0.6197962,0.5377672,-0.5351039,0.20080557
0.86413586,-1.2858461,-15.2464905,0.17048019,0.7983198,0.2587915,0.5163806
1.0303363,-0.48635828,-14.940384,0.61980635,0.5383414,-0.53453326,0.2007557
0.86600864,-1.2862324,-15.246197,0.17022492,0.79790145,0.25900966,0.5170017
1.0299376,-0.48719534,-14.939705,0.61988145,0.53875214,-0.53404236,0.20072863
0.86948436,-1.2865727,-15.245939,0.17004865,0.79742116,0.25912276,0.5177435
1.0296166,-0.48572642,-14.939157,0.62005985,0.5390986,-0.53359884,0.20042655
0.87045133,-1.285061,-15.245735,0.16973805,0.79709697,0.25910154,0.51835495
1.0293761,-0.48669192,-14.938747,0.6206259,0.5391485,-0.5330591,0.19997613
0.8730834,-1.283799,-15.245564,0.16950145,0.79672563,0.25909457,0.5190064
1.0270556,-0.48534578,-14.9384165,0.62112844,0.53931797,-0.5325645,0.19927552
0.87526274,-1.2827541,-15.245424,0.16926627,0.7963822,0.2591251,0.51959467
1.025312,-0.48638576,-14.938168,0.621766,0.5393137,-0.53208286,0.19858448
0.87709373,-1.2838202,-15.245305,0.16910656,0.79603463,0.2591291,0.5201769
1.0239015,-0.4851172,-14.937966,0.6221157,0.5394176,-0.5318757,0.19776037
0.87663454,-1.2827812,-15.247062,0.1686407,0.7969184,0.25844613,0.51931405
1.0186334,-0.4841369,-14.939899,0.6238558,0.5391345,-0.5312337,0.19475304
0.8727731,-1.281984,-15.24841,0.16828443,0.7978857,0.25771743,0.5183055
1.0166115,-0.4833742,-14.941404,0.62483996,0.53879124,-0.5311484,0.19277081
0.86977434,-1.2796981,-15.249457,0.16798215,0.7987708,0.25702274,0.5173845
1.0151055,-0.48477888,-14.942524,0.6256732,0.5382896,-0.53109413,0.1916157
0.8674195,-1.2794864,-15.25028,0.16785336,0.7997349,0.2563316,0.51627856
1.0139685,-0.48583946,-14.943371,0.6265199,0.5375287,-0.5312011,0.19068588
0.8655509,-1.2793186,-15.250933,0.16781126,0.8006312,0.25564343,0.51524323
1.0148792,-0.48665056,-14.944016,0.627087,0.53671676,-0.53155637,0.19011793
0.8640536,-1.2777549,-15.251456,0.16770625,0.80142826,0.25506917,0.5143221
1.0155842,-0.48558706,-14.944518,0.6274941,0.53590816,-0.53204036,0.18970168
0.86012745,-1.2764902,-15.251879,0.16762286,0.80221975,0.25458804,0.51335275
1.0145239,-0.48636523,-14.944912,0.6280671,0.53503674,-0.5323379,0.18943061
0.85821414,-1.2754586,-15.252223,0.16765831,0.80288965,0.25420249,0.5124842
1.01522,-0.48698026,-14.945223,0.6284919,0.5340841,-0.53284395,0.18928671
0.8541899,-1.2758353,-15.251283,0.16777243,0.80368793,0.2537692,0.5114093
1.0157759,-0.48747128,-14.945472,0.6289753,0.5328183,-0.53352284,0.18933608
0.8520181,-1.2749834,-15.250502,0.16785997,0.8043893,0.25336406,0.51047784
1.0162239,-0.4892517,-14.947057,0.62943816,0.5316349,-0.534127,0.18942073
0.8476298,-1.2746592,-15.251337,0.16798289,0.8056316,0.25256073,0.5088739
1.0181365,-0.49063691,-14.949403,0.63026494,0.529469,-0.53525776,0.18954633
0.8454509,-1.274051,-15.25166,0.16807792,0.8062746,0.25211692,0.5080436
1.0194162,-0.49177238,-14.950275,0.6307031,0.5283599,-0.53581345,0.18961412
0.84359586,-1.273533,-15.251935,0.16813111,0.8068471,0.25169265,0.5073269
1.0204817,-0.49384567,-14.951003,0.6311218,0.52734643,-0.53629434,0.18968254
0.8411068,-1.272189,-15.252171,0.1681098,0.8074181,0.25121626,0.5066612
1.0224468,-0.4945128,-14.951613,0.63137025,0.52645236,-0.53688395,0.18967117
0.8406749,-1.2727431,-15.252374,0.16820265,0.8078234,0.2508968,0.50614244
1.0230875,-0.4950759,-14.952128,0.63165593,0.52567506,-0.5373411,0.18958132
0.8394883,-1.2724097,-15.252549,0.16821347,0.8082321,0.25056458,0.5056505
1.0245987,-0.49652117,-14.952566,0.63192785,0.5249744,-0.5377295,0.18951558
0.83610797,-1.2711328,-15.252836,0.16802819,0.809011,0.24997725,0.5047565
1.0252914,-0.49798188,-14.953259,0.6325202,0.5236882,-0.53842914,0.18911117
0.83542174,-1.2709638,-15.252954,0.16804177,0.80938137,0.24964742,0.5043213
1.025568,-0.49814135,-14.953536,0.63272125,0.52318096,-0.5387949,0.18880062
0.83303446,-1.2700642,-15.252519,0.16804239,0.8101944,0.24901517,0.50332737
1.0267437,-0.4984005,-14.953986,0.6331244,0.522175,-0.5395124,0.18818378
0.83203965,-1.2699858,-15.252042,0.16808742,0.81047237,0.24888906,0.50292695
1.0268735,-0.49921706,-14.954171,0.6333721,0.5216508,-0.5398493,0.18783784
0.83115333,-1.2704834,-15.251616,0.16811587,0.8107124,0.24883157,0.50255877
1.0269876,-0.4992602,-14.954332,0.6335853,0.521185,-0.54016733,0.18749738
0.8303102,-1.270383,-15.251211,0.16805969,0.8109563,0.24872318,0.50223756
1.0270883,-0.49993977,-14.954475,0.63376987,0.5207671,-0.540425,0.18729174
0.8300844,-1.2702856,-15.2514105,0.16800173,0.8110484,0.24873005,0.50210494
1.0277871,-0.49993283,-14.954602,0.63390756,0.520361,-0.54071665,0.18711275
0.8298661,-1.2701914,-15.251603,0.16773008,0.8107305,0.24926153,0.5024455
1.0278299,-0.49992666,-14.954715,0.6341622,0.5198809,-0.54094213,0.18693268
0.83025104,-1.2701076,-15.251774,0.16754974,0.8103175,0.2498083,0.5029002
1.0284181,-0.5004712,-14.954816,0.6343985,0.5193519,-0.5411911,0.1868809
0.8305947,-1.2700329,-15.251926,0.16742927,0.80990016,0.25032362,0.5033561
1.0294675,-0.50043637,-14.954906,0.634555,0.518826,-0.54155004,0.18677056
0.83090246,-1.2704886,-15.252064,0.16734584,0.8094597,0.25086722,0.50382143
1.0294173,-0.50090146,-14.954988,0.634867,0.51825905,-0.5417719,0.18664089
0.83142805,-1.2707946,-15.252298,0.16717844,0.8086655,0.25183097,0.5046709
1.030229,-0.5012495,-14.956023,0.63531333,0.5171301,-0.5424091,0.18640216

