ICVP Direct Stim Program 4.0.1+v4.0.1 - RelativeLocations
Updated at: 2022-08-22--20-26-12
Subject ID: CKT
Tester ID: kstipp
Direct Stimulation Input from the UI

UserID ; Time ; Electrodes ; Frequency (Hz) ; Cathodic Phase Duration (us) ; Train Length (ms) ; Duty On (ms); Duty Off (ms) ; Inter-train Length (ms) ; Amplitude (uA) ; Sent to Gateway ; Response ; Response Latency (ms) ; Response Duration (ms) ; Comments
kstipp ; 2022-08-22--20-26-12 ; 6900-6901-6904-6905 , 6900-6901-6904-6905-1500-1501-1504-1505 ; 200 ; 200 ; 1000 ; 1000 ; 0 ; 0 ; 40 ; True ;  ;  ;  ; moved top left, exact opposite of last one.

Position t,Position u,Position v,Orientation w,Orientation x,Orientation y,Orientation z
0.68858546,-1.2619226,-15.202759,0.105851926,0.83130324,0.2982268,0.4569368
0.91312075,-0.5248019,-14.93318,0.6737574,0.5057234,-0.51099825,0.17080927
0.6900372,-1.2616196,-15.203161,0.10586246,0.8310204,0.29798707,0.45760462
0.91312253,-0.52557486,-14.932862,0.67387176,0.5057575,-0.51080835,0.17082465
0.6913908,-1.26022,-15.203536,0.10580575,0.8307841,0.29766172,0.45825815
0.9131242,-0.5252129,-14.933106,0.6739374,0.50579697,-0.5107359,0.17066564
0.69383216,-1.2589148,-15.203886,0.105866864,0.83049065,0.29731813,0.45899832
0.9131257,-0.5248801,-14.933331,0.6739428,0.5058852,-0.5106546,0.1706262
0.6961269,-1.256425,-15.205479,0.10583347,0.8301945,0.29654205,0.46004277
0.9131271,-0.5250796,-14.93303,0.6739788,0.50602543,-0.51051146,0.17049657
0.69819343,-1.2554922,-15.206912,0.10585734,0.8299037,0.2957375,0.4610784
0.9131284,-0.5247781,-14.93276,0.6740436,0.50613236,-0.51036763,0.17035317
0.7000304,-1.254663,-15.206839,0.10590511,0.8297035,0.295041,0.4618735
0.9126725,-0.52404904,-14.932974,0.6741115,0.50623333,-0.51023656,0.17017715
0.7030723,-1.253922,-15.208174,0.10602428,0.829409,0.2945431,0.46269214
0.91269416,-0.5238235,-14.932734,0.67416793,0.5063102,-0.5101133,0.17009462
0.704318,-1.2518083,-15.209358,0.10610784,0.8292508,0.29400873,0.46329597
0.9127138,-0.5232065,-14.932927,0.67420864,0.506389,-0.5100413,0.16991416
0.7053894,-1.2514657,-15.210378,0.10624073,0.8291421,0.29362836,0.4637012
0.91233987,-0.5238209,-14.932711,0.6743164,0.506429,-0.5098706,0.16987953
0.706307,-1.2511723,-15.211251,0.10638672,0.8290729,0.29327947,0.46401212
0.9119991,-0.5236363,-14.932887,0.6743675,0.5064709,-0.50980574,0.1697465
0.70708996,-1.250922,-15.211996,0.10649591,0.82910734,0.29281032,0.46422178
0.9120415,-0.5234678,-14.933047,0.67439276,0.50652075,-0.5097422,0.16968814
0.7083616,-1.246303,-15.213207,0.1065697,0.8294659,0.291677,0.4642777
0.9114721,-0.5228474,-14.93333,0.6744721,0.5066231,-0.5095897,0.16952543
0.70726377,-1.2452607,-15.213667,0.10673383,0.8296944,0.29117277,0.4641483
0.9115251,-0.5224246,-14.933453,0.6744673,0.5066493,-0.50960624,0.1694164
0.7041426,-1.2451994,-15.212861,0.10733403,0.8308763,0.2901058,0.46256092
0.9118924,-0.522784,-14.933671,0.6745231,0.50652444,-0.5096281,0.16950195
0.7037781,-1.244423,-15.211901,0.10773157,0.831582,0.28953546,0.46155667
0.9119265,-0.52268314,-14.933766,0.67456234,0.506375,-0.5097103,0.16954517
0.7007745,-1.2451491,-15.211124,0.107967116,0.8321731,0.28925824,0.46060923
0.911958,-0.5228369,-14.93361,0.67459613,0.5062495,-0.5097661,0.1696174
0.69960976,-1.2444551,-15.210491,0.10818073,0.8326321,0.28892472,0.45993823
0.91228026,-0.52243745,-14.933719,0.6745965,0.5061276,-0.5098784,0.16964234
0.6986514,-1.2438841,-15.209969,0.10827724,0.8329924,0.28884074,0.45931572
0.9120326,-0.52261394,-14.933546,0.6746212,0.5060226,-0.5099252,0.1697168
0.697836,-1.2433982,-15.209525,0.10840514,0.83327717,0.28872252,0.458843
0.91206276,-0.5222594,-14.933646,0.67460203,0.5059371,-0.51002765,0.16973959
0.6971574,-1.2441258,-15.209155,0.10852079,0.83351684,0.28873578,0.45837176
0.9120906,-0.52217746,-14.933493,0.6745901,0.50584733,-0.5101041,0.16982485
0.6965886,-1.2447357,-15.208846,0.10863188,0.8337086,0.28878516,0.4579653
0.9121175,-0.52209854,-14.933587,0.67459595,0.5057266,-0.5101971,0.16988204
0.6960905,-1.2442094,-15.208574,0.10863903,0.8338938,0.28870645,0.45767596
0.91214496,-0.5220177,-14.933684,0.67459655,0.5055894,-0.5103011,0.16997546
0.69566905,-1.2447724,-15.208345,0.10867486,0.834012,0.28873733,0.45743263
0.9124625,-0.52221656,-14.933791,0.6745832,0.5054542,-0.5104007,0.17013156
0.6943373,-1.2442877,-15.208149,0.10865917,0.8341304,0.28874665,0.4572145
0.91220903,-0.52212673,-14.93389,0.6746121,0.5053069,-0.51049167,0.17018151
0.6941191,-1.2447973,-15.207978,0.10864236,0.8342043,0.28880492,0.45704678
0.9125076,-0.5225836,-14.933985,0.67462504,0.50514513,-0.51056457,0.17039154
0.6939204,-1.2443279,-15.207824,0.10861002,0.8342626,0.28883868,0.4569267
0.91285247,-0.5221417,-14.934095,0.6746317,0.50497967,-0.5107052,0.17043461
0.6928628,-1.2448124,-15.207691,0.1085441,0.83428484,0.288926,0.45684657
0.91320837,-0.52272105,-14.934209,0.6746777,0.50482094,-0.5107366,0.17062825
0.69279355,-1.2452301,-15.207578,0.10854897,0.8342512,0.28902656,0.4568433
0.913599,-0.5221783,-14.934334,0.6746608,0.50471294,-0.51085895,0.17064816
0.6919329,-1.2455922,-15.207479,0.108464025,0.83423704,0.28913012,0.4568238
0.91400844,-0.52246815,-14.9344635,0.6747069,0.5045958,-0.5108659,0.17079172
0.69118345,-1.2451469,-15.207392,0.10837372,0.83421063,0.28919435,0.45685282
0.91356426,-0.5223233,-14.934582,0.6747742,0.5045243,-0.5108523,0.17077789
0.6919873,-1.245486,-15.207315,0.108365335,0.83410645,0.28928998,0.4569845
0.9135477,-0.522579,-14.93469,0.6748216,0.50448763,-0.51080465,0.1708413
0.691994,-1.2450532,-15.207243,0.10820298,0.833894,0.28935862,0.45736703
0.91353256,-0.52207595,-14.934789,0.6748366,0.5046528,-0.510658,0.17073284
0.6920004,-1.2446454,-15.207175,0.10801318,0.83369964,0.2893586,0.45776603
0.913169,-0.52161634,-14.934878,0.67487866,0.5048823,-0.5104172,0.17060767
0.69356847,-1.2438875,-15.207047,0.10770592,0.83325654,0.28932917,0.4586629
0.91285235,-0.52145237,-14.934398,0.67494416,0.5052956,-0.50994617,0.17053397
0.6943208,-1.2426331,-15.206986,0.107531875,0.83305454,0.28926414,0.45911136
0.9128617,-0.52107775,-14.934487,0.6749465,0.5055155,-0.5097537,0.17044844
0.69497645,-1.2432513,-15.206933,0.1074265,0.83285874,0.289286,0.45947742
0.9125855,-0.5215875,-14.934284,0.6750548,0.50568056,-0.50943893,0.17047046
0.69559,-1.2429508,-15.206884,0.10732076,0.83271396,0.28918874,0.4598256
0.91233087,-0.520975,-14.934367,0.6750915,0.5058725,-0.50924087,0.17034744
0.69525635,-1.2417552,-15.206837,0.10716506,0.8326336,0.2890725,0.46008056
0.9120958,-0.52143776,-14.934188,0.6751796,0.5060009,-0.508983,0.17038777
0.69682574,-1.2415801,-15.207733,0.10711,0.8324978,0.28895828,0.46041077
0.9121226,-0.521133,-14.934265,0.6752069,0.5061281,-0.50884384,0.17031766
0.6973288,-1.2404178,-15.208589,0.10697111,0.8324661,0.28874514,0.460634
0.9119154,-0.5208509,-14.934337,0.67525315,0.506243,-0.5087013,0.17021835
0.69677436,-1.239356,-15.209371,0.106835574,0.8324749,0.2885568,0.4607677
0.9117234,-0.5212505,-14.934403,0.6753432,0.5063081,-0.5085115,0.17023472
0.69626886,-1.2383881,-15.210084,0.106672294,0.8325006,0.28833398,0.46089828
0.9115451,-0.5207839,-14.934466,0.67537653,0.5063939,-0.50841784,0.17012675
0.69583136,-1.2385525,-15.210701,0.106594175,0.83252317,0.28814548,0.46099356
0.91137946,-0.52094704,-14.934524,0.6754295,0.5064485,-0.5082984,0.1701109
0.6951152,-1.2388215,-15.211711,0.10674105,0.83285624,0.28740132,0.46082255
0.9112573,-0.5212528,-14.934631,0.6755114,0.50651014,-0.50813156,0.17010075
0.69580203,-1.2379361,-15.212159,0.10675589,0.83305746,0.28698528,0.4607147
0.911103,-0.5210166,-14.934685,0.67554003,0.5065497,-0.5080698,0.17005363
0.6942418,-1.2373757,-15.211939,0.10688387,0.8335069,0.2863063,0.4602944
0.9109957,-0.52112347,-14.934787,0.67560846,0.5066145,-0.5079347,0.16999231
0.6949504,-1.2376221,-15.2114105,0.10704278,0.83368206,0.2860831,0.46007895
0.9110388,-0.5210821,-14.934643,0.67563057,0.5066642,-0.5078627,0.16997126
0.69468915,-1.2378348,-15.210954,0.10716842,0.83386755,0.28586885,0.4598466
0.91088885,-0.5208493,-14.934695,0.6756554,0.50671196,-0.5078113,0.16988382
0.69339556,-1.2373911,-15.210169,0.10731271,0.8342024,0.28555164,0.4594024
0.9107901,-0.5207744,-14.934416,0.67572373,0.5067783,-0.5076777,0.1698137
0.6924839,-1.2376057,-15.209853,0.10736067,0.8343204,0.28547838,0.45922244
0.9106451,-0.52054775,-14.934279,0.6757487,0.5068389,-0.5076047,0.1697514
0.6916901,-1.2370312,-15.209579,0.10735556,0.8344157,0.2854205,0.45908654
0.910503,-0.5207102,-14.934147,0.6757996,0.50690365,-0.5074874,0.16970591
0.6909685,-1.2365091,-15.209329,0.10739098,0.83450365,0.28532085,0.45898035
0.91036373,-0.5202926,-14.934209,0.67580986,0.50697887,-0.507436,0.16959421
0.69106305,-1.2351595,-15.209078,0.1073802,0.8345808,0.28518644,0.45892614
0.91022724,-0.52026784,-14.934077,0.6758389,0.50705874,-0.5073435,0.16951703
0.6911452,-1.2355502,-15.208859,0.10741876,0.8346181,0.28514546,0.45887452
0.9102858,-0.5204358,-14.9339485,0.6758723,0.5071354,-0.5072315,0.16948903
0.69047433,-1.2358912,-15.208669,0.10744512,0.8346772,0.28506038,0.45881373
0.9101508,-0.5202159,-14.934014,0.67587966,0.5072356,-0.5071696,0.16934505
0.69129705,-1.2361901,-15.208501,0.107460655,0.83469945,0.28498775,0.45881486
0.9098264,-0.52038497,-14.933887,0.67593735,0.50731564,-0.507033,0.16928402
0.6913546,-1.2357577,-15.209056,0.10741948,0.8347571,0.28485024,0.45880505
0.9098929,-0.5201661,-14.933953,0.6759093,0.5074018,-0.50702673,0.16915652
0.69140524,-1.2360542,-15.209545,0.10742036,0.8347641,0.2848491,0.4587928
0.9099581,-0.5205284,-14.934019,0.6759241,0.5074341,-0.5069808,0.16913839
0.69082725,-1.2359375,-15.209765,0.10745787,0.83477455,0.2848794,0.45874608
0.909704,-0.5202854,-14.933954,0.6759054,0.50760627,-0.50688106,0.16899534
0.6915465,-1.2362043,-15.209541,0.107526876,0.8347625,0.28489482,0.45874235
0.90958077,-0.5204531,-14.933827,0.675936,0.5077358,-0.5067036,0.16901623
0.69157964,-1.2364409,-15.209343,0.10758942,0.83476883,0.28493744,0.45868975
0.90945995,-0.52042514,-14.933703,0.6759538,0.50785846,-0.5065742,0.16896415
0.6916091,-1.2366515,-15.209166,0.10762508,0.8347784,0.28492346,0.45867258
0.9093415,-0.5203977,-14.933582,0.6759872,0.50796163,-0.5064386,0.1689267
0.6921814,-1.2368397,-15.209009,0.10768114,0.8347887,0.28488785,0.45866296
0.9092255,-0.5205631,-14.933464,0.6760055,0.50807816,-0.50629413,0.16893627
0.6926941,-1.2370083,-15.208868,0.107722096,0.8348057,0.28484485,0.45864886
0.9093041,-0.5207252,-14.933348,0.6759998,0.5082103,-0.5061438,0.16901214
0.69216967,-1.2371598,-15.208741,0.10772551,0.8348504,0.28481317,0.4585866
0.9091888,-0.5204995,-14.933234,0.6759822,0.50834817,-0.5060693,0.16889113
0.692633,-1.2372963,-15.208627,0.10774694,0.8348516,0.2847844,0.45859712
0.90905493,-0.5202376,-14.933102,0.6759468,0.5085129,-0.50598085,0.1688019
0.6935341,-1.2374251,-15.208518,0.1077918,0.8348126,0.28479362,0.45865184
0.90914714,-0.52042735,-14.932979,0.6759016,0.5086403,-0.5058852,0.16888586
0.69346017,-1.2370673,-15.20841,0.10780784,0.8348224,0.28472954,0.45867002
0.90923655,-0.5199678,-14.933073,0.67581826,0.50877935,-0.505893,0.16877659
0.6937904,-1.2373387,-15.2082205,0.10785965,0.834654,0.28461337,0.45903647
0.9091982,-0.5201343,-14.932841,0.6758023,0.5085682,-0.5061069,0.16883565
0.69416875,-1.2374644,-15.208133,0.107946955,0.8345441,0.28455272,0.45925316
0.90907675,-0.52031755,-14.93273,0.6758134,0.50839853,-0.5062607,0.16884163
0.694064,-1.2371091,-15.208046,0.10800527,0.8344643,0.28445205,0.45944664
0.9091628,-0.52029085,-14.932622,0.6757517,0.5082425,-0.5064849,0.1688858
0.69496304,-1.2372581,-15.207958,0.10805077,0.8343047,0.28440955,0.45975205
0.90943587,-0.52026606,-14.932522,0.67569315,0.50800073,-0.5067966,0.16891228
0.69534653,-1.2368642,-15.20787,0.10804273,0.83414984,0.2843522,0.4600702
0.9095102,-0.5200496,-14.932617,0.6756288,0.50777864,-0.5071161,0.16887824
0.6957342,-1.2364659,-15.208367,0.107988626,0.8339716,0.28431603,0.46042842
0.9093908,-0.5204142,-14.932517,0.6756638,0.50755626,-0.50726247,0.16896708
0.6961252,-1.2360644,-15.208237,0.107994616,0.8337936,0.28426695,0.46077967
0.90965825,-0.520387,-14.93242,0.6756332,0.50733095,-0.5075141,0.1690102
0.69836515,-1.2352213,-15.207965,0.10794584,0.8333758,0.2843091,0.4615201
0.90979666,-0.5203381,-14.932419,0.6756248,0.5069544,-0.5078894,0.16904725
0.7004054,-1.2347807,-15.208692,0.10797642,0.8331289,0.28426337,0.46198654
0.910056,-0.5201202,-14.932515,0.6756112,0.5067393,-0.5081392,0.16899498
0.7014569,-1.2343531,-15.209397,0.10792723,0.8329169,0.28427643,0.46237218
0.9101179,-0.52029115,-14.932418,0.6756151,0.5065551,-0.50830865,0.16902222
0.70341873,-1.2349191,-15.210064,0.10796735,0.8326491,0.28436628,0.46278977
0.9101786,-0.52045864,-14.932513,0.675634,0.5063577,-0.50848585,0.169005
0.704256,-1.2344338,-15.210695,0.10789728,0.8324988,0.28437832,0.46306896
0.9102381,-0.5200461,-14.932609,0.67559904,0.5061944,-0.50871915,0.16893233
0.70503974,-1.2339796,-15.211285,0.10784656,0.8323442,0.28441802,0.46333444
0.9102964,-0.5204107,-14.932509,0.6756127,0.5060221,-0.5088623,0.16896243
0.704673,-1.233583,-15.211801,0.10780308,0.8322118,0.2844422,0.46356744
0.91035354,-0.5205759,-14.932604,0.67561483,0.505849,-0.50903374,0.16895579
0.7065968,-1.2332002,-15.212297,0.10782241,0.83205026,0.284411,0.46387193
0.91060174,-0.5203532,-14.932696,0.6755828,0.5056978,-0.5092509,0.16888216
0.7071864,-1.2316375,-15.212762,0.107641146,0.83208066,0.2840633,0.46407256
0.910845,-0.52032727,-14.932788,0.67556643,0.5055116,-0.50945973,0.16887538
0.70821816,-1.2289025,-15.213575,0.10734426,0.83224565,0.28334537,0.46428436
0.91131705,-0.52065367,-14.932965,0.675617,0.5049956,-0.50986433,0.168996
0.70865655,-1.2277404,-15.213921,0.1071853,0.8323472,0.2829508,0.46437955
0.91135377,-0.52062166,-14.933051,0.6756842,0.50469875,-0.51006174,0.1690178
0.7090442,-1.2267131,-15.214226,0.10698546,0.8324156,0.28267574,0.46447054
0.91138977,-0.52020586,-14.933136,0.67571425,0.50439805,-0.5103346,0.16897184
0.7093693,-1.227238,-15.214481,0.10685654,0.832464,0.2825032,0.46451855
0.9116173,-0.5203751,-14.933218,0.6757792,0.50403833,-0.5105613,0.16910039
0.70966107,-1.2248001,-15.214711,0.10665059,0.8325079,0.28227252,0.46462727
0.9118402,-0.5207331,-14.933299,0.67585933,0.5037345,-0.5106833,0.16931738
0.70846975,-1.222758,-15.214904,0.10648302,0.83260334,0.28201443,0.46465153
0.91205865,-0.52050734,-14.933377,0.67589134,0.5034373,-0.5109278,0.16933616
0.7089113,-1.2209421,-15.215075,0.10639848,0.8326035,0.28176427,0.46482226
0.912465,-0.5204783,-14.9334545,0.6759075,0.5031519,-0.51115054,0.16944759
0.7092863,-1.2209104,-15.21522,0.10629125,0.83255315,0.28155735,0.4650623
0.9126872,-0.5208623,-14.933537,0.67601925,0.50287867,-0.5111804,0.16972232
0.70961386,-1.2193172,-15.216913,0.10610142,0.8325219,0.28136835,0.4652758
0.91269714,-0.52102923,-14.933617,0.6761261,0.5026865,-0.5111664,0.16990799
0.7098967,-1.2179415,-15.218374,0.1058946,0.83252966,0.28107062,0.46548906
0.9127068,-0.5207838,-14.933694,0.67619586,0.502579,-0.5111994,0.16984938
0.71388906,-1.215729,-15.220724,0.10505652,0.83163285,0.280685,0.46751037
0.91297215,-0.5207036,-14.933858,0.67626834,0.50246036,-0.5111144,0.17016749
0.7152614,-1.2129508,-15.22168,0.10440603,0.83082736,0.28051937,0.46918473
0.9129768,-0.5204128,-14.933947,0.6762684,0.5024803,-0.5110539,0.17028952
0.7193847,-1.2102393,-15.223131,0.10335469,0.82934904,0.2805902,0.4719822
0.91298556,-0.5203336,-14.934111,0.6763587,0.5024916,-0.51079357,0.17067856
0.7197159,-1.2083446,-15.223669,0.102742136,0.82889307,0.28042594,0.47301337
0.9136173,-0.5206051,-14.934213,0.6763675,0.5024689,-0.510691,0.17101689
0.7199846,-1.2046444,-15.224107,0.102004334,0.82852286,0.2804976,0.47377852
0.91330546,-0.52085465,-14.934306,0.67645514,0.50245947,-0.51053333,0.17116874
0.72019863,-1.2016965,-15.224456,0.101587184,0.8282083,0.28042176,0.47446257
0.9135999,-0.5202002,-14.934398,0.67642653,0.5024901,-0.5105067,0.17127149
0.72248244,-1.2037832,-15.224711,0.10142572,0.8278292,0.2806139,0.47504488
0.91392297,-0.52015984,-14.934499,0.6764204,0.5024782,-0.510454,0.17148767
0.7242975,-1.2032714,-15.227085,0.10124536,0.8275092,0.28070736,0.47558525
0.91425997,-0.52048403,-14.934604,0.6764603,0.502472,-0.5103089,0.17177948
0.7257262,-1.2028685,-15.228953,0.10103135,0.8273063,0.2806903,0.47599372
0.91421807,-0.5204301,-14.934703,0.67649204,0.50250006,-0.51016223,0.1720081
0.7246183,-1.2003465,-15.230395,0.10063297,0.82720846,0.28054726,0.47633234
0.9145992,-0.5195115,-14.9352455,0.6764463,0.50256515,-0.5101133,0.17214252
0.7259816,-1.2006166,-15.231509,0.10049676,0.8270427,0.28050253,0.4766752
0.9145343,-0.51905984,-14.935335,0.6764358,0.5025618,-0.5100885,0.17226708
0.72706443,-1.1985387,-15.232395,0.10013665,0.82698727,0.28035703,0.47693267
0.9144754,-0.5194693,-14.935417,0.67647123,0.5025684,-0.50995106,0.17251568
0.72790915,-1.1969177,-15.233087,0.099865,0.8268304,0.28033444,0.4772747
0.9144218,-0.52023095,-14.935492,0.67653865,0.50252926,-0.5097992,0.17281382
0.7262431,-1.1957242,-15.233596,0.09953842,0.8268213,0.28016242,0.47745964
0.914373,-0.5201857,-14.935559,0.67655915,0.50251204,-0.50973606,0.17296976
0.72728074,-1.1947979,-15.233991,0.09950169,0.8267095,0.279953,0.47778362
0.9139771,-0.51944184,-14.935972,0.6765497,0.5025495,-0.5097003,0.17300372
0.7287017,-1.1917256,-15.234532,0.098808505,0.82638973,0.27947566,0.47875917
0.91429615,-0.51940686,-14.93646,0.676646,0.5025757,-0.50941885,0.17337891
0.7291683,-1.1893071,-15.234709,0.09851109,0.82620037,0.27916887,0.47932592
0.9138916,-0.5193936,-14.936489,0.67674524,0.5026738,-0.5091477,0.17350386
0.73207104,-1.18745,-15.234845,0.09827477,0.8259291,0.27898568,0.4799482
0.9135217,-0.5193815,-14.936516,0.6768168,0.5027415,-0.50894594,0.17362036
0.73167735,-1.1885817,-15.2349415,0.098171294,0.82583636,0.27893823,0.48015648
0.9135092,-0.5196967,-14.936541,0.67688274,0.5028231,-0.50871307,0.17380978
0.7313928,-1.1894,-15.235011,0.09808274,0.8257728,0.27891812,0.48029548
0.9134977,-0.51998603,-14.936563,0.6769431,0.50285566,-0.50854003,0.1739866
0.73361534,-1.1875926,-15.2350645,0.09809685,0.8256652,0.27872074,0.48059225
0.9131926,-0.5193685,-14.936878,0.6769722,0.5029238,-0.50843,0.17399827
0.7328674,-1.188635,-15.235104,0.09807085,0.82570046,0.278748,0.4805211
0.91319144,-0.5187999,-14.936889,0.6770057,0.50296235,-0.50835097,0.17398685
0.7323002,-1.187101,-15.235133,0.0978473,0.8256656,0.27870768,0.4806498
0.91345614,-0.5193385,-14.936898,0.67707735,0.50292486,-0.5082155,0.17421229
0.7342425,-1.1859087,-15.235155,0.09780031,0.82555443,0.27850917,0.48096547
0.91344696,-0.5190406,-14.937199,0.67709357,0.5029215,-0.50818443,0.17424968
0.73333263,-1.1850241,-15.235171,0.09770157,0.8255189,0.2785948,0.4809969
0.9134364,-0.5183507,-14.937546,0.67708576,0.5029075,-0.5081989,0.17427807
0.73267967,-1.1866225,-15.235183,0.0976066,0.825465,0.27875182,0.48101774
0.9130988,-0.5187027,-14.937535,0.6771719,0.50285006,-0.5080964,0.17440832
0.73219013,-1.18564,-15.235192,0.09753626,0.8253378,0.2789958,0.48110867
0.91310054,-0.5193372,-14.937526,0.6772618,0.5027402,-0.5080105,0.17462556
0.73393023,-1.1870121,-15.2352,0.09756019,0.82495785,0.27922797,0.4816206
0.91310215,-0.5193285,-14.937518,0.67723745,0.5023881,-0.5083416,0.17476991
0.7353254,-1.1859506,-15.235206,0.09750562,0.82473713,0.2791429,0.48205885
0.9133848,-0.5198828,-14.93751,0.6772207,0.5020521,-0.50858384,0.1750952
0.73224556,-1.185169,-15.235209,0.09739145,0.8247724,0.2791475,0.48201883
0.91337836,-0.5201269,-14.937503,0.6772248,0.50174767,-0.50882554,0.17524984
0.7357975,-1.186536,-15.235212,0.09743552,0.8243728,0.27943876,0.48252428
0.91362613,-0.52035236,-14.937495,0.6772156,0.5014522,-0.5090326,0.17552945
0.7366846,-1.1856678,-15.235215,0.09723275,0.82424057,0.27952972,0.48273847
0.9136143,-0.52056086,-14.9374895,0.6772487,0.5011848,-0.5091765,0.17574762
0.73546684,-1.1850007,-15.235217,0.09717673,0.8242714,0.2796639,0.48261937
0.91360325,-0.52029604,-14.937484,0.67723465,0.5010407,-0.5093427,0.17573124
0.7383843,-1.1844472,-15.235218,0.09723258,0.8241711,0.27969342,0.48276228
0.91385436,-0.51999855,-14.93774,0.67713976,0.5009149,-0.50957245,0.17578995
0.7387239,-1.1858946,-15.23522,0.09745314,0.82402396,0.2799841,0.4828006
0.91383594,-0.5202256,-14.937728,0.67712486,0.50080425,-0.5096658,0.17589138
0.7408086,-1.1870311,-15.235221,0.097655125,0.82387877,0.2802621,0.48284623
0.9141153,-0.51988816,-14.938014,0.67704594,0.50073135,-0.50988406,0.17577034
0.74068695,-1.1879101,-15.235222,0.09779195,0.8238964,0.2804474,0.4826808
0.9144348,-0.5195023,-14.938341,0.6770243,0.5006537,-0.51002383,0.17566939
0.7405911,-1.1886023,-15.235222,0.09764058,0.82402706,0.2805352,0.48243728
0.9143897,-0.5198239,-14.938303,0.6770916,0.5005992,-0.50998664,0.17567365
0.740511,-1.1874971,-15.235222,0.09749133,0.82405496,0.28063238,0.48236334
0.9143485,-0.5201187,-14.938268,0.6771388,0.50057167,-0.50994784,0.1756823
0.738849,-1.1882304,-15.235222,0.09755286,0.8241196,0.28076094,0.4821656
0.91430706,-0.5197489,-14.938565,0.67712283,0.5005653,-0.5100399,0.17549469
0.7390521,-1.1888111,-15.235222,0.09772215,0.82406175,0.28088418,0.4821585
0.9146454,-0.5197212,-14.938898,0.6771078,0.5005908,-0.5100477,0.1754574
0.7392146,-1.1907189,-15.235222,0.09787876,0.82403624,0.28117576,0.4820003
0.91458863,-0.5204266,-14.938835,0.67717373,0.5005924,-0.50994223,0.17550471
0.7379745,-1.1908879,-15.235222,0.098001465,0.82409066,0.28131565,0.48180073
0.9145368,-0.520377,-14.938778,0.6771796,0.50060946,-0.50995016,0.17541045
0.7369645,-1.1910256,-15.235222,0.0982118,0.8240349,0.28146762,0.48176423
0.9148351,-0.52032906,-14.938723,0.6770731,0.5006536,-0.510085,0.17530338
0.7373725,-1.1923761,-15.235222,0.098620474,0.8238095,0.28181267,0.48186463
0.9155514,-0.5206696,-14.9386635,0.67697346,0.5006945,-0.5101675,0.17533144
0.7377103,-1.1934941,-15.235222,0.09890016,0.8237684,0.2819762,0.48178193
0.91585946,-0.5210112,-14.938603,0.6769012,0.50081354,-0.51015335,0.17531177
0.73799187,-1.1933093,-15.235222,0.099060535,0.8237308,0.2820296,0.48178193
0.91615707,-0.5205126,-14.938544,0.67679036,0.50089914,-0.51025766,0.17519185
0.7384282,-1.1940311,-15.235222,0.09941401,0.8236142,0.28229678,0.48175216
0.9163208,-0.5203934,-14.938439,0.6767447,0.5010241,-0.510274,0.17496295
0.73764056,-1.1947768,-15.235222,0.0996127,0.8235861,0.28241408,0.4816904
0.91580343,-0.5207283,-14.938391,0.6767896,0.50111914,-0.5101754,0.17480482
0.7387862,-1.1963242,-15.235222,0.1001703,0.8233189,0.28250834,0.48197606
0.9157015,-0.5202943,-14.938717,0.67677313,0.5011893,-0.51023096,0.17450468
0.7389074,-1.1976552,-15.235222,0.100662805,0.8231219,0.2826288,0.48213926
0.9156084,-0.520249,-14.9386635,0.67679775,0.50123113,-0.5102357,0.17427497
0.7398331,-1.1988059,-15.235222,0.10118387,0.82281536,0.28267348,0.4825271
0.9155232,-0.5205412,-14.938614,0.6768181,0.5012829,-0.5102275,0.17407143
0.7406374,-1.1998057,-15.234442,0.10224641,0.8229738,0.28224108,0.482286
0.91576195,-0.5204922,-14.938569,0.6768071,0.5012531,-0.51039237,0.17371589
0.7413395,-1.2006786,-15.233761,0.1032677,0.82314336,0.28179723,0.48203853
0.9163807,-0.5200806,-14.9385195,0.6767884,0.5012242,-0.51056206,0.17337304
0.74195516,-1.2014438,-15.233164,0.10402468,0.82330936,0.2814321,0.48180553
0.9166314,-0.5200404,-14.93847,0.6767995,0.5012026,-0.51066697,0.17308336
0.74182844,-1.2021174,-15.232638,0.104649074,0.8234616,0.28120926,0.4815403
0.91686016,-0.5207207,-14.938066,0.67684805,0.50116974,-0.5106977,0.17289712
0.74171644,-1.202713,-15.232174,0.10525913,0.82360625,0.2809752,0.48129633
0.91672873,-0.5203211,-14.938037,0.6768739,0.50114435,-0.51077896,0.17262955
0.7416171,-1.2032413,-15.231762,0.105811924,0.82387424,0.2806708,0.4808941
0.9169392,-0.5199417,-14.938009,0.6768907,0.5011338,-0.5108485,0.17238861
0.7421637,-1.2044181,-15.231349,0.10634491,0.82407176,0.28047103,0.4805545
0.9171557,-0.5195515,-14.937982,0.6769157,0.50112164,-0.51089877,0.1721763
0.7420299,-1.2048606,-15.230971,0.10675961,0.82434005,0.28022254,0.48014718
0.9173553,-0.5198759,-14.937613,0.67699474,0.5010763,-0.5108892,0.17202604
0.7413089,-1.2052532,-15.230636,0.10709696,0.82468104,0.27993655,0.47965288
0.9172132,-0.5195232,-14.937601,0.67706,0.5010403,-0.5109359,0.1717354
0.741239,-1.206175,-15.230336,0.10750956,0.8250202,0.27961868,0.47916254
0.91741514,-0.51880676,-14.937589,0.67714113,0.5009498,-0.5110305,0.17139736
0.740633,-1.2069983,-15.230069,0.107823804,0.8253181,0.2794258,0.4786913
0.91760004,-0.51947975,-14.937576,0.67735595,0.5007657,-0.51099557,0.17119078
0.7406019,-1.2078557,-15.229191,0.10817086,0.8256393,0.27913705,0.47822738
0.91779304,-0.5187453,-14.937565,0.67748827,0.5006259,-0.51110184,0.17075832
0.7394348,-1.2086194,-15.228979,0.10844691,0.82601625,0.27885205,0.47767982
0.9176282,-0.5190976,-14.937553,0.67775476,0.50042593,-0.511046,0.17045395
0.73890215,-1.2093437,-15.228203,0.10878398,0.8263212,0.2785938,0.47722623
0.91780895,-0.5187579,-14.937543,0.6779264,0.50024444,-0.5111522,0.16998453
0.73842406,-1.2094455,-15.228055,0.109035924,0.8266485,0.2782261,0.47681636
0.9179932,-0.51876897,-14.937531,0.6781374,0.50004613,-0.5112148,0.16953784
0.7379471,-1.2101271,-15.227907,0.10936055,0.8269531,0.27794433,0.47637787
0.91817003,-0.51913583,-14.937521,0.6783746,0.4998237,-0.5112368,0.16917843
0.7375438,-1.2115569,-15.226901,0.10993149,0.8276671,0.27699396,0.4755593
0.9185366,-0.5187632,-14.9375,0.6790964,0.4990011,-0.5114777,0.16797817
0.7370551,-1.2115271,-15.226811,0.110142946,0.8280306,0.2764047,0.47522044
0.9183234,-0.5195362,-14.93749,0.67987543,0.4982152,-0.51133645,0.167589
0.7365753,-1.2122037,-15.226724,0.110304244,0.82830256,0.2758753,0.4750166
0.91812885,-0.5198798,-14.937482,0.68065745,0.49741623,-0.51112044,0.16744708
0.73614746,-1.2121277,-15.2266445,0.11037039,0.8285107,0.27536422,0.4749347
0.91829455,-0.5198503,-14.937473,0.68121165,0.4967311,-0.51109964,0.16729033
0.73642576,-1.212058,-15.226573,0.11036172,0.8285471,0.27502197,0.4750715
0.91811997,-0.52047616,-14.937467,0.6818011,0.49609149,-0.51087874,0.16746151
0.73602843,-1.2119954,-15.226509,0.11042282,0.8285568,0.2746718,0.475243
0.9185985,-0.5197833,-14.937782,0.68200696,0.49565643,-0.51106757,0.16733587
0.73566955,-1.2119389,-15.22645,0.110335745,0.8285771,0.27438876,0.47539127
0.9184248,-0.52006656,-14.937765,0.68244004,0.4951977,-0.5108732,0.16752158
0.7353433,-1.2118875,-15.2263975,0.11023759,0.82852,0.27423388,0.47560284
0.9182651,-0.5203271,-14.93775,0.68279314,0.49481034,-0.51072663,0.16767402
0.73505294,-1.211263,-15.226351,0.110054165,0.8285348,0.27395278,0.47578153
0.9183945,-0.5197373,-14.938012,0.6829168,0.4945604,-0.51083,0.1675928
0.7347937,-1.2112553,-15.226308,0.109945536,0.8284504,0.2738995,0.4759843
0.91851807,-0.52026165,-14.937991,0.68321455,0.49427444,-0.5105827,0.16797613
0.7340392,-1.210726,-15.226271,0.109765224,0.8284501,0.27379066,0.47608903
0.9183739,-0.5204875,-14.937971,0.6835448,0.49403366,-0.5103073,0.1681777
0.7343539,-1.2107468,-15.226236,0.10965002,0.82835734,0.27376318,0.47629273
0.91849387,-0.5201857,-14.938213,0.68368876,0.49388576,-0.5102826,0.16810209
0.7346374,-1.2107655,-15.226206,0.1095328,0.8282737,0.27370036,0.4765011
0.9183552,-0.5209049,-14.938189,0.6841225,0.49369803,-0.5097696,0.16844468
0.73489344,-1.2107824,-15.226178,0.10941093,0.82817495,0.2737,0.4767011
0.91798985,-0.5213334,-14.938166,0.68446153,0.4936455,-0.5092944,0.16865872
0.7346999,-1.2103722,-15.226153,0.10924554,0.8281639,0.27363306,0.47679657
0.9178765,-0.5210548,-14.93837,0.68454206,0.4937029,-0.5091573,0.16857775
0.7349284,-1.2099998,-15.226131,0.10899181,0.8280134,0.27364725,0.4771078
0.9175574,-0.5210103,-14.938345,0.6847045,0.49427184,-0.5083158,0.16879034
0.7347524,-1.210045,-15.2261095,0.108816005,0.8279507,0.27364582,0.47725737
0.917261,-0.52076566,-14.938524,0.68479556,0.49483046,-0.50762975,0.16884859
0.7345919,-1.2097212,-15.226091,0.10857921,0.827912,0.2736367,0.47738385
0.91698545,-0.52111745,-14.9384985,0.6850246,0.49520776,-0.5068339,0.16920394
0.73444515,-1.209772,-15.226073,0.10847632,0.8278865,0.27359414,0.47747582
0.9167165,-0.5212684,-14.938666,0.6852026,0.49557772,-0.5061714,0.1693831
0.7343108,-1.2094892,-15.226058,0.10842202,0.82795477,0.27338383,0.4774902
0.9162608,-0.5210319,-14.93883,0.68548524,0.4959232,-0.5054594,0.1693546
0.7338748,-1.2092297,-15.2263565,0.10832662,0.82810134,0.2731286,0.47740376
0.9156219,-0.52156913,-14.938799,0.6859389,0.49612504,-0.50455606,0.16962032
0.733474,-1.2086942,-15.226631,0.108235575,0.8282154,0.27283102,0.47739658
0.9149527,-0.52131,-14.9389715,0.6862856,0.4963361,-0.50390196,0.16954483
0.7331051,-1.2084835,-15.226883,0.10814609,0.828319,0.27259073,0.47737443
0.9139009,-0.5222225,-14.939242,0.6867399,0.49638665,-0.50316983,0.1697318
0.733033,-1.2082891,-15.227116,0.10814832,0.82839924,0.27238023,0.47735488
0.9130489,-0.5224974,-14.939568,0.68710446,0.4963983,-0.5026338,0.16980997
0.73271173,-1.2078549,-15.22733,0.10808241,0.82854456,0.27209237,0.47728178
0.91206825,-0.52281386,-14.939942,0.68752074,0.49634403,-0.50209427,0.16988
0.7324146,-1.2076954,-15.227529,0.108061984,0.8286229,0.27191517,0.47725138
0.91094494,-0.5237715,-14.940371,0.68797034,0.49617428,-0.501586,0.17005698
0.73213947,-1.2073177,-15.227713,0.10803944,0.8287133,0.2716347,0.47725937
0.90980625,-0.52281266,-14.941447,0.6882883,0.4960288,-0.50134015,0.16991976
0.7323211,-1.2071859,-15.227882,0.108049005,0.82874316,0.2714099,0.47733313
0.90857023,-0.52476484,-14.941869,0.6886761,0.49569178,-0.5010481,0.17019317
0.73202163,-1.2067847,-15.228075,0.108001076,0.82886297,0.27110186,0.47731096
0.90737754,-0.52351683,-14.943058,0.68894446,0.49538052,-0.5010508,0.17000529
0.73163444,-1.2062663,-15.228324,0.10795972,0.82895195,0.2708639,0.47730085
0.9061577,-0.52572757,-14.943403,0.6892987,0.49497643,-0.5008777,0.17025644
0.7311606,-1.2056319,-15.228629,0.10789258,0.8290477,0.2706088,0.4772945
0.9049751,-0.5260118,-14.943738,0.68952596,0.49453592,-0.5009973,0.17026453
0.730608,-1.2048918,-15.228985,0.107913576,0.82906103,0.27039397,0.47738847
0.9048323,-0.5272321,-14.944049,0.68971944,0.49390963,-0.50129104,0.17043418
0.7311143,-1.2042013,-15.229317,0.10794801,0.8289937,0.27011946,0.4776529
0.9056186,-0.5273677,-14.944315,0.68972707,0.49279457,-0.5024297,0.1702781
0.7310795,-1.2034785,-15.229664,0.10797635,0.82896453,0.2699025,0.47781962
0.9063235,-0.5292879,-14.944553,0.68979025,0.49180076,-0.5032735,0.1704031
0.73161876,-1.2027891,-15.229995,0.10802929,0.8289299,0.26965857,0.4780054
0.90693045,-0.52837837,-14.944758,0.6897007,0.49096426,-0.5042665,0.17024235
0.7315467,-1.2020737,-15.230339,0.10802547,0.8289276,0.26954305,0.47807553
0.9074624,-0.53004676,-14.944938,0.68973213,0.490161,-0.5049694,0.1703462
0.7314686,-1.2005658,-15.230711,0.108082585,0.8288925,0.26925868,0.47828352
0.9087053,-0.53071547,-14.945094,0.68972236,0.48918542,-0.50595677,0.17025998
0.7321829,-1.1990594,-15.231083,0.10811048,0.8288027,0.26902816,0.47856253
0.90979016,-0.5298157,-14.9452305,0.68962085,0.4883943,-0.5069195,0.17007862
0.73284763,-1.1984613,-15.231428,0.10810246,0.82869154,0.26898023,0.47878373
0.9100367,-0.53114074,-14.94535,0.6896496,0.48762047,-0.50760335,0.17014301
0.7326289,-1.1969407,-15.231785,0.10811411,0.82863057,0.2688248,0.478974
0.910923,-0.52962965,-14.945456,0.6894852,0.48710108,-0.5083933,0.16993834
0.7331775,-1.1960009,-15.232427,0.10802245,0.82828957,0.26882875,0.4795817
0.91240144,-0.5307014,-14.946235,0.68930113,0.48618776,-0.50949174,0.17001073
0.73385984,-1.1955991,-15.232701,0.10797623,0.8280459,0.26887083,0.4799893
0.9124462,-0.53115386,-14.946272,0.6892641,0.48597366,-0.50969094,0.17017578
0.73447764,-1.1952353,-15.23295,0.10793457,0.82779527,0.26896518,0.4803779
0.91303146,-0.53101283,-14.946305,0.6891705,0.48583448,-0.50994164,0.17020118
0.7377046,-1.1949235,-15.233163,0.10794772,0.82670647,0.26990518,0.4817209
0.9140739,-0.53036845,-14.946336,0.68875605,0.48635668,-0.51004523,0.17007722
0.7412948,-1.1967987,-15.232723,0.10826312,0.8248068,0.27172756,0.4838771
0.91398424,-0.53113776,-14.945919,0.6882922,0.48711163,-0.50999504,0.16994518
0.74428564,-1.1971772,-15.2329235,0.10848757,0.8239387,0.2724754,0.4848843
0.9139458,-0.53146774,-14.9455185,0.688058,0.48742232,-0.5100298,0.16989787
0.74616665,-1.1982403,-15.232367,0.10877006,0.82317257,0.2731565,0.48573813
0.913911,-0.530501,-14.945578,0.687749,0.48774105,-0.5102161,0.16967484
0.7485132,-1.1984774,-15.232573,0.10905025,0.8223707,0.2738623,0.48663536
0.91387933,-0.5308254,-14.9452305,0.68755007,0.48794973,-0.51025546,0.1697626
0.7505811,-1.2000084,-15.232755,0.109467566,0.8215787,0.2745646,0.487483
0.9142313,-0.53073984,-14.945294,0.6873044,0.48811537,-0.5104357,0.1697397
0.75341195,-1.2008452,-15.23294,0.10992684,0.8207043,0.27526408,0.48845717
0.9145524,-0.5306619,-14.9453535,0.6871047,0.48823085,-0.5105971,0.16973054
0.75552416,-1.2017082,-15.233131,0.11024236,0.8200059,0.27594623,0.4891736
0.91484594,-0.53127784,-14.945064,0.6869714,0.48830944,-0.5106474,0.16989227
0.757665,-1.2025827,-15.233326,0.11052824,0.8193972,0.27651,0.48981002
0.9147885,-0.5308627,-14.945125,0.6868541,0.4883909,-0.51075333,0.16981402
0.75979143,-1.2034515,-15.233519,0.110786006,0.8188155,0.27705932,0.49041384
0.9150458,-0.531102,-14.945181,0.6867789,0.48839852,-0.510831,0.16986296
0.7618148,-1.2053131,-15.233703,0.11099385,0.8183352,0.27757138,0.49087897
0.9146855,-0.5316278,-14.944932,0.6867791,0.48840997,-0.5107958,0.16993499
0.7637588,-1.2059873,-15.233878,0.11113123,0.81794536,0.2778301,0.49135092
0.9146399,-0.5312537,-14.944989,0.68671346,0.48843762,-0.51087683,0.16987735
0.76690406,-1.2066491,-15.234052,0.1111731,0.8175275,0.27820322,0.49182564
0.9145969,-0.5314566,-14.945044,0.6866984,0.48844674,-0.5108779,0.16990885
0.769855,-1.2086022,-15.234214,0.11134948,0.8171695,0.27841035,0.49226314
0.91482097,-0.5311164,-14.945093,0.6866172,0.48846653,-0.51098466,0.16985886
0.77258307,-1.2089779,-15.2343645,0.111322686,0.8168967,0.27853104,0.4926535
0.915028,-0.53080213,-14.945139,0.6865372,0.48849067,-0.51108503,0.16981058
0.7766907,-1.209328,-15.234504,0.111413226,0.8165797,0.27865577,0.49308783
0.9152195,-0.5309872,-14.945181,0.68647003,0.4885339,-0.5111213,0.16984892
0.77863914,-1.209633,-15.234626,0.11146418,0.8164115,0.27895373,0.49318635
0.91540086,-0.53139347,-14.944991,0.686394,0.4886886,-0.51109046,0.16980414
0.7802926,-1.211555,-15.234729,0.11181746,0.8162897,0.27927592,0.49312577
0.91534954,-0.53089225,-14.945033,0.6862769,0.48890245,-0.5110957,0.16964579
0.78000516,-1.2130988,-15.234813,0.11197999,0.8162931,0.27963063,0.4928821
0.91509336,-0.5310525,-14.944864,0.68623936,0.48908523,-0.51099634,0.16957007
0.78135866,-1.217539,-15.233292,0.11281849,0.816184,0.28034928,0.49246323
0.9150534,-0.53060716,-14.944707,0.6861465,0.489372,-0.51089627,0.16941981
0.78248453,-1.2212325,-15.232027,0.11359249,0.8160481,0.28112113,0.4920704
0.91501534,-0.53056836,-14.944558,0.68608147,0.48964384,-0.5107526,0.16933112
0.78693223,-1.2262884,-15.230883,0.11446953,0.8157612,0.2819827,0.4918498
0.9147858,-0.5305304,-14.944411,0.68601775,0.4899175,-0.5106012,0.16925438
0.7871554,-1.2287059,-15.229952,0.11502734,0.81560606,0.28275356,0.49153438
0.9145609,-0.5308776,-14.944268,0.6859793,0.4901684,-0.51041865,0.169234
0.7873375,-1.2323631,-15.229191,0.11563418,0.8154782,0.283404,0.4912294
0.9141483,-0.53064114,-14.944127,0.68591374,0.4904234,-0.5102987,0.16912276
0.78924465,-1.2354989,-15.2285385,0.1161847,0.81525445,0.2841087,0.4910638
0.91393614,-0.53098613,-14.94399,0.68585604,0.4906588,-0.5101449,0.16913833
0.7908575,-1.2399614,-15.227987,0.11691316,0.8149704,0.28474957,0.49099118
0.91372824,-0.53093976,-14.943855,0.6857923,0.49087527,-0.51003194,0.16910933
0.7941752,-1.2438133,-15.227512,0.11772054,0.81458145,0.2854354,0.49104553
0.91352445,-0.5310865,-14.943723,0.68573266,0.49107686,-0.5099167,0.16911297
0.79695696,-1.2470429,-15.227113,0.11888238,0.813898,0.28625458,0.49142176
0.91351604,-0.5314638,-14.943577,0.6856695,0.49126452,-0.50980383,0.16916451
0.79924566,-1.2518027,-15.226785,0.120135605,0.8131829,0.2871232,0.49179405
0.9132795,-0.53139746,-14.943427,0.6855953,0.49144268,-0.5097301,0.16917022
0.8033431,-1.2557188,-15.2243,0.12141358,0.81225336,0.2879345,0.49254146
0.9129848,-0.53189653,-14.94324,0.6854571,0.49169803,-0.509638,0.16926502
0.8066212,-1.2588519,-15.222313,0.12244165,0.8115137,0.2884212,0.49322093
0.912686,-0.5317944,-14.94305,0.6852392,0.4920586,-0.5095797,0.16927534
0.8117042,-1.2638179,-15.220711,0.123163305,0.81082755,0.28897417,0.4938456
0.9123507,-0.53203213,-14.942485,0.6850144,0.49246112,-0.50948584,0.16929722
0.8156153,-1.2651225,-15.219477,0.12373672,0.8104217,0.28911683,0.4942848
0.9123822,-0.53227717,-14.941902,0.68472964,0.492938,-0.5093891,0.16935274
0.81856763,-1.2661074,-15.218547,0.1240494,0.8102616,0.2891052,0.49447554
0.9120528,-0.5314264,-14.941371,0.6843956,0.49352482,-0.5093135,0.16922107
0.8181596,-1.2668227,-15.217871,0.12418224,0.8101508,0.2891562,0.49459404
0.91209555,-0.53169274,-14.940837,0.6840978,0.4941057,-0.50913805,0.16925773
0.8230917,-1.267362,-15.214742,0.12444288,0.8099335,0.28919044,0.49486434
0.9121345,-0.53087133,-14.940351,0.6837185,0.49479702,-0.50903195,0.16909008
0.826757,-1.2677627,-15.215093,0.12459979,0.80972916,0.2893261,0.49507996
0.91179657,-0.53078467,-14.939851,0.68343616,0.49544993,-0.50881654,0.16896817
0.8267253,-1.2680513,-15.215344,0.12469388,0.8097102,0.28947592,0.49499953
0.91185254,-0.5306973,-14.939347,0.68312955,0.49606442,-0.50865614,0.16888806
0.8267025,-1.2709278,-15.215527,0.12494041,0.8095701,0.28983182,0.49495834
0.91148335,-0.5301802,-14.9388275,0.6828449,0.49668154,-0.50850534,0.16867957
0.82415175,-1.2729019,-15.213117,0.12493238,0.8096848,0.2900041,0.4946718
0.9110811,-0.5305904,-14.938261,0.68258923,0.49730584,-0.50824124,0.16867046
0.82736,-1.2718151,-15.2138815,0.12501623,0.8096717,0.2900305,0.4946566
0.9106892,-0.5294914,-14.937708,0.6822601,0.49795288,-0.50813097,0.16842559
0.8297717,-1.2736039,-15.214457,0.12512267,0.8096148,0.29027742,0.4945778
0.9102772,-0.5299978,-14.937127,0.6821361,0.49849963,-0.50773686,0.16849878
0.8315584,-1.2749293,-15.214883,0.12537983,0.8096922,0.2902938,0.49437642
0.9098773,-0.52877784,-14.9365635,0.68188107,0.49907097,-0.5075806,0.1683107
0.8302315,-1.2784647,-15.215184,0.12553218,0.80981636,0.29047966,0.494025
0.9094703,-0.52938807,-14.93599,0.6816736,0.4995307,-0.5073386,0.16851656
0.826846,-1.2784514,-15.215393,0.12545627,0.8099906,0.29051876,0.49373555
0.9090848,-0.5293412,-14.936072,0.6815212,0.49984476,-0.5072172,0.16856702
0.8267957,-1.2784419,-15.215543,0.12540299,0.81002116,0.29059866,0.49365202
0.90872794,-0.52867925,-14.936149,0.68129706,0.5002566,-0.5070679,0.16870046
0.82675976,-1.2761716,-15.215651,0.12530467,0.8101451,0.29060075,0.4934724
0.9089992,-0.52867854,-14.936216,0.681101,0.5005633,-0.5069329,0.16898784
0.8245833,-1.276673,-15.21573,0.12522064,0.81031626,0.29068875,0.49316064
0.9080302,-0.5280598,-14.936283,0.68101454,0.5007934,-0.5067695,0.16914462
0.82093537,-1.275,-15.215787,0.12458906,0.8109095,0.2903469,0.49254656
0.90773755,-0.5280994,-14.936347,0.6809605,0.50076383,-0.50657964,0.17001638
0.81820625,-1.2737484,-15.215831,0.12410345,0.8113437,0.2901323,0.49208033
0.90678656,-0.5288004,-14.936409,0.68098354,0.50071955,-0.50632644,0.17080712
0.81613714,-1.269112,-15.215863,0.12265696,0.81201,0.2892116,0.49188602
0.906553,-0.5301737,-14.935778,0.68123055,0.50019747,-0.5060992,0.17202067
0.8145485,-1.2655523,-15.215888,0.12139841,0.81263906,0.28831765,0.49168408
0.9056034,-0.53006035,-14.935888,0.68148524,0.49972257,-0.5059887,0.17271562
0.8133143,-1.2611228,-15.215908,0.12010433,0.8132206,0.2874575,0.491544
0.9061565,-0.53207105,-14.935284,0.68176985,0.49922535,-0.5057742,0.17365634
0.8107641,-1.2560626,-15.215923,0.1188964,0.81380355,0.28662845,0.49135694
0.90595835,-0.5318133,-14.934704,0.6820049,0.4987814,-0.5057094,0.17419672
0.8102414,-1.2520459,-15.215935,0.117848314,0.8142682,0.2858827,0.49127412
0.9064982,-0.5330199,-14.934174,0.6822372,0.49834344,-0.50560766,0.17483488
0.80982244,-1.2488261,-15.215944,0.116831824,0.81469804,0.28521147,0.49119443
0.9069931,-0.533411,-14.933688,0.68241936,0.49797237,-0.505539,0.175379
0.8094836,-1.2462214,-15.215953,0.115916796,0.8151057,0.28456283,0.49111107
0.9074282,-0.53375494,-14.933939,0.68262774,0.49756795,-0.50552607,0.1757527
0.8079195,-1.2428083,-15.215959,0.11486679,0.8155562,0.28385067,0.49102196
0.9078124,-0.5327683,-14.934161,0.6828551,0.4971305,-0.5055711,0.17597747
0.80663264,-1.2400001,-15.215964,0.11386135,0.8159503,0.28331313,0.4909119
0.9081529,-0.5337326,-14.933744,0.68315804,0.49665645,-0.50550216,0.17633793
0.8067277,-1.2365099,-15.217131,0.112994514,0.8162636,0.2827724,0.49090308
0.90786827,-0.53401315,-14.93396,0.68343437,0.49622053,-0.50549805,0.1765061
0.80570316,-1.233595,-15.218104,0.11220364,0.8165541,0.28235444,0.49084187
0.9076006,-0.534277,-14.934163,0.6836677,0.4958368,-0.5054947,0.17669028
0.803793,-1.2321926,-15.218924,0.111881524,0.8169829,0.2820611,0.49037033
0.9066905,-0.5351832,-14.934369,0.6840051,0.49545878,-0.5054396,0.17660269
0.8021763,-1.2320019,-15.219617,0.111729905,0.8173269,0.28185722,0.48994872
0.9070991,-0.5347712,-14.93455,0.6842101,0.4951354,-0.5055533,0.17638978
0.8007996,-1.2308931,-15.220207,0.11158929,0.8176012,0.28171104,0.48960713
0.9074628,-0.5355593,-14.934712,0.6843836,0.49483272,-0.5056427,0.17631012
0.7996205,-1.2317418,-15.219814,0.111703746,0.817683,0.2818321,0.48937464
0.9077875,-0.5362631,-14.934856,0.68453115,0.49457976,-0.50573087,0.17619382
0.79860514,-1.2316183,-15.219475,0.11178236,0.81774044,0.28191948,0.48921037
0.9080783,-0.5358513,-14.934987,0.6846105,0.4943924,-0.50587964,0.17598452
0.7985378,-1.2315114,-15.219181,0.1119039,0.81769,0.28212318,0.48914945
0.90883464,-0.5364714,-14.934608,0.68468475,0.49421734,-0.50597376,0.17591688
0.7977082,-1.2321892,-15.218926,0.11202575,0.81761724,0.28233662,0.48912004
0.90904593,-0.53561926,-14.934737,0.68469286,0.4941161,-0.50612634,0.17573047
0.7977157,-1.2327815,-15.218704,0.1122063,0.8174526,0.2826013,0.48920104
0.90923685,-0.5357429,-14.934407,0.6847028,0.49400175,-0.50626326,0.1756185
0.7977223,-1.2333015,-15.218508,0.11236408,0.81725806,0.28284526,0.4893488
0.90940976,-0.53543043,-14.934108,0.68469906,0.4938924,-0.5064228,0.17548063
0.7977281,-1.2344205,-15.218335,0.112521574,0.8170324,0.28313038,0.48952448
0.90956783,-0.5355508,-14.933835,0.68467444,0.4937859,-0.50658,0.17542273
0.798989,-1.2347827,-15.218183,0.11268581,0.81677276,0.28337237,0.4897798
0.91009754,-0.5348887,-14.933972,0.68460256,0.493704,-0.50679725,0.17530648
0.79951215,-1.2351043,-15.218048,0.112800226,0.81651086,0.28365526,0.4900264
0.9105806,-0.5353845,-14.93373,0.68458253,0.49358016,-0.506951,0.17528889
0.800545,-1.2359575,-15.217927,0.112930015,0.8162568,0.28389844,0.4902789
0.91102195,-0.5347929,-14.933858,0.6845025,0.49349907,-0.5071735,0.17518626
0.80146825,-1.2367203,-15.217819,0.1130701,0.8160034,0.28414255,0.49052694
0.91142607,-0.5349129,-14.933644,0.68446106,0.49340272,-0.50732917,0.1751687
0.8017849,-1.2374043,-15.217723,0.113154635,0.8157915,0.28438246,0.49072087
0.9114826,-0.535023,-14.933762,0.6844311,0.49330676,-0.50747824,0.17512421
0.8025555,-1.2380196,-15.217636,0.11326481,0.8155774,0.2845876,0.49093235
0.9115344,-0.534527,-14.93387,0.6843625,0.4932472,-0.5076529,0.17505397
0.8027891,-1.2385745,-15.217558,0.11335527,0.8153845,0.28479946,0.49110892
0.9118657,-0.53463775,-14.9339695,0.6843116,0.4931596,-0.50780994,0.17504348
0.8034387,-1.2390765,-15.217486,0.11346781,0.81523615,0.28496766,0.4912317
0.91217124,-0.5347398,-14.934061,0.68422824,0.4930738,-0.50799656,0.17507018
0.80402774,-1.2395315,-15.217422,0.113614455,0.8151423,0.28511384,0.49126887
0.91245335,-0.5345781,-14.934146,0.6841396,0.49304932,-0.50814515,0.17505385
0.80377156,-1.2399452,-15.217362,0.11374103,0.81511635,0.28525737,0.4911992
0.912471,-0.5346717,-14.934224,0.68408763,0.493028,-0.508235,0.17505638
0.8042902,-1.2403218,-15.21731,0.11388754,0.81508064,0.28538615,0.4911497
0.9124873,-0.5345274,-14.934298,0.6840349,0.49304634,-0.5082973,0.17502998
0.8044096,-1.2406751,-15.217259,0.114017665,0.81507385,0.28551942,0.4910533
0.9125025,-0.53483254,-14.934145,0.6839937,0.49305135,-0.50834686,0.17503308
0.8041682,-1.2410005,-15.217214,0.11413973,0.815099,0.28562987,0.4909188
0.9125166,-0.5346988,-14.934212,0.68394506,0.493082,-0.5083923,0.17500496
0.803932,-1.241676,-15.217169,0.11425983,0.81512165,0.2857428,0.4907876
0.9125302,-0.5349799,-14.934072,0.6839172,0.49311286,-0.5083969,0.17501326
0.8036958,-1.2423512,-15.217125,0.114395574,0.8151517,0.28583258,0.49065384
0.9125428,-0.53465754,-14.934136,0.68387103,0.49316666,-0.50841576,0.17498755
0.80385906,-1.2430894,-15.217075,0.11455723,0.8151782,0.28592342,0.49051914
0.9127614,-0.53494054,-14.933998,0.6838319,0.49320686,-0.50842285,0.1750067
0.80357987,-1.2438321,-15.217026,0.11472754,0.81520605,0.2860547,0.49035653
0.91276956,-0.53501,-14.934066,0.683804,0.4932701,-0.50840014,0.17500328
0.80327994,-1.2451295,-15.216973,0.11493972,0.81521934,0.28622162,0.4901873
0.91258496,-0.5348831,-14.93413,0.68377835,0.49333304,-0.50838655,0.17496553
0.8029785,-1.2459038,-15.216919,0.11517023,0.8152203,0.28642356,0.4900136
0.91259634,-0.534951,-14.934192,0.68376166,0.49339455,-0.5083549,0.17494927
0.80331594,-1.2498354,-15.216119,0.11632853,0.8147321,0.28759247,0.48986724
0.9124152,-0.53501755,-14.934253,0.68375087,0.493481,-0.5083112,0.17487405
0.80585647,-1.257135,-15.215059,0.11869894,0.813497,0.28970832,0.49010432
0.91223764,-0.53489053,-14.934313,0.6837388,0.4935639,-0.5082771,0.17478639
0.8102608,-1.2671812,-15.213803,0.12169468,0.81184804,0.29234013,0.49054095
0.91225594,-0.5351505,-14.934371,0.68372554,0.49364114,-0.50824606,0.17471077
0.8189209,-1.2840593,-15.210543,0.1272033,0.80926406,0.29527527,0.49165395
0.9120816,-0.5352131,-14.934428,0.6837183,0.49368674,-0.50825363,0.17458831
0.8272506,-1.3002933,-15.207406,0.1325529,0.8067898,0.2979324,0.4927031
0.9119108,-0.5354667,-14.9344845,0.683712,0.49371892,-0.508277,0.17445384
0.8370924,-1.3171022,-15.204641,0.1375116,0.8044991,0.30013,0.4937549
0.91174334,-0.53571516,-14.93454,0.6836982,0.49375343,-0.50831264,0.17430638
0.8477965,-1.3307117,-15.199668,0.14205714,0.8024229,0.3016967,0.49489033
0.91157925,-0.5355742,-14.934594,0.6836739,0.49377787,-0.5083953,0.17409115
0.85912794,-1.3472917,-15.195787,0.14592549,0.8004824,0.30326322,0.49594882
0.91141653,-0.5358235,-14.934453,0.6836554,0.49377677,-0.5084801,0.17391934
0.86737627,-1.3593607,-15.192964,0.14901273,0.79875857,0.30452162,0.4970377
0.9114514,-0.5358728,-14.934509,0.6836197,0.4937585,-0.50861996,0.1737025
0.8798329,-1.3712091,-15.187655,0.15159218,0.7970118,0.30566764,0.4983566
0.91149896,-0.53647816,-14.934317,0.68357885,0.49372128,-0.5087628,0.17355064
0.88477546,-1.3757458,-15.184113,0.15348582,0.7956834,0.30644614,0.49942055
0.91127306,-0.53652924,-14.934401,0.6835478,0.49367562,-0.5089427,0.17327508
0.8949845,-1.3822263,-15.181752,0.15515354,0.79413056,0.30731666,0.5008397
0.9113427,-0.5373069,-14.934149,0.6835323,0.4936106,-0.50908506,0.17310323
0.9051385,-1.3864416,-15.180217,0.15621866,0.7926116,0.30822682,0.5023533
0.9114193,-0.5377548,-14.933873,0.68348074,0.4935685,-0.5092669,0.17289142
0.91172457,-1.3927674,-15.17922,0.15731548,0.7910029,0.30935302,0.50385207
0.9114981,-0.5382159,-14.934028,0.6834376,0.49350384,-0.5094607,0.17267588
0.9159062,-1.3967837,-15.178588,0.15807655,0.7896124,0.3103784,0.5051628
0.9110674,-0.5392597,-14.934202,0.68343675,0.49339896,-0.5096198,0.17250957
0.92219865,-1.3993003,-15.178193,0.15874536,0.7882029,0.3113182,0.5065739
0.91118675,-0.5397536,-14.934377,0.68341213,0.4933049,-0.5098228,0.17227574
0.92989486,-1.4046215,-15.177944,0.15877666,0.7871735,0.3117209,0.50791526
0.91192555,-0.5408863,-14.93456,0.6833411,0.49322522,-0.51001894,0.17220484
0.9505223,-1.4198028,-15.173861,0.15915401,0.7866043,0.3112994,0.5089365
0.9120001,-0.54072785,-14.934723,0.68328947,0.49311745,-0.5102721,0.17196867
1.0316724,-1.4793496,-15.171102,0.15979207,0.78673655,0.30890894,0.50998765
0.91207755,-0.5418553,-14.935538,0.68331695,0.4928768,-0.51051927,0.17181559
1.0979931,-1.5283295,-15.169505,0.15982838,0.78714776,0.3070102,0.51048803
0.91134644,-0.5448416,-14.936507,0.68343484,0.4926091,-0.51063687,0.17176467
1.2335202,-1.6432285,-15.168615,0.16000143,0.7879915,0.3036933,0.5111156
0.9115326,-0.54812765,-14.937574,0.68352836,0.49238917,-0.51072395,0.17176436
1.3924421,-1.7626792,-15.168198,0.15936176,0.7891015,0.3002166,0.5116569
0.9117164,-0.5502832,-14.938629,0.68361926,0.49217445,-0.51086754,0.17159063
1.480028,-1.8346667,-15.161836,0.15870352,0.7899686,0.2979639,0.5118402
0.9119102,-0.55514914,-14.93974,0.6837608,0.49199235,-0.51087445,0.1715284
1.5371572,-1.8798007,-15.159525,0.15792961,0.7909038,0.2962252,0.51164454
0.9106718,-0.55834174,-14.940794,0.6839272,0.49183255,-0.51086473,0.17135279
1.5957152,-1.9212908,-15.158722,0.15734346,0.79162484,0.2948999,0.5114756
0.909582,-0.5596824,-14.941721,0.68405163,0.49170104,-0.510879,0.17119049
1.6479622,-1.9547606,-15.158453,0.15658264,0.79228777,0.29402247,0.5111877
0.9101634,-0.5624581,-14.942557,0.6841748,0.4915632,-0.5108778,0.17109793
1.7387483,-2.0193045,-15.158365,0.15581243,0.79289645,0.29358548,0.51073015
0.91069055,-0.56667024,-14.941621,0.6843101,0.49140465,-0.5108733,0.17102545
1.8007125,-2.0663865,-15.158338,0.1552162,0.79343116,0.29322484,0.5102883
0.91115254,-0.57036203,-14.940801,0.68441796,0.49128908,-0.5108661,0.17094757
1.860422,-2.1079025,-15.151438,0.15462601,0.79396,0.29277644,0.5099023
0.91322297,-0.56978315,-14.941881,0.6845054,0.49120942,-0.510882,0.17077889
1.9192604,-2.140654,-15.149466,0.15390614,0.7944363,0.29230013,0.5096514
0.9132101,-0.5710412,-14.941043,0.6846061,0.49109834,-0.51088744,0.17067838
1.9707806,-2.1778855,-15.155947,0.1530666,0.7950106,0.29170457,0.5093498
0.91319877,-0.5759314,-14.940297,0.6847191,0.49101755,-0.5108186,0.1706636
2.6241703,-2.7117293,-15.173231,0.14900468,0.7968894,0.28780568,0.50983614
0.9131901,-0.5742873,-14.941522,0.68477356,0.49100453,-0.51088375,0.17028695
2.808676,-2.872326,-15.176687,0.14571886,0.79847,0.28467077,0.5100729
0.9131832,-0.57473177,-14.942493,0.6848403,0.49093774,-0.51096016,0.16998118
2.9147844,-2.965963,-15.17738,0.14317146,0.7997889,0.28209534,0.5101588
0.9131776,-0.57508963,-14.945,0.6848879,0.49092534,-0.51100546,0.16968928
3.120559,-3.146174,-15.185206,0.14097726,0.8011998,0.27959475,0.5099325
0.9115361,-0.57209414,-14.946954,0.6849611,0.49090147,-0.51109284,0.16919927
3.2155418,-3.2360442,-15.186772,0.1391084,0.8024769,0.27750346,0.50957984
0.9117976,-0.5697332,-14.948494,0.6850628,0.4909017,-0.5111165,0.16871421
3.2883663,-3.307846,-15.187085,0.13753383,0.8035837,0.27589044,0.5091388
0.9105282,-0.5708084,-14.94972,0.685201,0.4908929,-0.5110527,0.16837156
3.3644488,-3.360655,-15.194838,0.1360098,0.80459607,0.27443367,0.5087365
0.9095077,-0.57167286,-14.949303,0.6853396,0.49090832,-0.51094836,0.16807891
3.4796314,-3.4788725,-15.196388,0.13460368,0.80554295,0.27336052,0.5081895
0.9086563,-0.5723941,-14.948955,0.6854832,0.49095887,-0.5108128,0.1677573
3.5718753,-3.5486543,-15.196698,0.13330366,0.80630225,0.27255702,0.5077594
0.9079172,-0.5730201,-14.948651,0.6856153,0.4910063,-0.5106902,0.16745132
3.6441522,-3.6010592,-15.19676,0.1319151,0.807061,0.27184922,0.5072958
0.90727776,-0.5735617,-14.94839,0.6857262,0.491001,-0.5106283,0.16720168
3.7201252,-3.6653683,-15.196773,0.1306194,0.8077748,0.27124965,0.5068158
0.9067591,-0.5726671,-14.948177,0.68577737,0.49104416,-0.5106078,0.16692723
3.7968373,-3.724368,-15.1967745,0.12932816,0.80845165,0.27067205,0.5063762
0.90760195,-0.57193524,-14.946736,0.68579197,0.49106175,-0.51064014,0.16671635
3.8890767,-3.789996,-15.196775,0.12814146,0.8090272,0.27016827,0.5060276
0.9082971,-0.57133156,-14.945548,0.6857484,0.49110654,-0.5107076,0.16655692
3.9613526,-3.8338804,-15.196775,0.12688372,0.8096079,0.26960206,0.50571775
0.90887487,-0.56968623,-14.94456,0.68566555,0.49117503,-0.51080036,0.16641185
4.045015,-3.904175,-15.196775,0.125613,0.81023127,0.26894632,0.5053855
0.9093583,-0.5683091,-14.943734,0.6856001,0.49122182,-0.5108831,0.16628942
4.1309547,-3.9720619,-15.204466,0.12415476,0.8109353,0.2680655,0.5050845
0.9097658,-0.568181,-14.943037,0.68562233,0.4911929,-0.5108839,0.16628055
4.663353,-4.400883,-15.236762,0.12040481,0.8124675,0.26544264,0.5049153
0.91011125,-0.5690529,-14.943427,0.68558645,0.49095353,-0.5110922,0.16649553
5.046662,-4.6865797,-15.266291,0.11426846,0.8143508,0.26324764,0.5044564
0.91040593,-0.5688651,-14.944692,0.6855799,0.49062723,-0.5113958,0.16655165
5.1925306,-4.774478,-15.279886,0.107851446,0.8160947,0.26109397,0.5041702
0.91065884,-0.56781906,-14.945776,0.68556166,0.49038333,-0.51169366,0.16643073
5.2755327,-4.838196,-15.282606,0.101820424,0.81764346,0.25915134,0.50391716
0.9108769,-0.56691676,-14.946711,0.68556225,0.4901222,-0.51195633,0.16638927
5.330581,-4.8893876,-15.290839,0.09617418,0.8190739,0.25753084,0.5035338
0.9102673,-0.56693333,-14.946724,0.6857307,0.4897859,-0.5120754,0.16631888
5.3954196,-4.9457645,-15.292486,0.09127909,0.8201927,0.2562818,0.503261
0.9097363,-0.56618893,-14.947494,0.6858157,0.48955902,-0.512239,0.16613255
5.469905,-4.9954886,-15.292815,0.08702853,0.82098806,0.25511542,0.5033098
0.90927166,-0.56625843,-14.947447,0.6859568,0.48934472,-0.51231825,0.1659369
5.7492304,-5.2211957,-15.309811,0.07595247,0.8224749,0.25214392,0.5041724
0.9091536,-0.5657349,-14.946716,0.68603134,0.48885822,-0.5128035,0.16556367
5.840565,-5.319714,-15.311659,0.0701521,0.8232264,0.25043148,0.5046396
0.91002876,-0.5664417,-14.946108,0.68603873,0.48846757,-0.5132012,0.16545355
6.5355263,-6.0007324,-15.3889265,0.056532353,0.8257722,0.24594016,0.5043986
0.91021955,-0.56707,-14.946154,0.68629736,0.48742965,-0.5139642,0.16507314
6.720656,-6.206144,-15.412069,0.047027405,0.82759124,0.24241474,0.5040995
0.9103898,-0.5676304,-14.946195,0.6865701,0.48647955,-0.5146304,0.16466562
6.8115106,-6.3087435,-15.424387,0.040544383,0.8288845,0.23945509,0.50395244
0.9105706,-0.5688554,-14.946238,0.6867935,0.4856982,-0.5151037,0.16456077
7.006544,-6.567644,-15.442231,0.035295423,0.83053535,0.23503688,0.5037093
0.91075045,-0.5694039,-14.946281,0.68687046,0.48508915,-0.515658,0.16429974
7.0839996,-6.650183,-15.461179,0.031253267,0.8315238,0.23181295,0.5038396
0.9115457,-0.56925243,-14.946321,0.6868703,0.48458079,-0.51621383,0.16405487
7.1533184,-6.7205186,-15.457278,0.028257437,0.8319737,0.22982234,0.5041856
0.9123786,-0.57052106,-14.945646,0.6869419,0.48412547,-0.5165118,0.16416155
7.205631,-6.811483,-15.464189,0.023784295,0.8319626,0.23027876,0.50422645
0.91323733,-0.5718291,-14.944952,0.68696946,0.48357603,-0.5169658,0.16423665
7.254542,-6.845055,-15.442502,0.02003308,0.8313229,0.23196688,0.5046705
0.9148565,-0.5722435,-14.944301,0.68689716,0.4832294,-0.5173703,0.16428575
7.2643237,-6.83639,-15.445854,0.016240139,0.8307724,0.23372233,0.5049033
0.91554546,-0.57263416,-14.943686,0.68692994,0.48289832,-0.51765245,0.16423272
7.250901,-6.834657,-15.446524,0.012790194,0.83045125,0.23554185,0.5046853
0.9169417,-0.57217634,-14.943152,0.6868595,0.4827153,-0.51791734,0.1642304
7.2482166,-6.84969,-15.438969,0.009799129,0.83035946,0.23754331,0.50396466
0.9183835,-0.57349944,-14.9426,0.68699676,0.48246947,-0.5178861,0.16447692
7.2476797,-6.8296275,-15.437458,0.006471053,0.83035713,0.23924783,0.5032153
0.9197374,-0.57381177,-14.941153,0.6871013,0.4824293,-0.5177759,0.16450514
7.2552624,-6.825615,-15.437155,0.0036658775,0.83034265,0.24098705,0.50243706
0.9200156,-0.5731963,-14.93991,0.6872533,0.4823766,-0.51767045,0.16435671
7.2337093,-6.8325024,-15.437095,0.0011833531,0.83064795,0.24271959,0.5011085
0.9202881,-0.57449925,-14.938694,0.6874729,0.48236528,-0.5173478,0.16448742
7.2217093,-6.8338795,-15.437083,0.0005831103,-0.8309352,-0.24441606,-0.49980706
0.9205527,-0.5757643,-14.937512,0.68773425,0.48242402,-0.5169193,0.16456999
7.20393,-6.8187757,-15.42939,0.0066136965,-0.83140594,-0.2467275,-0.49784136
0.9197373,-0.5769295,-14.936424,0.68801755,0.48308754,-0.5159947,0.16434073
7.1926837,-6.8234444,-15.427852,0.010397857,-0.83167756,-0.24825807,-0.49656045
0.9189888,-0.5779992,-14.935426,0.6882186,0.48357514,-0.5152919,0.16427006
7.1981244,-6.816689,-15.435234,0.013492596,-0.831559,-0.24888754,-0.49636957
0.9183554,-0.5778612,-14.935624,0.68826276,0.48399794,-0.5148748,0.16414745
7.1992126,-6.8076477,-15.43671,0.01576235,-0.8314585,-0.24914202,-0.49634334
0.91781384,-0.57774323,-14.935793,0.688308,0.48423257,-0.5145962,0.16413952
7.1917405,-6.7981496,-15.444695,0.017385261,-0.83125734,-0.24907249,-0.49666077
0.9193128,-0.5776387,-14.935944,0.6882503,0.48435903,-0.5145481,0.16415899
7.197936,-6.8116302,-15.430913,0.018159999,-0.830995,-0.24914637,-0.4970349
0.91866887,-0.5785482,-14.936079,0.6883637,0.48437747,-0.5143506,0.1642483
7.2068644,-6.7912564,-15.435846,0.019434417,-0.83066434,-0.24879071,-0.49771714
0.9181198,-0.578367,-14.936195,0.68843246,0.48437598,-0.51427895,0.16418871
7.200961,-6.7948713,-15.436833,0.020313678,-0.83033764,-0.24839352,-0.498425
0.91857415,-0.57820666,-14.936298,0.6884707,0.48427367,-0.51430553,0.16424678
7.2151594,-6.772526,-15.437031,0.021609386,-0.82983446,-0.24790427,-0.4994512
0.9180233,-0.579033,-14.935419,0.68855953,0.48410183,-0.5143348,0.16428953
7.2103095,-6.7680564,-15.437071,0.022447396,-0.82944417,-0.24739076,-0.5003162
0.917545,-0.57880664,-14.934655,0.6886255,0.48390204,-0.5144473,0.16424917
7.219911,-6.7715974,-15.420162,0.02459228,-0.82835746,-0.24658825,-0.50240767
0.91752934,-0.5814551,-14.933206,0.68872523,0.48328385,-0.51486325,0.16434796
7.2266393,-6.7755604,-15.410627,0.026259894,-0.827548,-0.24625735,-0.5038176
0.91928613,-0.58203316,-14.932547,0.6886636,0.48282015,-0.51539266,0.16430962
7.2279725,-6.753481,-15.416358,0.028409388,-0.8269237,-0.24609166,-0.5048058
0.9197156,-0.58256483,-14.930754,0.6885957,0.48235863,-0.5159399,0.16423231
7.251087,-6.756527,-15.409931,0.030752338,-0.8246954,-0.24812469,-0.50731254
0.9213572,-0.5830543,-14.929103,0.6884917,0.4817885,-0.5165787,0.16433391
7.2483416,-6.7347903,-15.423527,0.03256371,-0.8234196,-0.24932423,-0.50868195
0.9227278,-0.58226734,-14.928921,0.6883518,0.4813727,-0.51717967,0.16424818
7.255164,-6.752231,-15.411698,0.033036638,-0.8224643,-0.25056463,-0.5095866
0.92506653,-0.5815947,-14.928765,0.6881602,0.48103404,-0.51775414,0.1642334
7.256705,-6.763599,-15.416457,0.033176716,-0.8216635,-0.2521816,-0.51007146
0.9259858,-0.58219147,-14.928623,0.6880527,0.48085824,-0.51808363,0.16415948
7.249792,-6.744357,-15.432022,0.03380571,-0.8211897,-0.25287375,-0.5104505
0.9278977,-0.5803904,-14.928506,0.6878369,0.48079026,-0.5184834,0.16400081
7.248102,-6.761344,-15.428596,0.03364272,-0.8208554,-0.253748,-0.51056504
0.9284074,-0.5799736,-14.928407,0.6877578,0.4807464,-0.5186702,0.16386996
7.2296715,-6.7646904,-15.427545,0.03414122,-0.8205494,-0.2553349,-0.51023245
0.927234,-0.58026695,-14.929277,0.68764144,0.48099056,-0.51871663,0.16349462
7.221662,-6.7663336,-15.434511,0.034648884,-0.8205576,-0.25571743,-0.5099935
0.92677885,-0.5799065,-14.93009,0.6876483,0.48115858,-0.5186525,0.16317421
7.231744,-6.768856,-15.426037,0.035574872,-0.8202454,-0.25702718,-0.5097735
0.92605716,-0.5793351,-14.931376,0.68765354,0.48156232,-0.51846105,0.16256857
7.215764,-6.7675033,-15.433828,0.036368392,-0.82058537,-0.25722545,-0.5090699
0.9249304,-0.5799467,-14.93105,0.6877676,0.48174956,-0.5182095,0.16233316
7.2110815,-6.773858,-15.436111,0.036997672,-0.820906,-0.2576278,-0.50830364
0.92475075,-0.5796797,-14.930768,0.68782544,0.48198748,-0.51799953,0.16205195
7.2096934,-6.7757416,-15.430066,0.037479043,-0.821178,-0.25805083,-0.5076139
0.9245943,-0.5802045,-14.930521,0.6878876,0.482177,-0.517813,0.16182019
7.2027555,-6.756695,-15.434833,0.03886977,-0.821522,-0.25835025,-0.5067998
0.92445725,-0.57994425,-14.9303055,0.6879598,0.4823801,-0.51761585,0.16153854
7.200541,-6.763631,-15.429845,0.03996616,-0.82185054,-0.25876817,-0.505968
0.9236533,-0.5797155,-14.930116,0.6880089,0.4825786,-0.51747453,0.16118847
7.180893,-6.765805,-15.415647,0.045212567,-0.8226858,-0.26175871,-0.50261945
0.92294383,-0.57951367,-14.929298,0.6881085,0.48287296,-0.5172657,0.16055097

