ICVP Direct Stim Program 4.0.1+v4.0.1 - RelativeLocations
Updated at: 2022-08-22--20-09-58
Subject ID: CKT
Tester ID: kstipp
Direct Stimulation Input from the UI

UserID ; Time ; Electrodes ; Frequency (Hz) ; Cathodic Phase Duration (us) ; Train Length (ms) ; Duty On (ms); Duty Off (ms) ; Inter-train Length (ms) ; Amplitude (uA) ; Sent to Gateway ; Response ; Response Latency (ms) ; Response Duration (ms) ; Comments
kstipp ; 2022-08-22--20-09-58 ; 0D00 , 0D00-0D03 ; 200 ; 200 ; 1000 ; 1000 ; 0 ; 0 ; 40 ; True ;  ;  ;  ; Didn't see anything

Position t,Position u,Position v,Orientation w,Orientation x,Orientation y,Orientation z
0.7201065,-1.3195671,-15.226345,0.1374764,0.80449694,0.32487643,0.47784972
0.8643565,-0.51013136,-14.943608,0.6626249,0.50950056,-0.5323895,0.13378683
0.7229905,-1.3188179,-15.228804,0.1373976,0.80424285,0.32487532,0.4783006
0.8645929,-0.50991,-14.941564,0.66245264,0.50925326,-0.53279537,0.13396536
0.722413,-1.3156074,-15.227918,0.13724957,0.80400157,0.3248893,0.478739
0.86475253,-0.51283723,-14.940183,0.662548,0.5090058,-0.5328363,0.13427152
0.733651,-1.3135042,-15.226808,0.1367606,0.8030503,0.324989,0.48040497
0.87543994,-0.5172911,-14.93858,0.66227406,0.50675505,-0.5352158,0.13467215
0.73547745,-1.3117421,-15.229179,0.13645546,0.8025725,0.3249827,0.4812937
0.875199,-0.5178683,-14.938145,0.6622721,0.5060936,-0.5357601,0.1350038
0.7367899,-1.310476,-15.230883,0.13615106,0.8020776,0.3250188,0.48217982
0.87820685,-0.51825976,-14.937849,0.66219777,0.50552493,-0.53633255,0.13522625
0.73773277,-1.3095663,-15.232107,0.13582358,0.8015619,0.32497564,0.48315772
0.87706786,-0.5216436,-14.937654,0.6622522,0.5048314,-0.5368598,0.13545804
0.7384129,-1.3061873,-15.23299,0.1354463,0.80105525,0.32494992,0.48412013
0.8763067,-0.5239049,-14.937524,0.66232336,0.5042915,-0.5372218,0.1356858
0.738899,-1.3064873,-15.233622,0.13516042,0.80056924,0.32486767,0.48505828
0.8758027,-0.52238005,-14.940459,0.6622828,0.50383836,-0.53772324,0.1355807
0.74196464,-1.3067027,-15.234075,0.13491543,0.80003196,0.3248396,0.48603088
0.8815897,-0.52438736,-14.942503,0.66225857,0.50322,-0.5382166,0.13603702
0.74144983,-1.3068565,-15.234398,0.13470452,0.7995772,0.32477838,0.48687792
0.88245267,-0.52269953,-14.943883,0.6622635,0.5027398,-0.5386248,0.1361732
0.7410812,-1.3069667,-15.23463,0.13447115,0.79925835,0.32462502,0.48756766
0.88302857,-0.5186014,-14.944804,0.6622138,0.50236523,-0.5391274,0.13580778
0.74347305,-1.3096981,-15.234794,0.13431552,0.79889655,0.32458758,0.488228
0.88342476,-0.518741,-14.94248,0.66237336,0.501916,-0.5393849,0.13566841
0.7425515,-1.3063695,-15.234912,0.1340514,0.79863596,0.32442153,0.48883697
0.88083434,-0.5245445,-14.940927,0.66268057,0.5015874,-0.53924125,0.13595381
0.74453783,-1.3066126,-15.234998,0.13388641,0.7983772,0.32426918,0.48940548
0.8818638,-0.52292126,-14.939838,0.662834,0.5011682,-0.53946584,0.13586064
0.7459762,-1.3067884,-15.23506,0.13368341,0.7982279,0.32403445,0.48985985
0.8825594,-0.51637065,-14.939104,0.6626254,0.5009935,-0.5400172,0.13533159
0.74702483,-1.304243,-15.2351055,0.13351245,0.7980923,0.32379454,0.4902859
0.88582975,-0.5199079,-14.93857,0.6626155,0.50066346,-0.5402369,0.13572416
0.7477782,-1.3050753,-15.235139,0.13343383,0.7979363,0.3236045,0.49068648
0.88818276,-0.52245295,-14.938187,0.66262585,0.5003999,-0.5403525,0.13618447
0.7432002,-1.305652,-15.235161,0.13340713,0.7981366,0.32308716,0.49070898
0.887087,-0.5242139,-14.940645,0.6627515,0.49949944,-0.5408838,0.13676853
0.7423947,-1.3060716,-15.235177,0.13346294,0.7982669,0.32264465,0.490773
0.8863218,-0.5227895,-14.942361,0.66263497,0.4990219,-0.54144853,0.13684162
0.74180055,-1.3038552,-15.23519,0.13345213,0.798378,0.32219326,0.49089172
0.8857784,-0.52177787,-14.943581,0.6624919,0.49892256,-0.54164475,0.13711946
0.73889244,-1.3022519,-15.235198,0.13343334,0.7984863,0.32191384,0.490904
0.88538885,-0.52617276,-14.944454,0.66260993,0.49885067,-0.54141206,0.13772872
0.73921376,-1.3010577,-15.235206,0.1334226,0.7985744,0.32163176,0.49094856
0.8851091,-0.52431715,-14.945083,0.66240084,0.49898544,-0.54154044,0.13774091
0.7394538,-1.2976581,-15.23521,0.13339832,0.7986311,0.32136124,0.49103996
0.8849101,-0.5205847,-14.945528,0.66230255,0.4990954,-0.5416252,0.13748182
0.73962677,-1.3000976,-15.235213,0.13347818,0.79866505,0.32123265,0.49104714
0.8847619,-0.5202035,-14.94586,0.66219586,0.49920824,-0.54158354,0.13775033
0.739756,-1.2994705,-15.235216,0.13353533,0.7986818,0.32110205,0.49108985
0.88465184,-0.5222926,-14.943734,0.6622135,0.49932408,-0.54135,0.13816293
0.7374514,-1.2990131,-15.235218,0.1335231,0.798765,0.32097742,0.49103925
0.8845717,-0.51922786,-14.94448,0.6621085,0.49936712,-0.541476,0.13801679
0.74053836,-1.2986678,-15.23522,0.1335572,0.7987321,0.3208086,0.49119386
0.8868396,-0.5215159,-14.942727,0.6620713,0.4994476,-0.54145575,0.13798322
0.7404363,-1.2959807,-15.235221,0.1335266,0.7987775,0.3205783,0.49127856
0.88623637,-0.52322525,-14.941418,0.6621707,0.49946007,-0.5413412,0.1379104
0.7403604,-1.2963967,-15.235222,0.13356546,0.7988101,0.3203681,0.4913521
0.88579786,-0.5200781,-14.94266,0.6621131,0.499386,-0.5415978,0.13744783
0.7427188,-1.2967086,-15.235223,0.13363211,0.79878676,0.32021534,0.4914716
0.88546324,-0.5220175,-14.941439,0.66213673,0.4993277,-0.5416393,0.13738136
0.7420752,-1.2969398,-15.235223,0.13361979,0.79881805,0.32002422,0.49154857
0.8852146,-0.51929283,-14.942614,0.6620492,0.49934578,-0.54187137,0.1368218
0.73925453,-1.2947636,-15.235223,0.13352051,0.79886043,0.31990144,0.49158657
0.8850228,-0.52334553,-14.941468,0.66218793,0.49926084,-0.5417433,0.1369675
0.7394705,-1.2931087,-15.235223,0.1334119,0.79885733,0.31978294,0.49169818
0.88487285,-0.5244746,-14.940573,0.6621057,0.49926195,-0.54185236,0.1369292
0.7396312,-1.2942057,-15.235223,0.1333849,0.7988489,0.31963307,0.49181658
0.8847552,-0.5253601,-14.939872,0.6619171,0.49948704,-0.5418498,0.13702989
0.7420714,-1.2950336,-15.235223,0.13344747,0.798788,0.31942716,0.4920323
0.886664,-0.5220479,-14.939326,0.66160727,0.4996946,-0.5421235,0.13668685
0.74161,-1.2956536,-15.235223,0.13343467,0.7987623,0.31929436,0.49216363
0.8881915,-0.52141845,-14.9388895,0.6614437,0.49980903,-0.54220724,0.13672799
0.741262,-1.2961214,-15.235223,0.13342366,0.79871905,0.31922278,0.4922833
0.8894075,-0.5249925,-14.938542,0.6615568,0.49980217,-0.5419933,0.1370538
0.74329466,-1.2941817,-15.235223,0.13338841,0.7986246,0.31912056,0.4925124
0.888369,-0.52378154,-14.938278,0.66154325,0.4998809,-0.5419668,0.13693699
0.7448313,-1.2950048,-15.235223,0.13335921,0.79854774,0.3190252,0.49270672
0.88758373,-0.52100325,-14.938079,0.66144735,0.4999587,-0.5420899,0.13662869
0.7459969,-1.2956291,-15.235223,0.13320728,0.79843014,0.3189978,0.49295604
0.888825,-0.5225027,-14.937917,0.6614443,0.5000309,-0.5419523,0.13692456
0.74689627,-1.2938051,-15.235223,0.13305795,0.79835755,0.31889358,0.49318123
0.8898289,-0.5218244,-14.937785,0.66136557,0.5001801,-0.54188496,0.13702598
0.747586,-1.2924063,-15.235223,0.13293274,0.79826945,0.31872934,0.4934637
0.89059913,-0.5176919,-14.937684,0.66109204,0.5002857,-0.54219586,0.13673073
0.7504466,-1.2913417,-15.237559,0.13255467,0.79777884,0.3184989,0.4945066
0.88947034,-0.5213904,-14.937606,0.6613057,0.5003068,-0.541863,0.13693894
0.7526198,-1.290533,-15.239334,0.1321542,0.7974124,0.3182546,0.49536127
0.88859063,-0.51935136,-14.937545,0.66136026,0.5003229,-0.541874,0.13657299
0.754268,-1.2899196,-15.240681,0.13190386,0.79701656,0.3180443,0.49619946
0.8895068,-0.51930046,-14.937494,0.6613828,0.5002523,-0.5419137,0.13656504
0.75553095,-1.2870647,-15.241712,0.13159223,0.79666275,0.31789732,0.49694392
0.8870929,-0.52082783,-14.937454,0.66153675,0.50016266,-0.5417836,0.13666372
0.75649107,-1.2848945,-15.242496,0.13132226,0.7964847,0.31759053,0.49749666
0.8866627,-0.51757514,-14.937423,0.66141015,0.5000165,-0.54216766,0.13628832
0.75961286,-1.2856777,-15.243081,0.131086,0.7962227,0.3174709,0.49805441
0.88774276,-0.5192241,-14.937397,0.6613613,0.4998241,-0.54234684,0.13651781
0.7619945,-1.2838287,-15.241081,0.13092828,0.7960015,0.31731245,0.49855015
0.8886593,-0.5177747,-14.937375,0.6612795,0.49954456,-0.5427619,0.13628738
0.76132756,-1.2824587,-15.242032,0.13076937,0.7958516,0.31714594,0.49893704
0.8894388,-0.516542,-14.937356,0.6612239,0.49927658,-0.54310036,0.13619062
0.7608436,-1.2838267,-15.240358,0.1306831,0.7958133,0.316973,0.4991306
0.8887096,-0.51826787,-14.937341,0.66136354,0.4990644,-0.54309535,0.13631047
0.76047856,-1.2824965,-15.239098,0.13064684,0.79582345,0.31662273,0.49934614
0.88944995,-0.5170158,-14.937327,0.66130275,0.49877572,-0.54345626,0.1362235
0.75571716,-1.2792913,-15.238191,0.13070437,0.79642344,0.31560698,0.49901748
0.89008415,-0.5159433,-14.937317,0.66130143,0.49854952,-0.54372764,0.13597487
0.7565642,-1.279087,-15.239737,0.13087876,0.7967227,0.3149354,0.49891824
0.88930345,-0.5176653,-14.937308,0.6614916,0.49844858,-0.543575,0.1360301
0.7572151,-1.2789301,-15.238686,0.13108064,0.7970136,0.31435335,0.4987678
0.8899273,-0.5165561,-14.9373,0.6614199,0.49836332,-0.54382074,0.13570839
0.75552255,-1.2788129,-15.237902,0.13117926,0.7972727,0.31398326,0.4985608
0.88920313,-0.5181192,-14.937293,0.6614877,0.4985617,-0.5435168,0.1358668
0.7542414,-1.2787242,-15.2373085,0.13126066,0.79755354,0.3136287,0.4983133
0.8885951,-0.5194314,-14.937286,0.6615527,0.49873343,-0.54327404,0.13589053
0.75538117,-1.278655,-15.236843,0.1313879,0.7977215,0.31332073,0.4982046
0.8892538,-0.5181977,-14.937282,0.66146505,0.4989424,-0.5432466,0.13566001
0.7541534,-1.2786024,-15.23649,0.1314595,0.79796994,0.3130543,0.49795538
0.8898285,-0.5171213,-14.937279,0.6613645,0.49918282,-0.5431772,0.13554412
0.7552922,-1.278561,-15.236214,0.13154905,0.7980919,0.31287822,0.4978468
0.8891772,-0.51848537,-14.936139,0.6615042,0.499368,-0.5427985,0.13569714
0.7541061,-1.2785293,-15.236002,0.1316049,0.79824704,0.31270579,0.49769163
0.88863164,-0.51747054,-14.936264,0.66146195,0.4995067,-0.5427594,0.13554864
0.75518966,-1.2804885,-15.235842,0.13173196,0.79834247,0.31258246,0.4975824
0.8881715,-0.51661456,-14.936369,0.6614583,0.49963486,-0.54268277,0.13540085
0.7540676,-1.2780794,-15.235715,0.13177502,0.7984989,0.31240815,0.4974294
0.8877809,-0.51783544,-14.936459,0.6614733,0.49975082,-0.5425198,0.13555254
0.75319463,-1.2781469,-15.235616,0.1319157,0.7986011,0.3122858,0.49730495
0.88840234,-0.51698697,-14.936538,0.6613499,0.49982703,-0.5426371,0.1354041
0.7525093,-1.2781998,-15.2355385,0.13203476,0.79871726,0.3121727,0.4971578
0.88800377,-0.51718867,-14.936607,0.6613454,0.49995843,-0.54250824,0.13545711
0.75196743,-1.2782415,-15.2354765,0.13218585,0.7988294,0.3120216,0.49703234
0.88858604,-0.51642734,-14.93667,0.66129625,0.5000054,-0.5425594,0.13531856
0.74971664,-1.27854,-15.235391,0.13258179,0.7990747,0.31184727,0.4966416
0.8878277,-0.5177758,-14.935892,0.6614535,0.5007875,-0.54172134,0.13501562
0.7513838,-1.2801802,-15.2337,0.13287503,0.79910076,0.3118671,0.4965089
0.88668394,-0.51621187,-14.935172,0.6615219,0.5014351,-0.54119396,0.13439016
0.7511147,-1.2830479,-15.232372,0.133114,0.7991142,0.31195396,0.4963688
0.88569206,-0.5172431,-14.934548,0.66163886,0.5020235,-0.5405849,0.13406833
0.7494011,-1.2838247,-15.232817,0.13326024,0.79913926,0.31199095,0.49626586
0.8848278,-0.5166296,-14.934005,0.6616514,0.50258505,-0.5401719,0.13356695
0.7508773,-1.2844474,-15.233173,0.13344698,0.79906666,0.31207928,0.49627706
0.8840713,-0.5160926,-14.933529,0.6617062,0.5031654,-0.5396646,0.13315976
0.7493642,-1.2849513,-15.232108,0.13350272,0.7990786,0.3121571,0.49619395
0.88272405,-0.5156205,-14.933111,0.66175616,0.5036958,-0.53921753,0.13271716
0.74941534,-1.2853626,-15.232525,0.1335867,0.7990414,0.3122359,0.4961816
0.88153505,-0.51520395,-14.932741,0.6618164,0.50424695,-0.5387419,0.13225462
0.74945736,-1.2857012,-15.232867,0.13362968,0.79902637,0.3122916,0.4961592
0.8810974,-0.5148349,-14.932414,0.66185653,0.5047727,-0.5383007,0.13184445
0.7494931,-1.2859894,-15.233159,0.13365823,0.799012,0.31235266,0.4961363
0.8801233,-0.5145067,-14.932123,0.6619654,0.5053919,-0.5377066,0.13134933
0.74952394,-1.2862376,-15.23341,0.13369352,0.7990319,0.31237474,0.49608082
0.8792542,-0.51365817,-14.931864,0.6620617,0.5060202,-0.53711766,0.13085349
0.7495506,-1.286452,-15.233627,0.13371181,0.79906136,0.31240377,0.49601015
0.8784763,-0.5134266,-14.931631,0.6621637,0.5066237,-0.5365175,0.1304632
0.745192,-1.2866312,-15.232715,0.13386258,0.79965156,0.3121587,0.49517196
0.8767748,-0.5127172,-14.930922,0.662435,0.50777394,-0.5352651,0.12975703
0.7404826,-1.2878226,-15.231946,0.1340014,0.8002176,0.31192356,0.49436742
0.8742897,-0.5125549,-14.930282,0.66285056,0.5091229,-0.53367966,0.12887646
0.73649305,-1.2878435,-15.231295,0.134128,0.8007614,0.31163836,0.49363196
0.8724986,-0.5119557,-14.929705,0.6632146,0.5106511,-0.5320212,0.12780969
0.7330927,-1.2878612,-15.23074,0.13425793,0.8012917,0.311386,0.4928947
0.87130713,-0.51184326,-14.929183,0.6635718,0.512042,-0.5304312,0.12699738
0.72928584,-1.2878765,-15.229372,0.13438718,0.8019475,0.31102744,0.49201867
0.8698174,-0.51133275,-14.928709,0.66382694,0.5132264,-0.52916324,0.12616959
0.72515756,-1.288737,-15.228192,0.13454536,0.80271965,0.31066617,0.49094334
0.868763,-0.51124954,-14.928238,0.6639792,0.51420254,-0.528149,0.12564303
0.7192097,-1.2886493,-15.225518,0.13502836,0.80513597,0.30946752,0.4875996
0.8663052,-0.5106194,-14.927112,0.66397274,0.5153538,-0.52722895,0.12482109
0.71643186,-1.2893287,-15.224073,0.13549174,0.80669534,0.30880553,0.485308
0.86563057,-0.5111451,-14.926545,0.66388834,0.5154706,-0.5272139,0.124851234
0.7131171,-1.2892295,-15.222729,0.13581581,0.8083649,0.30802006,0.48293278
0.8649414,-0.51037705,-14.925966,0.6636801,0.51554304,-0.52747464,0.12455749
0.7095545,-1.289123,-15.221283,0.13615544,0.8099595,0.3073323,0.48059785
0.86351186,-0.510307,-14.925372,0.6636228,0.5154776,-0.5276362,0.124449566
0.7058601,-1.2890127,-15.219784,0.13636333,0.8114446,0.30681968,0.478356
0.86287016,-0.50947,-14.924785,0.6634851,0.51536113,-0.5279209,0.124458574
0.7022311,-1.2899609,-15.218311,0.13655813,0.8128121,0.3064193,0.47623065
0.8613843,-0.50862765,-14.924193,0.66344553,0.5151531,-0.52821106,0.124299794
0.69751525,-1.2897267,-15.218032,0.13650998,0.81407076,0.3060943,0.47429958
0.8617065,-0.50869846,-14.923657,0.6633094,0.5148853,-0.52860886,0.124444924
0.6929371,-1.2894995,-15.216477,0.13649565,0.81513435,0.30589414,0.47260317
0.861161,-0.5070795,-14.9240055,0.66320753,0.51463616,-0.52902895,0.12423293
0.68869734,-1.2906613,-15.215037,0.13592935,0.816205,0.306964,0.47021875
0.8622881,-0.5072762,-14.924309,0.6627542,0.51362234,-0.5305078,0.12454133
0.6832984,-1.2917352,-15.213706,0.13527843,0.8169886,0.30797058,0.468384
0.8625098,-0.50820744,-14.923812,0.66243625,0.51287055,-0.5315397,0.12493061
0.67838055,-1.2927133,-15.2109,0.13493736,0.8174541,0.3087435,0.46715978
0.86342573,-0.50830024,-14.923377,0.66214675,0.5122415,-0.5324598,0.12512808
0.67574894,-1.2918986,-15.208446,0.1344418,0.8177533,0.30938217,0.46635586
0.86423045,-0.5083818,-14.922995,0.6619353,0.51173276,-0.53314734,0.12540036
0.67353505,-1.2929139,-15.208082,0.13420549,0.817809,0.31006452,0.46587276
0.86428887,-0.5091053,-14.922658,0.661859,0.511345,-0.533554,0.12565486
0.6682837,-1.2926941,-15.206097,0.13282141,0.8177056,0.31038383,0.4662381
0.8650003,-0.50853765,-14.922684,0.6616086,0.51073027,-0.5343631,0.12603508
0.6673352,-1.2900101,-15.206152,0.1320136,0.81764877,0.31024465,0.4666594
0.8655855,-0.50859225,-14.922403,0.6614861,0.51045215,-0.5347278,0.12625793
0.6646966,-1.289628,-15.206198,0.13147666,0.81767434,0.31006747,0.46688414
0.86610794,-0.50809026,-14.922704,0.6613396,0.5102483,-0.5350669,0.12641217
0.66441697,-1.2874798,-15.206234,0.13107127,0.817751,0.30981302,0.46703273
0.86657584,-0.50711745,-14.922449,0.66126734,0.51009977,-0.5352743,0.1265121
0.66419065,-1.2875843,-15.206264,0.13076162,0.81783295,0.30974686,0.46701998
0.8669962,-0.5077347,-14.92222,0.6612971,0.5099302,-0.5353424,0.12675159
0.6619828,-1.2877386,-15.204818,0.13034035,0.81814486,0.30973458,0.46659932
0.8663177,-0.5084089,-14.921791,0.66152626,0.50961,-0.5353353,0.12687336
0.6583808,-1.287796,-15.2051325,0.1301762,0.81826293,0.30983642,0.46637046
0.86673164,-0.50893444,-14.921605,0.6615864,0.50945985,-0.5353887,0.12693703
0.65932655,-1.2878406,-15.205378,0.13013783,0.81821054,0.3099711,0.46638358
0.8671055,-0.5098598,-14.921437,0.66166997,0.5093244,-0.5354062,0.12697221
0.6582072,-1.2878768,-15.205576,0.13013701,0.8182636,0.3099886,0.46627903
0.8670158,-0.5098412,-14.921713,0.6617341,0.5092176,-0.53546035,0.12683739
0.65916556,-1.2879052,-15.20573,0.1300436,0.8182384,0.31006542,0.46629837
0.8669344,-0.50982434,-14.921965,0.66176355,0.50914323,-0.5355183,0.12673795
0.6581001,-1.2879282,-15.205857,0.12993735,0.81819797,0.31015202,0.46634126
0.8672468,-0.51019543,-14.922192,0.66177946,0.5090923,-0.5355592,0.12668666
0.6553203,-1.2879474,-15.205961,0.1297644,0.81822306,0.31020424,0.46631074
0.86716443,-0.50979954,-14.9223995,0.6617852,0.5090324,-0.5356428,0.12654293
0.6568106,-1.2879621,-15.206042,0.12976539,0.8181138,0.31022394,0.46648893
0.8670892,-0.50943786,-14.922589,0.6617419,0.50899804,-0.53576446,0.12639269
0.65620416,-1.2879741,-15.204279,0.12961869,0.8179897,0.31025147,0.46672902
0.86768305,-0.5097694,-14.922433,0.6616906,0.50868237,-0.53611624,0.12644072
0.6557086,-1.2879839,-15.202837,0.12947325,0.8179272,0.31025934,0.4668736
0.8682278,-0.5094439,-14.922288,0.66159326,0.50837755,-0.5365344,0.12640242
0.6571027,-1.2879915,-15.2017145,0.12943944,0.81776047,0.3103099,0.46714142
0.8687282,-0.5094438,-14.922155,0.6615235,0.50808275,-0.53689414,0.12642516
0.65820515,-1.2879976,-15.200828,0.12935826,0.81762546,0.31037274,0.46735847
0.8691889,-0.5097279,-14.922033,0.66149276,0.5077762,-0.53721386,0.12645945
0.6590875,-1.2880024,-15.200117,0.12930153,0.8175044,0.310416,0.46755707
0.86961365,-0.5097199,-14.921921,0.6614242,0.5074803,-0.53758144,0.12644394
0.66138,-1.2880062,-15.199561,0.12937662,0.81732255,0.31042132,0.46785063
0.87003267,-0.509712,-14.921809,0.66135097,0.5072171,-0.5379128,0.12647383
0.663195,-1.2880093,-15.1991205,0.12941878,0.81713396,0.3105006,0.46811578
0.87045836,-0.5099905,-14.921697,0.6613048,0.50691235,-0.5382472,0.12651415
0.66464645,-1.2880117,-15.198768,0.12942094,0.81698406,0.31049064,0.46838322
0.8709036,-0.5099729,-14.921578,0.66120905,0.5065211,-0.5387301,0.12652661
0.66719085,-1.2893865,-15.199857,0.1295387,0.8166964,0.3105795,0.46879327
0.8721097,-0.5103085,-14.921447,0.6610734,0.50606805,-0.5392918,0.12665488
0.66611093,-1.2878112,-15.200335,0.1293279,0.8163089,0.3105318,0.46955743
0.8739544,-0.50981665,-14.921574,0.6606887,0.505195,-0.54060364,0.12655492
0.6669361,-1.2878374,-15.201076,0.12924698,0.8160273,0.31049946,0.47009033
0.87398785,-0.50979996,-14.921415,0.66059756,0.5048736,-0.541044,0.12643209
0.66762394,-1.2878593,-15.2016945,0.12912945,0.81583595,0.31044164,0.47049275
0.8749869,-0.5102636,-14.921245,0.6604789,0.50458634,-0.5414436,0.12648772
0.66820145,-1.2878776,-15.202213,0.12901329,0.81562364,0.31040815,0.4709145
0.8754831,-0.5107313,-14.921074,0.6604139,0.50440645,-0.54166126,0.12661242
0.66868937,-1.286884,-15.202652,0.12888455,0.8154794,0.31026325,0.47129497
0.8759783,-0.5101203,-14.920902,0.66031533,0.5042281,-0.54196733,0.12652764
0.67119485,-1.2861843,-15.203344,0.12868541,0.8151366,0.31003848,0.47208962
0.8782359,-0.51058966,-14.92054,0.66015226,0.50413615,-0.5421701,0.12687595
0.67220896,-1.2854848,-15.203619,0.1285926,0.8150071,0.3099086,0.47242364
0.879385,-0.5119134,-14.920356,0.6601497,0.5040849,-0.54216677,0.1271069
0.6730857,-1.28488,-15.2038555,0.12853642,0.81487346,0.30981213,0.4727326
0.8797496,-0.51102,-14.920183,0.6601144,0.5040523,-0.5422418,0.12709948
0.6738473,-1.2843547,-15.204061,0.12848794,0.8147437,0.30974802,0.4730114
0.88009727,-0.5108999,-14.920019,0.66008735,0.50402766,-0.5422732,0.12720361
0.67377025,-1.2838961,-15.204241,0.1284303,0.8146572,0.3096637,0.47323126
0.8812252,-0.511565,-14.919856,0.6600497,0.5039835,-0.542314,0.12739934
0.6737027,-1.2827893,-15.204397,0.12833546,0.8146087,0.3095505,0.4734144
0.8814653,-0.51065344,-14.92046,0.6599995,0.5039608,-0.542411,0.12733604
0.6743128,-1.2824845,-15.205206,0.1283024,0.8145181,0.3094922,0.47361737
0.8816791,-0.51128364,-14.920999,0.65998167,0.50392556,-0.54241705,0.12754212
0.67421585,-1.2822151,-15.20592,0.12824641,0.81445354,0.30942738,0.4737859
0.881872,-0.511149,-14.921484,0.6599781,0.5038114,-0.54253817,0.12749647
0.6751957,-1.2817633,-15.205976,0.12828219,0.81431013,0.30916658,0.47419265
0.8836932,-0.5116728,-14.921632,0.65968233,0.5035131,-0.5430879,0.12786457
0.6750626,-1.2815732,-15.205999,0.12830664,0.81425935,0.3090436,0.4743534
0.88457847,-0.5114799,-14.92132,0.6595598,0.5032944,-0.54339164,0.12806773
0.6759794,-1.281403,-15.20602,0.12834126,0.81419086,0.30891964,0.47454235
0.8854313,-0.51217085,-14.92102,0.6594601,0.5030593,-0.54366046,0.12836263
0.67754555,-1.2801763,-15.206524,0.1283754,0.813949,0.30855894,0.47518227
0.8879211,-0.51348555,-14.921416,0.6589655,0.5022561,-0.54464126,0.1298814
0.67910516,-1.2800949,-15.206962,0.12839088,0.81372964,0.30839372,0.47566092
0.88957375,-0.5130578,-14.922074,0.658557,0.50190455,-0.54522896,0.13084297
0.6805924,-1.2791488,-15.207718,0.12829715,0.8131994,0.30806094,0.47680724
0.89157045,-0.51430225,-14.922135,0.6579479,0.50140923,-0.5459521,0.13277712
0.68142813,-1.2787389,-15.208047,0.12823007,0.81283456,0.3078993,0.47755122
0.8930129,-0.5160333,-14.92164,0.65774626,0.5012311,-0.54616183,0.13358408
0.68330073,-1.2778559,-15.208755,0.12807849,0.81197083,0.30754015,0.47928938
0.89434785,-0.51360625,-14.92198,0.657129,0.5011354,-0.54680586,0.13434403
0.6848396,-1.2773582,-15.209152,0.12795019,0.81150424,0.3073503,0.4802349
0.89429927,-0.5153479,-14.921522,0.6570375,0.50111127,-0.5468092,0.134867
0.6864948,-1.2768229,-15.20958,0.12788919,0.8110575,0.30711746,0.48115382
0.89538354,-0.51465505,-14.922239,0.6568844,0.5010495,-0.5469954,0.13508654
0.6889923,-1.2762407,-15.210046,0.12784882,0.8105794,0.30696696,0.48206532
0.8963638,-0.51518387,-14.922888,0.65681195,0.50099653,-0.5470435,0.13543972
0.6917675,-1.274169,-15.211877,0.12758954,0.8099687,0.3064809,0.4834678
0.8980245,-0.51489025,-14.923986,0.656625,0.50096685,-0.54720306,0.13581164
0.69273716,-1.2727044,-15.21322,0.12746914,0.80976135,0.3062148,0.48401514
0.8975412,-0.5153816,-14.924417,0.6565892,0.500945,-0.54719377,0.1361022
0.69364786,-1.272307,-15.213503,0.12747085,0.80954504,0.3058992,0.48457587
0.8995144,-0.5158459,-14.924824,0.65630764,0.5007074,-0.5476537,0.1364841
0.6955519,-1.2719288,-15.213773,0.12747781,0.809354,0.3055792,0.48509476
0.9013346,-0.51499134,-14.923917,0.65602946,0.500512,-0.54811937,0.13666889
0.69734055,-1.2715734,-15.2140255,0.1274495,0.8092314,0.3052288,0.48552722
0.9029714,-0.51422286,-14.924432,0.6557956,0.5002895,-0.54861075,0.13663433
0.6990523,-1.2700546,-15.214268,0.12736818,0.80918366,0.30489716,0.48583642
0.90443844,-0.513534,-14.923509,0.65565234,0.50006473,-0.54896057,0.13673906
0.70069104,-1.2673142,-15.214499,0.1271763,0.8091434,0.3046108,0.48613322
0.9057283,-0.515774,-14.922696,0.65555984,0.4998447,-0.5491785,0.13711143
0.700827,-1.2662033,-15.214705,0.12713376,0.8091398,0.30437705,0.48629668
0.9054152,-0.5148681,-14.922028,0.655455,0.4996756,-0.5494584,0.13710786
0.70232314,-1.265201,-15.2148905,0.12714148,0.80909884,0.30412486,0.48652056
0.90651214,-0.51273596,-14.922823,0.65527445,0.49950445,-0.54982656,0.13711888
0.7022311,-1.2643334,-15.215052,0.12701863,0.80912745,0.30390903,0.48663998
0.90746534,-0.51502275,-14.922134,0.65524876,0.49925587,-0.549979,0.1375351
0.7035856,-1.2635648,-15.215194,0.12696275,0.80898887,0.3038153,0.4869434
0.90828377,-0.5142197,-14.922927,0.65515876,0.49899477,-0.55032027,0.13754646
0.70477045,-1.2628925,-15.216794,0.12703173,0.8088899,0.30365753,0.487188
0.90898705,-0.51352966,-14.923607,0.65500426,0.49867028,-0.5508055,0.13751662
0.703876,-1.2590317,-15.219351,0.12675543,0.8088625,0.3030284,0.48769692
0.9100986,-0.5110693,-14.924682,0.6544762,0.497145,-0.5527271,0.13784252
0.7050675,-1.2590569,-15.220356,0.12670015,0.808793,0.3028413,0.48794284
0.9119867,-0.5122598,-14.925121,0.65428203,0.49673596,-0.55321366,0.13828658
0.7076502,-1.2590785,-15.219646,0.12680498,0.8087349,0.30261397,0.4881529
0.9121596,-0.51184183,-14.925495,0.6541313,0.4964197,-0.5536736,0.13829452
0.70826423,-1.2574788,-15.220651,0.12667613,0.80870044,0.30240625,0.48837215
0.9137996,-0.51147085,-14.925826,0.6539419,0.4962086,-0.5540247,0.13854113
0.7087674,-1.2577624,-15.219879,0.12667133,0.8086657,0.30229145,0.48850197
0.91523445,-0.51114625,-14.926116,0.6538889,0.49599582,-0.5542764,0.13854651
0.7097725,-1.2581795,-15.2202835,0.1263681,0.8085343,0.30228654,0.48880085
0.91594565,-0.51347274,-14.923735,0.6539895,0.4959398,-0.554071,0.13909292
0.71158856,-1.2583442,-15.221152,0.12627232,0.80839527,0.3022243,0.48909405
0.91867286,-0.5128038,-14.924382,0.65386283,0.49594143,-0.5542422,0.13900091
0.7115403,-1.2568904,-15.221891,0.12610677,0.80830413,0.30224767,0.48927295
0.91780233,-0.51378953,-14.924895,0.6540393,0.49598542,-0.55396134,0.1391329
0.7131086,-1.2572751,-15.222515,0.12602814,0.80818295,0.30222997,0.48950407
0.9185868,-0.51462185,-14.925328,0.6539632,0.49615702,-0.5538364,0.13937582
0.7128032,-1.2559769,-15.223037,0.12591119,0.808134,0.3022951,0.4895748
0.91925097,-0.5137985,-14.925695,0.65400654,0.49620572,-0.5537881,0.13919045
0.7125559,-1.2565047,-15.22346,0.12589279,0.808033,0.30238077,0.48969337
0.91832983,-0.5131406,-14.925989,0.65407544,0.49634126,-0.55362815,0.1390204
0.7123537,-1.256936,-15.223806,0.1258925,0.80789644,0.30250934,0.48983938
0.917587,-0.5139892,-14.926225,0.6541193,0.49648535,-0.553394,0.13923131
0.7121872,-1.2572913,-15.224092,0.12578653,0.80780053,0.30265042,0.48993763
0.9169825,-0.51205933,-14.926417,0.6541151,0.49661955,-0.5533337,0.1390124
0.71204907,-1.2575859,-15.224328,0.1256702,0.8075295,0.3029479,0.49023035
0.9177475,-0.5117131,-14.926578,0.6540809,0.49630943,-0.5537202,0.1387413
0.7119309,-1.256326,-15.224529,0.12546027,0.80731165,0.30314866,0.49051863
0.9171699,-0.51142776,-14.92671,0.65406656,0.49601772,-0.5540506,0.13853306
0.7118334,-1.2567666,-15.224696,0.12536979,0.8071242,0.30337283,0.49071163
0.91788495,-0.5124026,-14.926829,0.6540417,0.4956636,-0.55435336,0.13870619
0.71174985,-1.2556454,-15.224839,0.1251215,0.8069866,0.30337745,0.4909984
0.9185226,-0.51201576,-14.926934,0.6538657,0.49526563,-0.5549746,0.13847339
0.7147381,-1.2562094,-15.224962,0.12516652,0.8067043,0.30340946,0.4914308
0.92046374,-0.5116553,-14.927033,0.6537113,0.49495694,-0.55544394,0.13842416
0.7141933,-1.2551591,-15.225065,0.124918096,0.8066484,0.30344138,0.491566
0.9207771,-0.51397216,-14.927115,0.6537806,0.49466237,-0.5555518,0.13871682
0.71375495,-1.2557693,-15.225149,0.124778666,0.8065981,0.30342934,0.4916915
0.92104745,-0.5133559,-14.927186,0.6537833,0.49438915,-0.55588025,0.13836206
0.71488035,-1.2547953,-15.225222,0.12459026,0.80644435,0.30344346,0.49198273
0.92128074,-0.51413023,-14.927247,0.6537782,0.49416208,-0.5561012,0.13830914
0.7143219,-1.2539818,-15.225283,0.1244763,0.80644506,0.30333474,0.4920774
0.9228749,-0.51483774,-14.927303,0.65361357,0.49399778,-0.5564363,0.13832656
0.71385384,-1.2533001,-15.225333,0.124315515,0.8064591,0.30329672,0.49211842
0.9228598,-0.5127894,-14.927349,0.65341,0.49384424,-0.5568682,0.13809764
0.71497905,-1.2527063,-15.225378,0.124201365,0.80640244,0.3033719,0.4921938
0.92284733,-0.514865,-14.927386,0.6534697,0.493691,-0.5568557,0.13841386
0.71520656,-1.2517769,-15.225449,0.124404736,0.80663085,0.30303967,0.4919728
0.9252574,-0.5137203,-14.927449,0.65314263,0.49259955,-0.55804497,0.13905534
0.71459526,-1.2514328,-15.225474,0.12444342,0.8069669,0.3027326,0.4916007
0.9262724,-0.51311046,-14.927477,0.6530626,0.49169978,-0.55887914,0.13926564
0.7155452,-1.2525996,-15.225495,0.12458082,0.8071237,0.30258167,0.49140126
0.9271479,-0.5153417,-14.9275,0.65314656,0.49115774,-0.5591222,0.13980764
0.7163119,-1.254915,-15.225512,0.124824755,0.8071967,0.3024761,0.4912846
0.9279058,-0.5172732,-14.92752,0.65323114,0.49069935,-0.55934733,0.14012106
0.71563107,-1.2541901,-15.225526,0.124800965,0.8073234,0.30236378,0.4911515
0.92854553,-0.5161527,-14.928913,0.65311474,0.49046454,-0.55974007,0.13991748
0.7133953,-1.2542833,-15.226649,0.124687985,0.8074848,0.30223835,0.49099216
0.9295748,-0.5181115,-14.92857,0.65319264,0.4903971,-0.559565,0.14048927
0.714285,-1.2548641,-15.226526,0.1246616,0.8074608,0.30213273,0.49110317
0.9314536,-0.51679957,-14.929883,0.6530833,0.49038294,-0.55972433,0.14041176
0.713949,-1.2542694,-15.227505,0.12455942,0.8075097,0.30208784,0.49107635
0.9315906,-0.5185617,-14.930977,0.653086,0.49045813,-0.5595542,0.14081427
0.71263856,-1.2537678,-15.22833,0.1244138,0.80757874,0.30198863,0.49106088
0.9317034,-0.51725316,-14.931876,0.6530697,0.4905277,-0.5595525,0.14065461
0.71249455,-1.2533177,-15.229071,0.12428283,0.80758804,0.3019071,0.4911289
0.93048483,-0.5174988,-14.932609,0.6531889,0.49056706,-0.55938673,0.14062303
0.7113855,-1.252934,-15.229701,0.124083444,0.80761844,0.30184656,0.4911665
0.93072987,-0.51894516,-14.931965,0.6533436,0.49052396,-0.55917525,0.14089523
0.71137625,-1.2525802,-15.230284,0.123925894,0.8075683,0.30182105,0.4913044
0.93093246,-0.51659346,-14.932614,0.6532559,0.4904693,-0.55940866,0.14056528
0.71039236,-1.2522752,-15.230785,0.12374047,0.8075165,0.30191225,0.49138018
0.93110317,-0.5180211,-14.932026,0.65334255,0.49046502,-0.5592351,0.14086816
0.7104869,-1.2519935,-15.231249,0.123844124,0.8074623,0.30180877,0.49150684
0.93247575,-0.51936346,-14.932684,0.65288156,0.49017206,-0.55994797,0.14119288
0.7095969,-1.2517492,-15.231651,0.12378592,0.8075334,0.30163735,0.49150968
0.9337064,-0.5180801,-14.933274,0.6523528,0.4898393,-0.5608862,0.14106728
0.7097603,-1.2524639,-15.231994,0.123921104,0.8075164,0.30156952,0.49154523
0.9335406,-0.5205986,-14.933769,0.65219295,0.48954365,-0.56120175,0.14157732
0.7099122,-1.2521788,-15.232313,0.124061644,0.8074885,0.30136114,0.49168342
0.9345679,-0.51807314,-14.934193,0.65163743,0.4893754,-0.56206656,0.14128551
0.7100422,-1.2528366,-15.232587,0.12416359,0.8074086,0.30127436,0.4918421
0.9343101,-0.51931953,-14.934551,0.65156543,0.48916215,-0.5622621,0.14157788
0.71016353,-1.2525214,-15.2328415,0.12415531,0.8073498,0.30111095,0.49204078
0.935229,-0.5181375,-14.934875,0.6511575,0.4889461,-0.5629434,0.14149344
0.71027625,-1.2522286,-15.233078,0.12409761,0.8073055,0.3009065,0.49225292
0.9360703,-0.5182517,-14.93517,0.6508716,0.4889648,-0.5631365,0.14197527
0.71038455,-1.2509277,-15.233306,0.12394663,0.80726635,0.30066893,0.4925003
0.9368154,-0.5171428,-14.9354315,0.6505119,0.4889789,-0.5635492,0.14193708
0.71048295,-1.2507821,-15.233513,0.12383818,0.8071454,0.30061686,0.4927574
0.9374862,-0.5173907,-14.935668,0.6501766,0.48898944,-0.5638557,0.14222002
0.7117027,-1.2495166,-15.233713,0.123646714,0.80700845,0.30042332,0.49314773
0.9380851,-0.5176121,-14.935878,0.64985067,0.4890657,-0.5640965,0.14249228
0.71421033,-1.246963,-15.233915,0.122805014,0.8061682,0.3002573,0.49483067
0.9385788,-0.5153632,-14.934835,0.6494466,0.4900287,-0.56367207,0.14270571
0.71652734,-1.2459689,-15.234101,0.1222533,0.8054186,0.30019802,0.49622193
0.93900776,-0.51582766,-14.933929,0.64925313,0.49080396,-0.56308895,0.14322294
0.72196066,-1.2429096,-15.234435,0.121622205,0.804398,0.29985133,0.4982381
0.9421422,-0.5144682,-14.9323635,0.6488343,0.49150786,-0.5628853,0.1435069
0.7234563,-1.2407159,-15.234573,0.1213297,0.80409735,0.29951304,0.49899766
0.94212174,-0.5150795,-14.931733,0.64883703,0.4916604,-0.56271666,0.1436336
0.72472405,-1.240581,-15.236415,0.12142277,0.80365914,0.29900756,0.49998292
0.94088787,-0.51558286,-14.932431,0.6489395,0.4915275,-0.562675,0.14378873
0.7258254,-1.2386379,-15.238015,0.12145745,0.80342025,0.2983311,0.5007619
0.9422066,-0.5136438,-14.933024,0.6488718,0.49135318,-0.56292355,0.14371718
0.7267581,-1.2369925,-15.23937,0.12142953,0.8031098,0.29789543,0.5015255
0.94218034,-0.5142965,-14.933534,0.6489406,0.4912302,-0.56289685,0.1439313
0.7275019,-1.2375798,-15.240452,0.121589474,0.80285704,0.29743263,0.50216573
0.94215804,-0.5126167,-14.933965,0.6489032,0.49107158,-0.5631122,0.14379843
0.72813016,-1.2340767,-15.2413645,0.12130782,0.8025893,0.2970131,0.50290966
0.941079,-0.5143873,-14.934328,0.64907914,0.49092668,-0.56295055,0.1441315
0.72863775,-1.2332864,-15.242101,0.12134326,0.8023613,0.29659516,0.50351113
0.9411744,-0.5128618,-14.934634,0.6490393,0.49071622,-0.5632056,0.14403142
0.7311487,-1.2326456,-15.242699,0.12141101,0.8020999,0.2962107,0.5041373
0.94125545,-0.51347834,-14.934895,0.6490955,0.49065503,-0.5631429,0.14423196
0.7310088,-1.2299892,-15.2431755,0.12145481,0.8019562,0.2956224,0.5047004
0.94132483,-0.51127845,-14.935118,0.64899004,0.49050537,-0.56344867,0.14402102
0.7355292,-1.225439,-15.243577,0.12037292,0.8007876,0.29507515,0.50712943
0.9433582,-0.5120735,-14.934352,0.6488031,0.48960757,-0.56422573,0.14487351
0.7416757,-1.2217476,-15.243902,0.119659774,0.7997951,0.29499534,0.50890785
0.94539607,-0.5117733,-14.934683,0.64865446,0.48876157,-0.5649704,0.14549273
0.7463195,-1.2214831,-15.244147,0.11930779,0.79890937,0.2952277,0.5102451
0.94613105,-0.5114972,-14.934987,0.6484968,0.48809707,-0.5656321,0.14585453
0.74722534,-1.2212868,-15.244329,0.11907767,0.7981527,0.2958929,0.51109713
0.94805056,-0.5124591,-14.935274,0.648375,0.48765835,-0.5659924,0.14646493
0.7528626,-1.223637,-15.244461,0.11928326,0.79724926,0.29655796,0.51207286
0.9498364,-0.51074564,-14.935542,0.64818907,0.48726615,-0.5665197,0.1465541
0.75450444,-1.2253344,-15.244555,0.11914208,0.7966737,0.2973375,0.51254916
0.9500718,-0.5118543,-14.93577,0.6480931,0.48702192,-0.5667068,0.14706616
0.7583273,-1.2241204,-15.2471695,0.11921792,0.79619306,0.29777294,0.51302546
0.95163643,-0.51016575,-14.935977,0.647874,0.48667902,-0.56728494,0.14693779
0.75860184,-1.2232202,-15.249108,0.11904413,0.795814,0.29839313,0.51329356
0.95163167,-0.5126341,-14.936148,0.64790094,0.4863459,-0.5673924,0.14750598
0.7614404,-1.2225413,-15.25057,0.119228944,0.79551727,0.2987513,0.51350224
0.95293874,-0.51088744,-14.936297,0.6476993,0.48609254,-0.5678918,0.14730486
0.760875,-1.2220523,-15.251624,0.1192441,0.79543185,0.29912654,0.5134125
0.9527633,-0.51195824,-14.936422,0.6476193,0.48583102,-0.5680905,0.14775221
0.7530453,-1.2241935,-15.252353,0.11966634,0.7969265,0.29947093,0.5107889
0.9538859,-0.51417804,-14.937809,0.6479931,0.483329,-0.5691361,0.15027389
0.7522368,-1.2257028,-15.25051,0.12024921,0.79773223,0.2994985,0.5093763
0.9563379,-0.514884,-14.939119,0.6481582,0.48151127,-0.5700564,0.1519001
0.7473657,-1.2275742,-15.248227,0.12103012,0.79892415,0.29948133,0.50732917
0.9609024,-0.51608473,-14.941349,0.6483663,0.4786965,-0.5717481,0.1535418
0.7478658,-1.2281579,-15.247515,0.121486925,0.7991905,0.29941916,0.50683695
0.9643881,-0.51661474,-14.942332,0.64817107,0.4777036,-0.5726876,0.15395617
0.7463225,-1.228596,-15.246981,0.12170532,0.7994101,0.29935992,0.5064731
0.9655674,-0.51706177,-14.943162,0.64823425,0.47699872,-0.5731721,0.15407291
0.7451491,-1.228929,-15.246575,0.1218056,0.7994818,0.29932106,0.5063588
0.968434,-0.51929903,-14.943875,0.647942,0.47591797,-0.5742785,0.15452401
0.74597716,-1.2309169,-15.246262,0.12185171,0.7994057,0.29945698,0.5063874
0.9707766,-0.5230034,-14.942582,0.64767843,0.47513065,-0.57512283,0.15491064
0.7466221,-1.2308202,-15.246017,0.121825345,0.7993528,0.29956096,0.5064157
0.9726905,-0.52602977,-14.941525,0.6476434,0.4742799,-0.5758773,0.15486136
0.74869263,-1.2307442,-15.245825,0.12182733,0.7992086,0.29961443,0.5066112
0.9742548,-0.52656233,-14.940662,0.64738065,0.47352147,-0.57685006,0.15466006
0.74885535,-1.2306837,-15.245673,0.12171484,0.7991468,0.29966572,0.5067055
0.977578,-0.52498275,-14.941967,0.64701766,0.4727404,-0.5779564,0.15443811
0.74898607,-1.2306352,-15.245551,0.12161289,0.79898417,0.2998574,0.506873
0.9781699,-0.52375555,-14.94099,0.6469237,0.4719108,-0.57881534,0.15415193
0.74909204,-1.2305957,-15.245451,0.121554226,0.7988437,0.30000162,0.50702316
0.97863734,-0.52476805,-14.94022,0.64684016,0.47112536,-0.5795443,0.15416622
0.75045145,-1.2305634,-15.24537,0.12152682,0.79857737,0.30019784,0.50733286
0.9810735,-0.52560043,-14.939586,0.6464574,0.47034672,-0.5804825,0.15461864
0.7527811,-1.2329552,-15.245303,0.121190526,0.79760087,0.3012902,0.50830114
0.98768234,-0.5285718,-14.94129,0.64491946,0.4678428,-0.58388466,0.15582299
0.7561614,-1.2338735,-15.245242,0.120877944,0.79677314,0.30221388,0.5091247
0.99308467,-0.5310007,-14.942684,0.6441272,0.46670595,-0.58551663,0.15638457
0.7578164,-1.2359024,-15.24519,0.12063706,0.79609656,0.30309945,0.5097133
0.99730057,-0.530393,-14.943771,0.6435395,0.4662312,-0.5864879,0.15658039
0.760736,-1.2364736,-15.24514,0.12044054,0.7954815,0.3038312,0.5102841
0.99789846,-0.52752155,-14.944554,0.64331406,0.46633196,-0.58670527,0.1563925
0.7634282,-1.2370002,-15.245094,0.12031251,0.7949112,0.30456695,0.51076424
0.9983466,-0.52781284,-14.945141,0.64331657,0.46646854,-0.586631,0.1562531
0.76427764,-1.2374547,-15.245054,0.120176494,0.7944807,0.30534983,0.5109986
0.9986678,-0.52567375,-14.943213,0.64328843,0.4670582,-0.5862257,0.15612838
0.7650069,-1.2378447,-15.24502,0.12019145,0.7941216,0.30600852,0.5111592
0.99890375,-0.52866775,-14.941797,0.64362204,0.4673705,-0.58562744,0.1560644
0.7708933,-1.2365001,-15.2449875,0.11937813,0.7922191,0.30610406,0.5142355
0.9969058,-0.5308365,-14.94077,0.6435598,0.46898323,-0.5842774,0.15654252
0.7762536,-1.2352757,-15.244958,0.118745476,0.79037833,0.30618972,0.5171553
0.9954361,-0.528311,-14.940016,0.6433655,0.46975067,-0.5838822,0.15651457
0.7831552,-1.2341855,-15.244931,0.11772857,0.7884554,0.30624923,0.5202783
0.9962966,-0.52838355,-14.939453,0.64311427,0.4699117,-0.58385086,0.15717877
0.788945,-1.2332709,-15.244909,0.116905905,0.7869534,0.30630744,0.52269804
0.9969773,-0.5284409,-14.939007,0.6430365,0.46973643,-0.58400106,0.1574629
0.79359335,-1.2325366,-15.244891,0.11617683,0.7858224,0.30625898,0.5245871
0.9974932,-0.52478963,-14.938669,0.64276177,0.46965677,-0.5844088,0.15730946
0.79991096,-1.2293568,-15.247468,0.11511911,0.78428036,0.30628717,0.52710545
0.99982494,-0.52745974,-14.938387,0.6425887,0.46877012,-0.5851135,0.1580401
0.8047486,-1.226922,-15.24944,0.114521556,0.7831267,0.3063268,0.52892464
1.0017486,-0.5296625,-14.938156,0.6422496,0.46799186,-0.5859341,0.15868343
0.8083339,-1.2251176,-15.250902,0.114357814,0.7822979,0.3062161,0.53024906
1.0033163,-0.53145766,-14.937967,0.6421688,0.46714225,-0.5866448,0.15888733
0.8170197,-1.223756,-15.252006,0.11426961,0.7814128,0.30619708,0.53158236
1.0067115,-0.53084916,-14.937811,0.6417158,0.46634132,-0.587722,0.15908986
0.82325304,-1.2227788,-15.252797,0.114013284,0.7807649,0.3062483,0.53255916
1.0072719,-0.53037184,-14.937688,0.64140785,0.4656973,-0.5885804,0.15904473
0.8243599,-1.2221133,-15.253337,0.11396572,0.78047997,0.30614048,0.5330486
1.0099012,-0.52998585,-14.937589,0.6410616,0.4651064,-0.5893714,0.15924066
0.8251004,-1.2185504,-15.253697,0.11367037,0.78044075,0.30574617,0.53339535
1.0143484,-0.52967054,-14.937508,0.64065707,0.46459317,-0.59016,0.15944605
0.82559943,-1.2192589,-15.25394,0.11370215,0.78017306,0.30579653,0.5337512
1.0154401,-0.5317418,-14.937445,0.6406101,0.46408612,-0.5905663,0.1596067
0.8229662,-1.2197142,-15.254096,0.11356172,0.78085464,0.3053139,0.53306025
1.0162735,-0.5333231,-14.937398,0.6405789,0.46327364,-0.5913266,0.15927699
0.82123345,-1.2172076,-15.254199,0.113492385,0.78135496,0.30495548,0.5325468
1.016902,-0.5322029,-14.937362,0.6405011,0.4627943,-0.59192276,0.15876833
0.8200679,-1.2208533,-15.251603,0.113868475,0.7815934,0.3049848,0.5320997
1.0173775,-0.5313554,-14.937335,0.6404067,0.4624669,-0.59239674,0.15833418
0.8192677,-1.2208235,-15.252353,0.11403575,0.781776,0.30499458,0.53178984
1.0201242,-0.5306914,-14.937314,0.64028233,0.46236083,-0.5927152,0.15795512
0.81870776,-1.2208028,-15.250471,0.11416146,0.7819378,0.30510992,0.53145874
1.0198233,-0.5301996,-14.937299,0.6403604,0.46231356,-0.5928007,0.15745518
0.8183044,-1.2207878,-15.251429,0.11430941,0.78220916,0.30507037,0.53105026
1.0196064,-0.5276209,-14.937286,0.64049053,0.46257046,-0.5925718,0.15703231
0.81800216,-1.2207766,-15.252146,0.11447076,0.782395,0.3050988,0.5307253
1.019441,-0.52786106,-14.937279,0.6405087,0.46292055,-0.5923123,0.15690583
0.8177741,-1.2207681,-15.2526865,0.11463881,0.7826132,0.30512595,0.5303515
1.0193169,-0.5301873,-14.937271,0.6407073,0.46326703,-0.59182435,0.15691362
0.81760603,-1.2207618,-15.250912,0.114777766,0.7828862,0.30514458,0.52990764
1.0192215,-0.529851,-14.937266,0.6407524,0.4636548,-0.5914837,0.15686871
0.81541705,-1.2207571,-15.249607,0.11494476,0.7833742,0.30499178,0.52923775
1.0191478,-0.529591,-14.9372635,0.64089966,0.4640383,-0.5910887,0.15662104
0.8137844,-1.2207538,-15.250595,0.11507717,0.7838811,0.30457643,0.52869725
1.0150827,-0.5273931,-14.93726,0.64135176,0.46527117,-0.58961475,0.15666892
0.81441396,-1.2207512,-15.249477,0.11537165,0.7841332,0.30425116,0.52844656
1.0120264,-0.5257406,-14.937258,0.6416175,0.4661531,-0.5885784,0.15685594
0.8131253,-1.2207491,-15.250394,0.115558885,0.7843758,0.30397967,0.5282018
1.0115081,-0.5262916,-14.937256,0.64174974,0.4669019,-0.587758,0.15716392
0.8121266,-1.2207477,-15.251104,0.115716815,0.7845886,0.30372798,0.52799594
1.0111085,-0.5284357,-14.937255,0.64194834,0.4677398,-0.58674175,0.15765779
0.812942,-1.2207465,-15.250062,0.11583518,0.7846682,0.30350235,0.5279814
1.0091634,-0.528475,-14.937254,0.6420608,0.4684004,-0.586039,0.15785213
0.81363285,-1.2191215,-15.250804,0.11601196,0.78478014,0.30318564,0.52795815
1.0076296,-0.5269544,-14.937253,0.6420437,0.4690799,-0.5855407,0.15775295
0.81109273,-1.2193813,-15.2513895,0.1161753,0.78502977,0.3029028,0.52771354
1.0064076,-0.52869105,-14.937253,0.6423242,0.4697631,-0.5846612,0.15784056
0.8090669,-1.2195885,-15.251856,0.11631335,0.78521645,0.30276725,0.52748305
1.0054249,-0.5300879,-14.937253,0.6425531,0.47030306,-0.5839593,0.15789966
0.80882823,-1.2197554,-15.252232,0.11651633,0.7853379,0.30263048,0.52733594
1.0046272,-0.52989125,-14.937253,0.6426677,0.4707853,-0.5834764,0.1577805
0.80731153,-1.219891,-15.252537,0.11662595,0.785506,0.3024701,0.5271534
1.0039743,-0.5297303,-14.937253,0.6428193,0.47106782,-0.5831151,0.1576556
0.806069,-1.2200019,-15.25153,0.11676744,0.7856342,0.30240315,0.5269693
1.002235,-0.5295975,-14.937253,0.6429414,0.4713183,-0.5828143,0.15752102
0.8062366,-1.2200937,-15.251892,0.11691185,0.78571206,0.30230182,0.5268794
1.0019296,-0.52834654,-14.937253,0.64295506,0.471556,-0.5826423,0.1573904
0.80410796,-1.2201699,-15.252194,0.11696555,0.78587544,0.3021998,0.52668226
1.0005904,-0.5272991,-14.937253,0.64307374,0.4717827,-0.5823543,0.15729219
0.804479,-1.2202339,-15.252446,0.11702104,0.7859735,0.30208808,0.52658767
0.9984323,-0.528475,-14.937253,0.64325684,0.471968,-0.581994,0.15732118
0.80274504,-1.2202878,-15.251636,0.11742555,0.7863909,0.30171546,0.5260879
0.99757946,-0.5275166,-14.937253,0.64336526,0.47213998,-0.58172697,0.15734917
0.8012732,-1.2203336,-15.250948,0.11779842,0.7867356,0.30140698,0.5256659
0.9977807,-0.5276278,-14.937253,0.6434002,0.472223,-0.5816047,0.15740918
0.80001634,-1.2203727,-15.250361,0.11802323,0.78705114,0.30117324,0.5252769
0.9961882,-0.52772325,-14.937253,0.64352095,0.47234312,-0.5813807,0.15738234
0.79981464,-1.2212837,-15.249857,0.1183515,0.7872966,0.30099392,0.52493787
0.9964912,-0.528644,-14.937253,0.6435411,0.4724994,-0.58119214,0.15752745
0.79880685,-1.2212366,-15.249421,0.11861376,0.787558,0.3007762,0.52461123
0.9959574,-0.5294424,-14.937253,0.64360976,0.47265208,-0.5809788,0.15757626
0.7987244,-1.2219876,-15.249043,0.11892605,0.78775847,0.3006372,0.5243192
0.99549234,-0.52938133,-14.937253,0.6436464,0.47279003,-0.5808307,0.15755878
0.7971478,-1.22189,-15.2487135,0.11914706,0.78798044,0.3005042,0.52401155
0.99508524,-0.5293279,-14.937253,0.6436796,0.47293496,-0.5806887,0.15751125
0.7957673,-1.2225193,-15.2484255,0.11942531,0.78820103,0.30045286,0.52364576
0.99336165,-0.52996385,-14.937253,0.64397156,0.47353432,-0.5797731,0.15788966
0.7945534,-1.2230726,-15.248172,0.119633585,0.7883928,0.30038857,0.52334636
0.9918406,-0.5305251,-14.937253,0.64417833,0.47404206,-0.5790256,0.15826531
0.7941267,-1.2235612,-15.247948,0.119845495,0.78850424,0.3003366,0.5231598
0.9911094,-0.5310223,-14.937253,0.6443247,0.47449446,-0.5784059,0.15857932
0.79313564,-1.2233814,-15.247749,0.11997273,0.7886161,0.30023444,0.5230206
0.9904593,-0.53029335,-14.937253,0.64442986,0.47484493,-0.5779821,0.158648
0.79283637,-1.2238036,-15.247574,0.12009314,0.78868294,0.30017108,0.5229286
0.98987937,-0.53019917,-14.937253,0.6445142,0.47519684,-0.57756966,0.15875384
0.7925693,-1.2241805,-15.2474165,0.12020155,0.78872323,0.30010667,0.5228799
0.98936033,-0.53011495,-14.937253,0.6445734,0.4755352,-0.5772019,0.15883796
0.7928556,-1.2245178,-15.247275,0.120284826,0.7887369,0.30005336,0.52287066
0.9888943,-0.5295374,-14.937253,0.6446285,0.475858,-0.5768634,0.15887707
0.7926135,-1.2248209,-15.2471485,0.12032883,0.7887048,0.30006287,0.52290344
0.98895156,-0.5299711,-14.937253,0.64461416,0.4761723,-0.57653344,0.15919141
0.79239553,-1.2246195,-15.247509,0.120347865,0.7886878,0.30004594,0.52293444
0.9885503,-0.5299097,-14.937253,0.6446214,0.47652748,-0.5761614,0.15944618
0.7921986,-1.2248882,-15.247383,0.12038427,0.7886679,0.3000405,0.5229592
0.988187,-0.5294236,-14.937253,0.64456266,0.4768528,-0.5758992,0.15965778
0.7924483,-1.2251315,-15.247698,0.12041561,0.78864163,0.30003893,0.52299255
0.9874485,-0.5293914,-14.937253,0.6446042,0.4770949,-0.5755984,0.15985145
0.7922684,-1.2249457,-15.247983,0.120438784,0.78863496,0.30001944,0.5230085
0.98716515,-0.5289737,-14.937641,0.6445334,0.47732013,-0.57542163,0.16010068
0.7921047,-1.225163,-15.24747,0.12063384,0.7887686,0.29985046,0.52285874
0.98727584,-0.52933097,-14.937626,0.64442426,0.47729638,-0.5754164,0.16062908
0.7923224,-1.2253611,-15.247004,0.12087353,0.78891295,0.2996524,0.5226992
0.98702645,-0.5296573,-14.937261,0.6443238,0.47725162,-0.5754675,0.16098137
0.79217273,-1.2255421,-15.246576,0.12114072,0.7891253,0.29939353,0.52246505
0.9871312,-0.52995604,-14.936928,0.6442624,0.47714698,-0.57551205,0.16137771
0.79203564,-1.2257078,-15.246185,0.12148717,0.78942513,0.29902953,0.52214
0.98722726,-0.53023,-14.936622,0.6441641,0.4769228,-0.57571757,0.16169932
0.79191,-1.2258598,-15.245827,0.121799715,0.78977156,0.29863745,0.5217676
0.98701495,-0.5304817,-14.936341,0.64412427,0.47669846,-0.5758693,0.1619784
0.7917945,-1.2259995,-15.245497,0.12216173,0.79011744,0.29823053,0.52139187
0.98739064,-0.5307133,-14.936368,0.6440416,0.4764053,-0.57612,0.16227825
0.79168814,-1.2258441,-15.245477,0.12244341,0.79041934,0.29783356,0.52109504
0.9874656,-0.5309268,-14.936393,0.6440258,0.47613588,-0.57628465,0.16254666
0.7918598,-1.225701,-15.24546,0.12217313,0.79008275,0.2976398,0.52177924
0.98753494,-0.5308662,-14.936416,0.64398515,0.4759917,-0.5763498,0.16289882
0.79201835,-1.2255688,-15.245699,0.121957436,0.7897672,0.2974609,0.52240896
0.98759896,-0.5308102,-14.936438,0.6439656,0.47588682,-0.57639307,0.16312918
0.79265183,-1.2254465,-15.24592,0.12179939,0.78943235,0.29727957,0.52305496
0.9876582,-0.5307584,-14.936458,0.6438904,0.4758085,-0.576476,0.16336152
0.79323834,-1.2253333,-15.245894,0.12170105,0.7891382,0.2970628,0.5236443
0.98771316,-0.5307103,-14.936476,0.6437963,0.47577435,-0.5765447,0.16358922
0.79378206,-1.2250086,-15.24609,0.12149184,0.78885865,0.29676688,0.5242817
0.9877642,-0.5306657,-14.936492,0.6436824,0.47576556,-0.57664865,0.16369653
0.7944955,-1.2247072,-15.246272,0.121344686,0.78855777,0.29648718,0.52492625
0.988011,-0.5308236,-14.936507,0.6435796,0.4757166,-0.57673556,0.16393647
0.79456383,-1.2244272,-15.246441,0.12115494,0.788367,0.29623434,0.52539915
0.9880518,-0.53116494,-14.9365225,0.6435347,0.4756351,-0.5768047,0.16410562
0.794882,-1.22386,-15.246639,0.12078648,0.78814006,0.2960647,0.5259199
0.9878995,-0.5313073,-14.936537,0.6435072,0.4760384,-0.576592,0.16379127
0.79565763,-1.2234142,-15.246913,0.1205018,0.7879285,0.29592294,0.52638155
0.98775023,-0.5310622,-14.936551,0.64344305,0.47634533,-0.57654494,0.16331626
0.7966456,-1.2228463,-15.247261,0.12022335,0.78773534,0.2958344,0.5267841
0.98760396,-0.5310143,-14.936565,0.6434245,0.4766683,-0.5763721,0.16305698
0.7967023,-1.2222733,-15.247613,0.11990091,0.7876023,0.29576415,0.52709585
0.98765284,-0.5307751,-14.936579,0.64336926,0.47695357,-0.5762794,0.16276835
0.79730785,-1.2216436,-15.247999,0.119628064,0.7874535,0.29572725,0.5274008
0.98750854,-0.530733,-14.936592,0.64337355,0.47723725,-0.57609236,0.16258174
0.79865754,-1.220924,-15.248441,0.119367175,0.78729886,0.29563975,0.52773976
0.9873671,-0.5303072,-14.936605,0.6433208,0.47749004,-0.5760257,0.16228399
0.7993194,-1.220184,-15.248895,0.119087584,0.7871687,0.29565454,0.52798873
0.9872285,-0.5304666,-14.936618,0.6433823,0.47774613,-0.5757542,0.16224983
0.8008602,-1.2193961,-15.249378,0.118859485,0.78700405,0.29571095,0.5282539
0.9870927,-0.53023833,-14.936631,0.6433822,0.47799656,-0.5755862,0.16210866
0.8024415,-1.2185876,-15.249874,0.11866535,0.7868495,0.29570416,0.52853143
0.9869596,-0.52982247,-14.936644,0.6433146,0.47819528,-0.57555705,0.16189411
0.804014,-1.2177836,-15.250367,0.11835736,0.7866182,0.29594737,0.52880865
0.9868291,-0.52979934,-14.936655,0.6431763,0.47837168,-0.57555705,0.1619227
0.8055358,-1.2170056,-15.250845,0.118144535,0.78636545,0.29618743,0.5290976
0.9868935,-0.52958447,-14.936667,0.64298296,0.4784958,-0.5756732,0.16191073
0.8069742,-1.2162702,-15.251295,0.117888875,0.7861072,0.29642168,0.5294072
0.98695666,-0.5295661,-14.936679,0.6428105,0.4785888,-0.5757793,0.16194382
0.8083061,-1.2155892,-15.251713,0.11762308,0.7858078,0.2966648,0.5297744
0.98701847,-0.52954817,-14.93669,0.64266384,0.4786469,-0.57587534,0.1620125
0.8094752,-1.2162794,-15.252079,0.11738863,0.78549224,0.2969176,0.5301526
0.9870791,-0.5295305,-14.936703,0.642532,0.47867498,-0.5759822,0.16207264
0.8105333,-1.2155579,-15.252411,0.117102005,0.785207,0.2971496,0.53050846
0.9871385,-0.52951324,-14.936713,0.64243627,0.47866803,-0.5760791,0.16212848
0.81147766,-1.2149142,-15.252707,0.116797544,0.7849311,0.2973222,0.53088695
0.98719674,-0.5293041,-14.936724,0.6423262,0.47867465,-0.57619727,0.16212468
0.8123088,-1.2143476,-15.254406,0.11638903,0.7846264,0.2974954,0.53132993
0.9870615,-0.5290991,-14.936734,0.64226335,0.47863296,-0.5763037,0.1621183
0.8130343,-1.213853,-15.255889,0.11607887,0.78432655,0.29759076,0.531787
0.9871213,-0.52909046,-14.936745,0.6422229,0.47858536,-0.5763772,0.16215813
0.81367314,-1.2118809,-15.2571945,0.11571476,0.78403497,0.29763582,0.53227085
0.9871799,-0.529082,-14.936947,0.6421397,0.4785175,-0.5765029,0.16224113
0.8159015,-1.2101002,-15.258374,0.115362845,0.78372496,0.29760665,0.53281987
0.987045,-0.5290737,-14.936953,0.6421044,0.4784802,-0.5765492,0.16232635
0.81952435,-1.2072049,-15.260292,0.11485656,0.7831865,0.2973607,0.5338573
0.98716456,-0.52867496,-14.937346,0.6419751,0.47840852,-0.5767089,0.16248128
0.8229013,-1.2060567,-15.261052,0.11472345,0.7829032,0.29711336,0.5344389
0.98722893,-0.5284602,-14.937345,0.6419125,0.47835445,-0.57679355,0.16258737
0.82091135,-1.2045176,-15.255555,0.11462183,0.78338647,0.2966461,0.5340117
0.9877378,-0.52846867,-14.936948,0.6418037,0.47825307,-0.57692546,0.16284698
0.819522,-1.2051704,-15.252243,0.11452557,0.7840964,0.29672205,0.53294724
0.98763704,-0.5282881,-14.936578,0.6418299,0.4783138,-0.5768087,0.16297889
0.8161305,-1.206101,-15.251086,0.11453204,0.78461754,0.29682806,0.5321193
0.98768526,-0.52810353,-14.936591,0.6418535,0.4783989,-0.5767067,0.16299728
0.8119857,-1.2068468,-15.250159,0.114558116,0.785323,0.29703388,0.53095675
0.9875403,-0.52811474,-14.936604,0.6419626,0.47856468,-0.5764215,0.16308977
0.80456775,-1.2088052,-15.250764,0.114662506,0.78653824,0.29751325,0.52886295
0.9866198,-0.5281289,-14.936867,0.642561,0.47961426,-0.5747743,0.16346288
0.79722697,-1.2116904,-15.251258,0.114766926,0.7875169,0.29796457,0.527127
0.98576546,-0.52814704,-14.937202,0.64325655,0.48084038,-0.57282853,0.16395472
0.7936325,-1.2128416,-15.251663,0.114850126,0.7882505,0.29827046,0.52583784
0.98477495,-0.52855575,-14.937592,0.6440165,0.48211658,-0.57072467,0.16455905
0.7894905,-1.2137963,-15.252001,0.11485664,0.78872174,0.2983707,0.5250724
0.98354673,-0.5285616,-14.938075,0.6447245,0.48335755,-0.568693,0.16517912
0.7871347,-1.2134899,-15.252282,0.114868,0.7890894,0.29836625,0.52451974
0.98124534,-0.52787673,-14.938707,0.64532423,0.484458,-0.56695485,0.165588
0.78541243,-1.2130144,-15.251722,0.11486073,0.78958696,0.2980315,0.52396256
0.9778539,-0.5280105,-14.939191,0.6461622,0.48556566,-0.5648212,0.1663656
0.78592086,-1.2109132,-15.2504635,0.11489113,0.7898631,0.297372,0.52391434
0.97443616,-0.5272535,-14.938792,0.64622027,0.48560444,-0.56466377,0.16656075
0.7852689,-1.2100784,-15.249964,0.114909336,0.7899808,0.29706332,0.523908
0.97284925,-0.52742314,-14.938606,0.6461958,0.48556954,-0.5646988,0.16663843
0.786327,-1.2101669,-15.249531,0.11499705,0.79000765,0.29681212,0.5239907
0.9726054,-0.527573,-14.938443,0.6459666,0.4853491,-0.5651256,0.16672294
0.7864768,-1.2094734,-15.249154,0.11505637,0.79003495,0.2965737,0.5240716
0.9723998,-0.52880937,-14.938305,0.6458486,0.4851927,-0.56537044,0.16680554
0.7880718,-1.2088673,-15.248825,0.11494397,0.789679,0.29664224,0.5245936
0.97222334,-0.5287934,-14.93711,0.64495534,0.4852096,-0.56638193,0.16678102
0.78877616,-1.2090309,-15.249232,0.11486042,0.78933465,0.2967348,0.5250776
0.9720702,-0.52877957,-14.936072,0.6442606,0.48536113,-0.5670517,0.16674915
0.79005766,-1.2085143,-15.249592,0.11479745,0.789015,0.29677534,0.52554864
0.97193295,-0.52876717,-14.936203,0.64375234,0.48548004,-0.5675675,0.16661097
0.7911914,-1.2080573,-15.249908,0.11469477,0.78873014,0.29681867,0.525974
0.97068805,-0.52875555,-14.935207,0.64340115,0.48574543,-0.56774426,0.16659199
0.79253393,-1.2072899,-15.250442,0.11450923,0.78824043,0.29688892,0.5267083
0.9707173,-0.5277563,-14.934571,0.6427889,0.48621485,-0.56805736,0.16651879
0.7933673,-1.2075049,-15.250665,0.11445416,0.7880201,0.29691887,0.5270331
0.9707292,-0.52679735,-14.933807,0.642566,0.4864453,-0.5681338,0.16644491
0.7941147,-1.206675,-15.250867,0.114400014,0.7878266,0.29690483,0.5273419
0.96960855,-0.52588564,-14.933082,0.6424232,0.4868784,-0.56795317,0.16634655
0.79478693,-1.2069,-15.251048,0.11435386,0.78757846,0.2969366,0.5277046
0.9658826,-0.52626085,-14.933643,0.64292735,0.48816106,-0.5663961,0.16594803
0.79539335,-1.2066417,-15.251211,0.11430741,0.78733474,0.2969329,0.5280802
0.96383244,-0.52660626,-14.934161,0.643336,0.48930487,-0.56505173,0.16557835
0.79550344,-1.2064079,-15.251359,0.11428094,0.78711987,0.29690126,0.528424
0.96038175,-0.5269318,-14.934649,0.64381665,0.49030143,-0.563725,0.16528434
0.7956119,-1.2061775,-15.251504,0.11428405,0.7869256,0.2968372,0.52874845
0.9572489,-0.5272274,-14.935091,0.6442235,0.49117282,-0.562619,0.16487965
0.79572046,-1.2059469,-15.25165,0.114379495,0.78684783,0.2966844,0.5289294
0.95254534,-0.525682,-14.9355,0.6447499,0.49169782,-0.56176555,0.1641657
0.7953578,-1.2057333,-15.251784,0.114508465,0.7868808,0.2964468,0.5289857
0.9504642,-0.5243755,-14.935844,0.64528024,0.49188665,-0.5611582,0.16359267
0.79501945,-1.2055341,-15.25191,0.11465538,0.7869391,0.2962085,0.5290005
0.94669515,-0.5252698,-14.936137,0.645918,0.49191537,-0.56049234,0.1632717
0.79470146,-1.2053468,-15.252028,0.114834346,0.78705394,0.2959206,0.52895206
0.945706,-0.52598375,-14.93637,0.64634025,0.49195835,-0.56000966,0.16312738
0.79440093,-1.2051699,-15.25214,0.11501714,0.78720486,0.2955795,0.52887845
0.94491804,-0.52451503,-14.936557,0.6465638,0.49191818,-0.55986255,0.1628668
0.7937069,-1.2050096,-15.252241,0.115192614,0.78740466,0.29522294,0.52874184
0.94429255,-0.52334917,-14.936705,0.6467335,0.4917497,-0.55986875,0.1626807
0.7930225,-1.2044166,-15.25234,0.1154272,0.7876885,0.29464948,0.52858794
0.94577503,-0.52442795,-14.936815,0.6461995,0.49095407,-0.56047374,0.16510445
0.7925963,-1.2036977,-15.2525425,0.115782045,0.78812045,0.29373297,0.5283764
0.9510316,-0.5276311,-14.938477,0.64557433,0.48990268,-0.5611258,0.16842543
0.7918522,-1.2030715,-15.252644,0.115881324,0.7883107,0.29337046,0.5282723
0.95280236,-0.5278113,-14.938263,0.64532876,0.48971862,-0.56125355,0.16947275
0.7922001,-1.2024189,-15.252749,0.11601619,0.7884197,0.29306474,0.5282496
0.954192,-0.5247764,-14.939684,0.645095,0.48966333,-0.5614169,0.16998032
0.7919662,-1.2023662,-15.252849,0.11613316,0.7885036,0.29283518,0.52822614
0.9537853,-0.52387834,-14.9393015,0.64505965,0.48969424,-0.56133884,0.17028356
0.7917277,-1.2017046,-15.25295,0.11622814,0.7885497,0.29268125,0.5282216
0.9548928,-0.5245924,-14.938995,0.6449965,0.48981652,-0.5611782,0.17069978
0.7915056,-1.2016928,-15.253043,0.11633325,0.7885417,0.2926929,0.528204
0.9544265,-0.5265313,-14.938747,0.6450226,0.4901064,-0.56083304,0.17090358
0.7918989,-1.2016817,-15.253132,0.11648646,0.78848445,0.29275036,0.5282238
0.9540462,-0.5268187,-14.93984,0.64505905,0.49051243,-0.5604454,0.17087248
0.79053915,-1.2033821,-15.25264,0.11698673,0.788632,0.29319492,0.5276462
0.948818,-0.5258261,-14.939509,0.6457222,0.49362174,-0.5576467,0.16855459
0.78986555,-1.2054431,-15.2522,0.1175059,0.7887448,0.2936225,0.5271241
0.94349957,-0.52624977,-14.939172,0.6463949,0.49658245,-0.55489355,0.16635096
0.7887472,-1.2067763,-15.251805,0.11795857,0.78887326,0.29403424,0.5266011
0.938349,-0.52502865,-14.938846,0.6469675,0.4992697,-0.5524858,0.16408044

