ICVP Direct Stim Program 4.0.1+v4.0.1 - RelativeLocations
Updated at: 2022-08-22--20-28-37
Subject ID: CKT
Tester ID: kstipp
Direct Stimulation Input from the UI

UserID ; Time ; Electrodes ; Frequency (Hz) ; Cathodic Phase Duration (us) ; Train Length (ms) ; Duty On (ms); Duty Off (ms) ; Inter-train Length (ms) ; Amplitude (uA) ; Sent to Gateway ; Response ; Response Latency (ms) ; Response Duration (ms) ; Comments
kstipp ; 2022-08-22--20-28-37 ; 5600-5601-5604-5605 , 5600-5601-5604-5605-1500-1501-1504-1505 ; 200 ; 200 ; 1000 ; 1000 ; 0 ; 0 ; 40 ; True ;  ;  ;  ; moved left. diamond pattern very tiny and lighter than background. to the left 4 pattern diamond. space between them

Position t,Position u,Position v,Orientation w,Orientation x,Orientation y,Orientation z
0.6712087,-1.3181216,-15.213413,0.13795705,0.82907826,0.30174455,0.45005268
0.9186475,-0.49374354,-14.939673,0.6361741,0.5603621,-0.49717045,0.18465778
0.66985244,-1.3162719,-15.213854,0.13767327,0.82925206,0.30125517,0.4501473
0.918858,-0.49356332,-14.9395485,0.6360784,0.5603146,-0.49733952,0.18467622
0.67038375,-1.3146721,-15.214233,0.13738625,0.8293229,0.30081138,0.4504012
0.9190478,-0.49386775,-14.939438,0.63601685,0.560249,-0.49747133,0.18473226
0.6708511,-1.3114427,-15.214569,0.13707015,0.82938397,0.30051625,0.4505819
0.9187543,-0.49368608,-14.939328,0.6359794,0.5602182,-0.4975528,0.18473503
0.6694239,-1.3106568,-15.214838,0.13695513,0.8294737,0.3003593,0.4505565
0.91894394,-0.49352208,-14.939685,0.63592213,0.5601595,-0.49770826,0.18469122
0.6682733,-1.3100232,-15.215054,0.13667709,0.8296024,0.30015615,0.45053908
0.9186749,-0.49381512,-14.939572,0.63589936,0.5600872,-0.497821,0.1846851
0.6709391,-1.309502,-15.217038,0.13671117,0.82953596,0.30006135,0.4507143
0.9188553,-0.49408063,-14.939894,0.63587093,0.5600173,-0.4979355,0.18468636
0.67130136,-1.3090748,-15.218664,0.13679014,0.82960296,0.29999715,0.45060974
0.9190192,-0.49351573,-14.940186,0.6358271,0.5599536,-0.49808434,0.18462923
0.66980195,-1.3087354,-15.219955,0.13665496,0.82983035,0.29991028,0.4502898
0.91955125,-0.49376726,-14.940453,0.6357886,0.55988556,-0.49819854,0.18465976
0.6703736,-1.3084567,-15.221018,0.13669378,0.8298727,0.29985806,0.4502346
0.91967285,-0.49326926,-14.940695,0.6357544,0.55981946,-0.49833563,0.18460804
0.6708149,-1.3099548,-15.221837,0.13678868,0.8299786,0.2998482,0.4500173
0.91978395,-0.49350512,-14.940917,0.63572955,0.55976975,-0.49842244,0.18461016
0.6695044,-1.309487,-15.222489,0.13669693,0.83010906,0.29985732,0.4497983
0.9195575,-0.49339288,-14.94112,0.6357223,0.55973184,-0.49849308,0.18455945
0.66843045,-1.3091035,-15.223024,0.1366005,0.83026034,0.2998326,0.4495649
0.9193497,-0.49360174,-14.941306,0.63573116,0.55968595,-0.49854305,0.18453307
0.6675463,-1.308788,-15.223465,0.13659403,0.8304379,0.29969814,0.4493284
0.9194549,-0.49349746,-14.941478,0.63570184,0.5596699,-0.49860093,0.1845264
0.66681606,-1.3085274,-15.223829,0.1366115,0.8305556,0.29964522,0.44914088
0.91955245,-0.4934008,-14.941636,0.63568205,0.5596549,-0.49864253,0.18452749
0.66784114,-1.3083103,-15.224132,0.13672754,0.830594,0.2996225,0.44904974
0.9193612,-0.49359295,-14.9417925,0.63568085,0.55965257,-0.4986514,0.18451472
0.667067,-1.3081319,-15.2243805,0.13679741,0.83068293,0.29963332,0.44885647
0.9194624,-0.49349257,-14.941942,0.63565356,0.5596543,-0.49868426,0.18451492
0.66642827,-1.3079848,-15.224586,0.13684386,0.8307556,0.29937384,0.44888106
0.91925037,-0.49338257,-14.942108,0.63561404,0.55967605,-0.49868572,0.18458118
0.6658995,-1.3078629,-15.224756,0.13685207,0.8308497,0.29918286,0.44883174
0.9193625,-0.4935884,-14.942259,0.6355817,0.55968887,-0.49867055,0.18469481
0.6680432,-1.3060174,-15.225019,0.13692287,0.83090585,0.29866117,0.44905362
0.9192682,-0.49368465,-14.942538,0.63552296,0.5596998,-0.49866837,0.18486938
0.6688578,-1.3062263,-15.225121,0.13704215,0.8309286,0.29833573,0.44919148
0.91937804,-0.49357578,-14.942675,0.6354832,0.5596918,-0.49869767,0.1849512
0.6695256,-1.3063974,-15.225203,0.13706905,0.8309336,0.29804647,0.44936606
0.9194791,-0.49376246,-14.942799,0.6354424,0.55969656,-0.49870688,0.18505222
0.6701048,-1.3048708,-15.225274,0.13709003,0.8310135,0.29764286,0.44947922
0.91957533,-0.49365863,-14.942918,0.63540494,0.5596911,-0.49872917,0.18513696
0.6688985,-1.3036004,-15.225334,0.13706018,0.83117825,0.29725128,0.44944295
0.919664,-0.49383044,-14.9430275,0.6353724,0.559685,-0.49873728,0.1852451
0.6696116,-1.3025242,-15.225385,0.13705336,0.8312777,0.29680377,0.44955674
0.92000335,-0.49347752,-14.94313,0.6353243,0.55967903,-0.49877548,0.18532519
0.6692665,-1.300909,-15.22546,0.13705522,0.8314238,0.29606345,0.44977415
0.919906,-0.49325386,-14.943342,0.63526034,0.55966806,-0.49880043,0.18551058
0.66817063,-1.3003145,-15.225488,0.13707359,0.83147764,0.29584527,0.44981262
0.9199887,-0.4934441,-14.943444,0.6352266,0.55965906,-0.4988056,0.18563941
0.6672791,-1.2998308,-15.225511,0.13697878,0.83159447,0.29538822,0.44992584
0.9200706,-0.4933489,-14.943545,0.63515407,0.55965924,-0.4988581,0.185746
0.6665166,-1.2976038,-15.225529,0.13689955,0.83166397,0.29499626,0.45007867
0.92041785,-0.49326056,-14.943639,0.6350644,0.5596777,-0.49889648,0.1858936
0.6686903,-1.2957546,-15.225557,0.13681561,0.8315795,0.29453763,0.45056042
0.9199505,-0.4930649,-14.943847,0.634923,0.55970913,-0.498966,0.18609563
0.6694751,-1.2961098,-15.225568,0.13695715,0.8314117,0.29444948,0.45088455
0.920042,-0.49328506,-14.943945,0.6348346,0.55975384,-0.4989829,0.1862173
0.6683507,-1.296385,-15.225576,0.13696976,0.83136505,0.2943962,0.45100147
0.92042327,-0.49319026,-14.944036,0.63472366,0.55977994,-0.49905375,0.18632665
0.66746265,-1.2966026,-15.225582,0.13678162,0.8313566,0.29431257,0.45112893
0.92020977,-0.493103,-14.943836,0.63465947,0.5598227,-0.49906003,0.18640019
0.6701428,-1.2950698,-15.225588,0.13676459,0.8312047,0.29422554,0.4514705
0.92028105,-0.49302256,-14.943652,0.63457894,0.5598628,-0.49908212,0.18649487
0.67060226,-1.2971375,-15.225593,0.13695703,0.83115685,0.29417557,0.45153275
0.92034686,-0.49294823,-14.943481,0.6345006,0.5598995,-0.49910602,0.18658702
0.6709646,-1.2972181,-15.225596,0.13700625,0.8311104,0.29408857,0.45165998
0.9206497,-0.49287954,-14.943325,0.6343988,0.5599349,-0.49916807,0.18666096
0.6697807,-1.2972823,-15.224126,0.13696973,0.8311361,0.29408786,0.45162418
0.9204704,-0.49304578,-14.943179,0.63435745,0.5599507,-0.4991815,0.1867182
0.6702272,-1.297334,-15.222943,0.13713442,0.8310539,0.2940857,0.4517269
0.9205226,-0.49298152,-14.943045,0.63431615,0.5599578,-0.4992069,0.18676934
0.6705898,-1.2973759,-15.221983,0.13717504,0.8310084,0.2940249,0.451838
0.92057097,-0.49292192,-14.942919,0.63428247,0.5599747,-0.4992148,0.18681185
0.6708866,-1.2974102,-15.221197,0.13722058,0.8309932,0.29408467,0.45181322
0.920813,-0.4930636,-14.942802,0.6342318,0.55995023,-0.49926758,0.18691602
0.67233104,-1.2974385,-15.220549,0.13741004,0.83088946,0.2941259,0.4519196
0.9210443,-0.49319893,-14.942691,0.63415915,0.55995244,-0.49931514,0.18702886
0.67239237,-1.2974621,-15.220009,0.13752839,0.83084804,0.2941714,0.45193014
0.92127097,-0.49294707,-14.942582,0.6340312,0.5599606,-0.49943757,0.18711178
0.6724438,-1.297482,-15.219557,0.13770005,0.83085775,0.29412484,0.4518902
0.9213008,-0.49308476,-14.942475,0.63400245,0.5599556,-0.49943286,0.18723656
0.6735156,-1.2985271,-15.219177,0.13799651,0.83078307,0.29412267,0.45193857
0.9213301,-0.49302745,-14.94237,0.6339547,0.5599146,-0.4995067,0.18732393
0.67247087,-1.2984366,-15.218854,0.13808137,0.83083105,0.2940536,0.45186937
0.92135876,-0.49297127,-14.942268,0.6338815,0.5598948,-0.49956632,0.18747158
0.67343557,-1.2983595,-15.218578,0.13817625,0.830858,0.2938185,0.45194355
0.9215791,-0.49272394,-14.942167,0.63378733,0.55986136,-0.4997087,0.18751033
0.67338175,-1.2982931,-15.218342,0.1382476,0.8309077,0.29366377,0.4519309
0.9216028,-0.49286607,-14.942069,0.6337852,0.5597958,-0.499733,0.18764873
0.67332935,-1.2972841,-15.218111,0.13828005,0.8309516,0.29343975,0.45198599
0.92181826,-0.4928131,-14.941973,0.63373077,0.5597425,-0.49982402,0.18774875
0.67499804,-1.2982476,-15.217726,0.13861834,0.8309656,0.29314727,0.4520463
0.92224586,-0.4928963,-14.941782,0.63363075,0.55954987,-0.5000535,0.18804954
0.67480713,-1.2981933,-15.217571,0.13874264,0.83101004,0.29287478,0.4521031
0.92248,-0.49305654,-14.941677,0.6335788,0.55946374,-0.5001567,0.1882065
0.67545307,-1.2989576,-15.217439,0.13892058,0.8310125,0.29271793,0.4521456
0.9227381,-0.4932332,-14.941563,0.63351876,0.55936193,-0.5003013,0.18832675
0.6752443,-1.2988516,-15.217324,0.13892904,0.8311362,0.29240096,0.45212066
0.9227388,-0.4931514,-14.941445,0.6334914,0.5592691,-0.5004284,0.18835679
0.6750618,-1.2987591,-15.217223,0.13901563,0.83116865,0.29219544,0.45216733
0.92249167,-0.49332362,-14.941337,0.6335023,0.559183,-0.5004928,0.18840452
0.6756378,-1.2986718,-15.217128,0.13908097,0.83123106,0.2918327,0.45226672
0.92249835,-0.49324757,-14.941472,0.633444,0.5590832,-0.5006917,0.18836822
0.67543054,-1.298595,-15.217758,0.13906336,0.8313056,0.29161486,0.4522756
0.9225045,-0.49317712,-14.941374,0.63338,0.5590102,-0.5008395,0.18840739
0.6745698,-1.2985274,-15.218313,0.1391341,0.83151084,0.29123098,0.45212388
0.92276907,-0.4930978,-14.941263,0.6333111,0.5589156,-0.50102323,0.18843113
0.67445433,-1.2984676,-15.218802,0.13931163,0.8316348,0.29089963,0.45205447
0.9230794,-0.49300483,-14.941134,0.63325304,0.55882066,-0.5012027,0.18843043
0.67435205,-1.2984147,-15.219236,0.13944864,0.83177966,0.29058066,0.45195082
0.9234118,-0.49324882,-14.940995,0.63317376,0.55873364,-0.5013655,0.18852144
0.67425644,-1.2983654,-15.219643,0.13962787,0.831927,0.29015917,0.45189512
0.9242488,-0.49267918,-14.941259,0.6330125,0.5586792,-0.50160694,0.18858224
0.673548,-1.298282,-15.219226,0.1403735,0.8328393,0.28878385,0.45086363
0.92555124,-0.49341533,-14.941313,0.63308626,0.55827653,-0.50190955,0.18872187
0.672943,-1.2976803,-15.219037,0.14050417,0.83322716,0.28827432,0.45043218
0.9259425,-0.49323207,-14.94163,0.6330908,0.55812037,-0.5020912,0.18868548
0.6729376,-1.2976778,-15.218863,0.14074248,0.83341664,0.28799072,0.4501885
0.9270131,-0.49367237,-14.941339,0.6330792,0.5579619,-0.50226414,0.18873306
0.67293257,-1.2976754,-15.2187,0.1409819,0.833585,0.28774258,0.44996035
0.9281429,-0.4934118,-14.941754,0.633032,0.5577963,-0.50251454,0.18871395
0.6723397,-1.2970853,-15.218535,0.14100441,0.83381593,0.28742602,0.4497277
0.9293125,-0.49233,-14.942186,0.6330209,0.55764925,-0.50272924,0.18861379
0.6711288,-1.296499,-15.21837,0.14108661,0.83399135,0.2873347,0.44943494
0.92957014,-0.49296063,-14.9417715,0.63306767,0.5574756,-0.5028673,0.18860194
0.67063934,-1.2965696,-15.218225,0.14134297,0.83406466,0.2872604,0.4492659
0.9298123,-0.49272403,-14.9413805,0.6330715,0.5573242,-0.50305265,0.18854274
0.66904557,-1.296091,-15.217931,0.14154977,0.8342856,0.28713664,0.44886956
0.93117267,-0.49153867,-14.941415,0.6330085,0.5570354,-0.5035207,0.18835817
0.66709816,-1.2954636,-15.21778,0.14148718,0.83442205,0.28715685,0.44862264
0.932293,-0.49140194,-14.940983,0.6329532,0.5569115,-0.50375587,0.18828145
0.6675232,-1.2956241,-15.217649,0.14160506,0.83431137,0.28734803,0.4486688
0.9333406,-0.49231267,-14.940579,0.63296795,0.5567301,-0.50393826,0.18828058
0.66722226,-1.2957655,-15.217533,0.1415782,0.8342409,0.28757766,0.4486612
0.93324083,-0.4930907,-14.940234,0.6330445,0.5565927,-0.5039822,0.18831167
0.6669163,-1.2951713,-15.217416,0.1416317,0.83422875,0.2876789,0.44860205
0.934185,-0.4927807,-14.940949,0.63298994,0.55648506,-0.50416833,0.18831484
0.66708237,-1.2962017,-15.217217,0.14183576,0.8340265,0.28809386,0.44864726
0.9338324,-0.4932446,-14.940228,0.6330558,0.5563186,-0.50428903,0.18826199
0.66682255,-1.2969481,-15.217135,0.14196523,0.83389896,0.28834763,0.4486805
0.93469054,-0.4939375,-14.939915,0.63307726,0.5562094,-0.50437737,0.18827592
0.6665925,-1.2969924,-15.217063,0.14202148,0.83377665,0.2885592,0.4487539
0.934459,-0.4926032,-14.939649,0.6330417,0.55616826,-0.504503,0.18818043
0.66638786,-1.2970316,-15.216998,0.14203966,0.8336968,0.28873992,0.4487804
0.93425584,-0.49237064,-14.939415,0.6331037,0.5561502,-0.5044686,0.188117
0.66620535,-1.2970668,-15.216941,0.14204432,0.83359027,0.28896612,0.44883102
0.9350398,-0.493127,-14.939196,0.6331103,0.5561267,-0.50447863,0.18813749
0.666042,-1.2970982,-15.216888,0.14202484,0.8334729,0.28917912,0.448918
0.93477905,-0.49284223,-14.939006,0.6330862,0.5561618,-0.50452244,0.18799748
0.6663978,-1.2971263,-15.216842,0.14197817,0.83333844,0.2894124,0.44903213
0.9355124,-0.49355316,-14.9388275,0.6331122,0.5561898,-0.50447685,0.18794964
0.66671824,-1.2976291,-15.2168,0.14189385,0.8332069,0.28968963,0.44912416
0.93520933,-0.49415985,-14.938675,0.63315594,0.55627704,-0.5043418,0.18790652
0.666554,-1.2976295,-15.216763,0.14182054,0.83312947,0.2899003,0.44915482
0.9349492,-0.493798,-14.938543,0.6331694,0.55636364,-0.5042713,0.18779382
0.6664053,-1.2976298,-15.216728,0.14171138,0.8330466,0.29009077,0.4492201
0.9347222,-0.49348205,-14.93843,0.6332082,0.556496,-0.5041099,0.18770441
0.66667974,-1.2976301,-15.216698,0.14162022,0.83291805,0.29028815,0.4493597
0.93452555,-0.49401435,-14.938331,0.633248,0.5566724,-0.50388,0.18766442
0.66692924,-1.2976304,-15.216669,0.14152999,0.83279914,0.29047713,0.4494864
0.9343524,-0.49370855,-14.938244,0.63327336,0.5568917,-0.50363743,0.18757892
0.6667874,-1.298,-15.216643,0.14145078,0.8326803,0.29070505,0.44958404
0.9341982,-0.49343616,-14.938167,0.63334495,0.5570949,-0.50333995,0.18753257
0.6670087,-1.2979867,-15.21662,0.14137411,0.8325968,0.2908303,0.4496818
0.93406004,-0.49319208,-14.938098,0.6334265,0.5572777,-0.50305843,0.18746904
0.66721123,-1.298308,-15.216599,0.14134097,0.8324792,0.29099903,0.44980076
0.933246,-0.4929778,-14.938728,0.63352317,0.5574501,-0.50278527,0.18736288
0.6670803,-1.2986026,-15.216579,0.14130138,0.8323949,0.2911272,0.4498862
0.9325284,-0.49344698,-14.938628,0.633667,0.55759996,-0.5024507,0.18732782
0.6672608,-1.2985724,-15.216561,0.14121446,0.8323046,0.2912594,0.44999492
0.93189335,-0.49386218,-14.938539,0.63378334,0.5577546,-0.5021469,0.18728855
0.66714114,-1.2982589,-15.216545,0.14109126,0.8322537,0.2913464,0.45007154
0.93132925,-0.49363706,-14.939053,0.63390046,0.5578908,-0.501877,0.18720996
0.6670308,-1.2982413,-15.21653,0.14100534,0.8322045,0.2914103,0.45014793
0.9308265,-0.49343637,-14.938947,0.63399714,0.55803025,-0.5016155,0.18716796
0.66692907,-1.2982252,-15.216516,0.14095043,0.832127,0.29148877,0.45025763
0.9303769,-0.49325693,-14.938852,0.6340453,0.5581769,-0.5013947,0.18715902
0.66708,-1.2984552,-15.216503,0.1409238,0.8320206,0.29158595,0.45039967
0.93048286,-0.49309596,-14.939277,0.63407475,0.5582993,-0.50120395,0.18720515
0.66721964,-1.2986681,-15.216491,0.14088231,0.8319019,0.29167983,0.45057106
0.9300944,-0.4934349,-14.939175,0.6341289,0.5584027,-0.5010087,0.18723585
0.66734916,-1.2986444,-15.216479,0.14078672,0.8317567,0.29174048,0.45082977
0.92974395,-0.4937407,-14.939083,0.6341726,0.5585019,-0.50083023,0.18726982
0.6674694,-1.2988327,-15.216469,0.14069586,0.8315345,0.2919176,0.4511533
0.92942697,-0.4940173,-14.939,0.6342248,0.5586395,-0.50057817,0.18735664
0.66778064,-1.2988079,-15.216459,0.14051722,0.83132654,0.2920095,0.45153248
0.9291395,-0.49426815,-14.938925,0.63428026,0.5587844,-0.50032103,0.18742299
0.667882,-1.2987844,-15.21645,0.14039104,0.83110017,0.2921,0.45192978
0.9288781,-0.49410215,-14.938855,0.63433397,0.5589406,-0.5000682,0.18745056
0.6679814,-1.2987615,-15.21644,0.14027642,0.83087736,0.29221964,0.4522976
0.92826575,-0.49432525,-14.938793,0.6343788,0.5591491,-0.49974224,0.18754642
0.6680788,-1.2987391,-15.216433,0.1400838,0.83068866,0.29232872,0.45263332
0.9280622,-0.49452892,-14.938736,0.6344038,0.5593115,-0.49948442,0.18766409
0.66836643,-1.298717,-15.216424,0.14011109,0.83047116,0.2923477,0.4530114
0.92787606,-0.4940396,-14.938683,0.6343741,0.559498,-0.4993004,0.18769829
0.6688406,-1.2988877,-15.216416,0.14018118,0.8302544,0.2925034,0.45328653
0.9277054,-0.49423295,-14.938635,0.634489,0.5595496,-0.49906552,0.18778045
0.6691486,-1.2988595,-15.216407,0.14019784,0.83016014,0.29252017,0.45344317
0.9278535,-0.4941056,-14.938591,0.6345339,0.55957794,-0.4989641,0.18781415
0.6695502,-1.2988226,-15.216394,0.1401935,0.83004606,0.29268366,0.4535479
0.92770016,-0.49398848,-14.938552,0.6345821,0.55963,-0.4988501,0.1877992
0.67053515,-1.2991912,-15.216377,0.14028141,0.8299097,0.2928295,0.45367613
0.9275589,-0.49415573,-14.938514,0.6346621,0.5596781,-0.49866387,0.18788026
0.6711561,-1.2991103,-15.216357,0.14023593,0.8298933,0.2928796,0.45368788
0.9274285,-0.49431005,-14.93848,0.6347375,0.55967015,-0.49859732,0.18782522
0.671244,-1.2995331,-15.216338,0.14030245,0.82987446,0.2929612,0.45364907
0.9275563,-0.49395606,-14.938448,0.63473725,0.55968785,-0.4986232,0.18770504
0.67201054,-1.2993228,-15.216301,0.14033026,0.8298215,0.293053,0.45367783
0.9273297,-0.4937856,-14.938392,0.6348492,0.55971855,-0.49852338,0.18749993
0.6720612,-1.299802,-15.216284,0.14044195,0.829784,0.29312807,0.45366344
0.92722857,-0.4939195,-14.938366,0.6349279,0.55971533,-0.49842042,0.18751669
0.6727756,-1.3003135,-15.216264,0.1405449,0.8297008,0.29318354,0.45374787
0.92713463,-0.49384162,-14.938343,0.63498855,0.5597234,-0.4983563,0.18745741
0.67351234,-1.3001099,-15.216244,0.14057456,0.8296596,0.29316902,0.4538235
0.92704725,-0.49376917,-14.93832,0.63498425,0.55979097,-0.49828026,0.1874723
0.6752209,-1.3007671,-15.216221,0.1406168,0.8295477,0.2932483,0.4539638
0.92715377,-0.49389037,-14.938299,0.63502955,0.5598354,-0.49812117,0.18760894
0.67593396,-1.3014055,-15.216199,0.14058883,0.82951534,0.2932442,0.45403412
0.927066,-0.49400917,-14.938278,0.635175,0.5598424,-0.4978795,0.18773729
0.6766063,-1.3010175,-15.216179,0.14043495,0.8295012,0.29318437,0.45414624
0.92678773,-0.49393335,-14.938257,0.6352764,0.559883,-0.49768507,0.18778884
0.6772342,-1.3006549,-15.21616,0.14037403,0.829415,0.29319414,0.45431608
0.92670727,-0.4940513,-14.938237,0.6353539,0.5599669,-0.4974119,0.18799976
0.678349,-1.3000114,-15.216126,0.14021088,0.8292845,0.293202,0.45459965
0.9267434,-0.49428013,-14.938198,0.6353927,0.5600419,-0.497157,0.18831934
0.6801021,-1.3009359,-15.216109,0.14029844,0.8291289,0.29323497,0.4548351
0.9266639,-0.49439117,-14.93818,0.63535625,0.56010485,-0.49704298,0.1885561
0.6804055,-1.3005117,-15.216096,0.14025028,0.82909477,0.29319328,0.454939
0.9265858,-0.49469236,-14.938161,0.6353973,0.5600933,-0.49688008,0.188881
0.68067163,-1.3001397,-15.216084,0.14022706,0.82910323,0.2931202,0.45497784
0.9267016,-0.4946029,-14.938142,0.6352472,0.56013477,-0.49691263,0.18917698
0.6822702,-1.2997888,-15.216072,0.14037973,0.82903063,0.29302815,0.4551223
0.92662287,-0.4945152,-14.938125,0.63512,0.5601815,-0.49692747,0.1894263
0.68229675,-1.2994896,-15.216063,0.14036132,0.82903033,0.29301193,0.45513904
0.9267379,-0.49462152,-14.938107,0.6349759,0.5602431,-0.4968974,0.1898059
0.6837506,-1.2992142,-15.216053,0.14053012,0.8289753,0.29297218,0.4552126
0.9268507,-0.49453342,-14.938089,0.63483435,0.56027794,-0.49692032,0.19011626
0.6850461,-1.300465,-15.216045,0.14070028,0.8289298,0.29294956,0.4552575
0.9269612,-0.49463937,-14.938073,0.6346138,0.56030655,-0.49703994,0.19045535
0.6846621,-1.3000449,-15.216038,0.14080122,0.82896894,0.29288024,0.4551996
0.92706954,-0.49455094,-14.938056,0.6344337,0.56023,-0.49726418,0.19069523
0.682995,-1.3010616,-15.216032,0.14093177,0.8290474,0.29280406,0.45506528
0.9269834,-0.4944643,-14.938232,0.6343012,0.5601119,-0.49750173,0.1908631
0.68292344,-1.3006026,-15.216027,0.14097366,0.829051,0.2928505,0.45501587
0.926899,-0.49476388,-14.938212,0.63422036,0.5600101,-0.4976118,0.19114344
0.6816403,-1.3002249,-15.216024,0.14100604,0.82913655,0.2927878,0.45489037
0.9268163,-0.4948652,-14.938193,0.6341584,0.55989563,-0.49773398,0.19136621
0.6805767,-1.3010749,-15.216022,0.14111426,0.8291701,0.29275388,0.45481756
0.92692745,-0.4947723,-14.938367,0.63406235,0.5597599,-0.4979651,0.19148017
0.6818981,-1.3006797,-15.217125,0.14124398,0.8291367,0.29266766,0.45489353
0.92703646,-0.49487343,-14.938538,0.6340281,0.55958664,-0.49814373,0.1916352
0.68195957,-1.3003474,-15.218052,0.14139394,0.8290679,0.29258937,0.4550228
0.9271432,-0.49478033,-14.9387045,0.63394356,0.5594053,-0.49838537,0.19181615
0.68201166,-1.3010635,-15.218836,0.14152691,0.8289896,0.29261476,0.45510784
0.92705566,-0.49488136,-14.938868,0.6339631,0.5591872,-0.49854407,0.1919751
0.68205595,-1.3016732,-15.218556,0.14170446,0.8288756,0.2926474,0.45523915
0.9269699,-0.4951726,-14.939027,0.63395596,0.5590049,-0.49867037,0.19220123
0.68209386,-1.3012954,-15.218317,0.14184572,0.8287801,0.29260525,0.455396
0.927078,-0.49526575,-14.939184,0.63389516,0.55883163,-0.49887612,0.19237177
0.6813721,-1.2998762,-15.217932,0.14196336,0.8287092,0.2923328,0.45566344
0.9274801,-0.49525815,-14.939487,0.63380355,0.55844384,-0.499354,0.1925599
0.6814595,-1.298925,-15.217777,0.14194338,0.8286953,0.29220086,0.45577946
0.92757803,-0.49515733,-14.939444,0.63375634,0.55826175,-0.49959594,0.19261557
0.6815359,-1.2980938,-15.217642,0.14195493,0.82865304,0.29205,0.4559495
0.927674,-0.49505857,-14.9394,0.63372296,0.55805886,-0.4998523,0.19264804
0.68229985,-1.2980607,-15.217524,0.14201297,0.8285543,0.2919529,0.45617282
0.9277681,-0.495154,-14.939357,0.6336885,0.5578676,-0.50007254,0.19274355
0.6838839,-1.2979921,-15.217276,0.14227292,0.8283525,0.29172376,0.45660472
0.9283604,-0.4955368,-14.939268,0.63361055,0.55743206,-0.50053966,0.1930476
0.6846686,-1.297958,-15.217154,0.14244172,0.8282268,0.2916127,0.45685098
0.9284479,-0.49542093,-14.939434,0.6335972,0.55719614,-0.5007952,0.19310947
0.68542844,-1.2979252,-15.217035,0.14249472,0.8281603,0.29151008,0.45702058
0.9285563,-0.49580806,-14.939374,0.633593,0.5569641,-0.50101197,0.1932304
0.6851392,-1.2978972,-15.216934,0.14261138,0.82814264,0.29138222,0.4570976
0.9290044,-0.49594223,-14.939303,0.6335597,0.5567461,-0.5012385,0.19338043
0.68585974,-1.2978702,-15.216837,0.14279641,0.8280278,0.2913006,0.45729986
0.93002564,-0.49611795,-14.939645,0.6334522,0.5565579,-0.5015406,0.19349122
0.6865187,-1.2988648,-15.216748,0.14295247,0.8280106,0.29119566,0.45734903
0.9306657,-0.4963166,-14.940031,0.6334355,0.55635476,-0.5017672,0.19354223
0.688297,-1.299848,-15.217788,0.14318068,0.8278523,0.29113466,0.45760304
0.9307595,-0.49650925,-14.939878,0.6334005,0.5562512,-0.50190127,0.19360691
0.6876469,-1.298531,-15.217588,0.14312686,0.8279247,0.29088846,0.4576454
0.93141305,-0.49614307,-14.940285,0.63332134,0.5561678,-0.50210345,0.19358152
0.6870982,-1.2984364,-15.218437,0.14312924,0.82797664,0.2907405,0.45764473
0.93147165,-0.49636742,-14.940684,0.63333106,0.5560729,-0.5022233,0.19351095
0.68759835,-1.298356,-15.219159,0.14312339,0.8279285,0.29069424,0.45776308
0.9321736,-0.49659863,-14.940455,0.63328564,0.5560255,-0.5023149,0.19355814
0.6880469,-1.298284,-15.219806,0.14312576,0.82789654,0.29054928,0.45791218
0.93218756,-0.49682042,-14.940896,0.633236,0.5560082,-0.5024041,0.19353884
0.6888459,-1.2972695,-15.220958,0.14323938,0.82781905,0.2902114,0.45823082
0.933591,-0.49661416,-14.94101,0.6330872,0.55604684,-0.5025366,0.19357054
0.6903667,-1.297313,-15.221509,0.14350277,0.8276466,0.29009426,0.4585341
0.9343019,-0.4968865,-14.941506,0.63301045,0.5560529,-0.5025945,0.193654
0.69057107,-1.2973518,-15.222001,0.14352621,0.8276401,0.28983095,0.4587049
0.93497115,-0.49630594,-14.941972,0.632974,0.5560463,-0.50263745,0.19368039
0.6920242,-1.2973893,-15.222472,0.14353618,0.8275717,0.28964755,0.45894107
0.9356234,-0.49752685,-14.941533,0.63298225,0.55600476,-0.50261587,0.19382843
0.69203055,-1.2974216,-15.222881,0.1435431,0.8275426,0.28947696,0.45909896
0.9353367,-0.49773028,-14.941155,0.6330039,0.55599135,-0.5025757,0.19390053
0.6920361,-1.2974496,-15.223235,0.14350684,0.8274997,0.28919947,0.4593622
0.93508315,-0.4979102,-14.941645,0.63304424,0.55596083,-0.5025421,0.19394341
0.6933822,-1.2961348,-15.223567,0.14347054,0.827447,0.28878295,0.4597304
0.93567944,-0.49724603,-14.942095,0.6330033,0.5559512,-0.5025866,0.1939896
0.69320387,-1.2963396,-15.2238455,0.14346151,0.8273538,0.28861013,0.46000955
0.9354085,-0.49745807,-14.941697,0.6330798,0.5559048,-0.50250596,0.19408165
0.6944358,-1.2951319,-15.224102,0.1433909,0.82722473,0.2883461,0.46042907
0.9351722,-0.497643,-14.941351,0.633154,0.55586964,-0.5024333,0.19412863
0.6952325,-1.2932267,-15.224507,0.14345118,0.8269353,0.28766146,0.46135753
0.9370992,-0.49715507,-14.941533,0.6330543,0.5556996,-0.50272214,0.19419256
0.69712776,-1.288876,-15.224833,0.14343789,0.8264886,0.28693116,0.46261507
0.937098,-0.49842134,-14.940817,0.6329301,0.55544317,-0.5030803,0.19440316
0.69789207,-1.2887334,-15.224963,0.1434614,0.8262683,0.2868353,0.46306056
0.9374971,-0.49775198,-14.940526,0.6327357,0.5553703,-0.5033903,0.19444169
0.70030427,-1.2886059,-15.2250805,0.14355782,0.8260088,0.28657624,0.46365374
0.9387224,-0.49709752,-14.940241,0.63256377,0.5552711,-0.5036954,0.19449452
0.7005551,-1.2885005,-15.225177,0.14351235,0.82573473,0.28655225,0.46417058
0.939965,-0.49736127,-14.939953,0.632474,0.55512804,-0.50389427,0.19467941
0.7026136,-1.2884094,-15.225261,0.14366469,0.8253949,0.28659764,0.4646994
0.94119275,-0.49762183,-14.939668,0.63236296,0.55499744,-0.5041197,0.1948292
0.7043491,-1.2883327,-15.225331,0.14377058,0.82519716,0.28652722,0.46506122
0.9412727,-0.49687818,-14.9394245,0.6322713,0.55490553,-0.5043374,0.1948252
0.7057966,-1.2862662,-15.2253895,0.14358716,0.82506824,0.28634924,0.46545607
0.9413448,-0.49717537,-14.939205,0.6322656,0.55476785,-0.5045015,0.19481066
0.7068961,-1.288539,-15.225434,0.14380014,0.82480615,0.28657776,0.4657141
0.9414067,-0.496506,-14.939017,0.632142,0.5546853,-0.5047344,0.19484322
0.70779616,-1.2864686,-15.225471,0.1434708,0.8247084,0.2866007,0.46597454
0.9414629,-0.49682656,-14.938848,0.63212,0.55452937,-0.50487316,0.19499883
0.7106755,-1.2846998,-15.225502,0.14331008,0.8245081,0.28656772,0.46639848
0.94151384,-0.49804884,-14.938692,0.6321354,0.55434453,-0.50502807,0.19507354
0.71298826,-1.2854513,-15.225527,0.1432256,0.82406837,0.28689697,0.4669989
0.94156003,-0.49822208,-14.938552,0.6321235,0.5542599,-0.505124,0.19510423
0.71261907,-1.2860134,-15.225546,0.14326447,0.82395405,0.28705445,0.46709195
0.9416011,-0.49837613,-14.939347,0.63210374,0.55419314,-0.5052097,0.19513592
0.71233636,-1.2843875,-15.225559,0.14324816,0.82374924,0.2870317,0.46747193
0.9416364,-0.49763414,-14.939156,0.6320391,0.5541941,-0.50531954,0.195058
0.7121222,-1.2851377,-15.225571,0.14323932,0.8235848,0.2873314,0.46758023
0.9426312,-0.49881312,-14.938966,0.6319883,0.5541163,-0.50541145,0.19520529
0.7119571,-1.2857158,-15.225578,0.14323425,0.82327473,0.28758547,0.46797153
0.9425678,-0.49891347,-14.938797,0.63197935,0.5541105,-0.50541717,0.19523628
0.7118282,-1.2861671,-15.225586,0.14334455,0.8230387,0.28774804,0.46825287
0.94352514,-0.49901068,-14.938633,0.6318735,0.5541211,-0.50548756,0.19536689
0.7117265,-1.2865235,-15.22559,0.14320701,0.8227731,0.28802007,0.46859443
0.94336605,-0.49909556,-14.938489,0.6318413,0.5540994,-0.50554514,0.19538316
0.7135911,-1.2848767,-15.2255945,0.14301,0.82255435,0.2879265,0.46909583
0.9432306,-0.49822265,-14.938367,0.63177407,0.55414444,-0.5056389,0.19523008
0.71510977,-1.2855301,-15.225598,0.14301158,0.82216525,0.28819698,0.46961093
0.9431146,-0.4974749,-14.938263,0.63166773,0.55419725,-0.50577146,0.19508108
0.71851593,-1.2860816,-15.225602,0.14311953,0.8217159,0.28840986,0.47023353
0.9439173,-0.49769774,-14.938167,0.63165456,0.55424523,-0.505706,0.19515736
0.7170004,-1.2864897,-15.225604,0.14291494,0.8216048,0.28854138,0.47040936
0.9437395,-0.4987807,-14.938083,0.63169634,0.5542777,-0.50559264,0.195223
0.72213656,-1.2891237,-15.225607,0.14308324,0.8205147,0.28913015,0.47189692
0.9452233,-0.49802035,-14.937925,0.63149184,0.5546669,-0.50553393,0.19493107
0.7263107,-1.2888689,-15.225608,0.14286962,0.8201071,0.28944126,0.47247908
0.94491684,-0.49728122,-14.9378605,0.6314783,0.5548161,-0.5054725,0.19470996
0.7272703,-1.2908671,-15.225609,0.1428242,0.8199869,0.2896517,0.47257254
0.9446533,-0.4966456,-14.937805,0.63151014,0.5549499,-0.505359,0.19451986
0.73037696,-1.2901808,-15.22561,0.14264593,0.8198628,0.28973782,0.47278884
0.9444254,-0.4969179,-14.9377575,0.63147545,0.5550721,-0.5052997,0.19443785
0.7304118,-1.289663,-15.22561,0.14254959,0.8197261,0.29000458,0.47289133
0.9442275,-0.4971545,-14.9377165,0.63150483,0.5552124,-0.5051248,0.19439602
0.7304371,-1.2914982,-15.22561,0.14249772,0.81964254,0.29012492,0.4729779
0.9448317,-0.49737385,-14.937677,0.6314764,0.55533063,-0.5050407,0.1943695
0.7304564,-1.2907071,-15.22561,0.14250995,0.8196205,0.29010698,0.47302338
0.94461036,-0.49681678,-14.937645,0.6315066,0.55540246,-0.5049831,0.19421534
0.7304708,-1.2922279,-15.22561,0.14288394,0.81951755,0.29012588,0.4730774
0.94441646,-0.49632874,-14.937615,0.63149,0.555521,-0.50492555,0.19408028
0.7284776,-1.2933556,-15.22561,0.14274427,0.8195658,0.29033074,0.47291026
0.9435705,-0.49657482,-14.93759,0.6315222,0.5555984,-0.5048384,0.19398025
0.7288825,-1.2923,-15.22561,0.14271542,0.8194721,0.29040813,0.47303385
0.94282323,-0.49679217,-14.937567,0.6315401,0.5557127,-0.50471,0.19392844
0.7311321,-1.2933671,-15.22561,0.14299929,0.8192591,0.29054317,0.47323406
0.9427703,-0.49698487,-14.937547,0.63150567,0.5558435,-0.5046131,0.19391829
0.73101306,-1.2923253,-15.22561,0.14286408,0.8193299,0.2905413,0.47315344
0.9433023,-0.49657723,-14.93753,0.63144726,0.5559642,-0.50455993,0.1939009
0.73091906,-1.2915022,-15.22561,0.14273705,0.81938326,0.29052785,0.47310767
0.9432271,-0.49676344,-14.937513,0.63145494,0.5560672,-0.5044414,0.19388855
0.7308442,-1.2908467,-15.22561,0.14271313,0.8194083,0.29038605,0.47315863
0.94315976,-0.4964076,-14.937499,0.6314699,0.5561645,-0.50434995,0.19379874
0.7307841,-1.2903209,-15.22561,0.1426132,0.8194457,0.2903022,0.47317535
0.94309926,-0.49608794,-14.937487,0.6314861,0.55624956,-0.50426865,0.19371349
0.7307357,-1.2898971,-15.22561,0.14255294,0.81941783,0.29027578,0.47325805
0.9430448,-0.49579993,-14.937474,0.6315134,0.5563346,-0.504173,0.19362926
0.7306973,-1.2895609,-15.227336,0.14257841,0.8194281,0.2901513,0.47330874
0.94299555,-0.49553972,-14.937464,0.6315522,0.5564058,-0.50406533,0.19357857
0.7306409,-1.289067,-15.226782,0.14244856,0.81945676,0.29003853,0.4733674
0.9425061,-0.4959023,-14.937447,0.6316246,0.5565447,-0.5038389,0.19353251
0.7324045,-1.2888734,-15.226565,0.1424907,0.81937695,0.28983888,0.47361523
0.9424854,-0.49529096,-14.937438,0.63161343,0.55662495,-0.50379276,0.19345817
0.7303758,-1.2870274,-15.2263975,0.14235042,0.819451,0.28959194,0.47368035
0.9421016,-0.49509835,-14.937431,0.631644,0.556676,-0.50372213,0.19339566
0.7304003,-1.2871947,-15.226266,0.14233546,0.8193659,0.28949904,0.4738887
0.94175076,-0.49526903,-14.937424,0.63168836,0.5567123,-0.50363415,0.19337483
0.73041964,-1.287327,-15.226162,0.14233884,0.81932867,0.28943124,0.4739935
0.94142956,-0.49542534,-14.937418,0.63172,0.5567534,-0.5035639,0.19333626
0.73043525,-1.2874335,-15.226078,0.14230393,0.8192303,0.2893644,0.47421485
0.9411348,-0.49525583,-14.937412,0.6317344,0.55678415,-0.5035294,0.1932906
0.7304484,-1.2875233,-15.226007,0.14219677,0.81919307,0.2892253,0.47439596
0.9411612,-0.49510002,-14.9374075,0.63174456,0.5568,-0.5035167,0.19324504
0.7304593,-1.2875974,-15.227369,0.14226735,0.819185,0.28909418,0.47446862
0.94118553,-0.49467424,-14.937403,0.6317461,0.5568167,-0.5035247,0.19317088
0.73046833,-1.2876598,-15.227113,0.14218883,0.8192233,0.2891348,0.47440132
0.94120795,-0.49481815,-14.937398,0.63177633,0.55680645,-0.5035092,0.19314185
0.7319874,-1.2877173,-15.228388,0.14220068,0.81920004,0.28912422,0.47444436
0.9412286,-0.49495107,-14.937395,0.63179445,0.5568084,-0.5034871,0.1931347
0.7333281,-1.287768,-15.227931,0.1423396,0.8191468,0.28915623,0.47447512
0.94124776,-0.49507397,-14.937391,0.6318086,0.55679804,-0.5034965,0.19309394
0.73444104,-1.2893821,-15.227552,0.14266004,0.8191452,0.28907087,0.47443363
0.94103545,-0.4951878,-14.937387,0.6318392,0.5567737,-0.5035053,0.19304056
0.7338322,-1.2891713,-15.22725,0.14272037,0.81931543,0.28886768,0.47424525
0.9410571,-0.49485627,-14.937384,0.63183945,0.5567635,-0.50354093,0.19297631
0.7348374,-1.2889886,-15.228522,0.14263411,0.8193798,0.28876424,0.47422314
0.9410772,-0.4947561,-14.937382,0.6318456,0.55674654,-0.50357217,0.19292367
0.73272675,-1.2888427,-15.228081,0.1425115,0.81949955,0.28892425,0.4739556
0.9408987,-0.49486023,-14.93738,0.6318733,0.5567181,-0.5035869,0.1928764
0.7324093,-1.288725,-15.229109,0.14245957,0.8195731,0.28895193,0.47382712
0.9409205,-0.4947674,-14.937377,0.631896,0.55667317,-0.50363463,0.1928074
0.7321512,-1.2886293,-15.229945,0.1424698,0.8196948,0.28888294,0.47365543
0.9409418,-0.49467644,-14.937567,0.6319215,0.5566247,-0.50368595,0.19272955
0.73069054,-1.2873019,-15.230632,0.14235136,0.8198464,0.28879523,0.47348216
0.94096273,-0.49439502,-14.937753,0.63193166,0.5565777,-0.503767,0.19262019
0.72948325,-1.2873913,-15.231198,0.14238855,0.8200189,0.28877333,0.4731855
0.94117546,-0.49431148,-14.937742,0.6319535,0.5565073,-0.50385857,0.1925125
0.7284779,-1.2874656,-15.23167,0.14238526,0.82020533,0.288805,0.47284383
0.94119173,-0.49461412,-14.937733,0.6320303,0.55640763,-0.50394094,0.19233266
0.7287056,-1.2875279,-15.232066,0.1424544,0.8203076,0.2887766,0.47266304
0.94120765,-0.49471846,-14.937723,0.6320902,0.55629367,-0.5040942,0.19206376
0.72788054,-1.2875806,-15.2324,0.14246358,0.82048386,0.28881043,0.47233358
0.94122326,-0.49462843,-14.937714,0.6321396,0.5561999,-0.5042705,0.19170952
0.7271797,-1.2876253,-15.232684,0.14250252,0.8206774,0.28872463,0.47203794
0.9412386,-0.49434802,-14.937897,0.6322108,0.55608016,-0.5045046,0.19120568
0.72658086,-1.2876635,-15.232927,0.14254986,0.8208328,0.28870302,0.47176653
0.9410614,-0.49426544,-14.938076,0.6323313,0.55597746,-0.5046509,0.19071886
0.72519416,-1.2885684,-15.233136,0.14257453,0.8209945,0.28874612,0.47145116
0.94088763,-0.49437675,-14.93806,0.6324526,0.55591476,-0.5047434,0.19025427
0.72482485,-1.2885216,-15.233315,0.14254881,0.82108974,0.2887844,0.47126955
0.9409096,-0.49448583,-14.938044,0.6324639,0.55591065,-0.504882,0.18986078
0.72450423,-1.288481,-15.232684,0.14266671,0.82132524,0.2885511,0.47096646
0.940739,-0.49440047,-14.938027,0.63250834,0.55606455,-0.5048513,0.18934302
0.7242246,-1.2884455,-15.232134,0.14272372,0.82150763,0.28836188,0.47074693
0.9405717,-0.4941246,-14.938012,0.6324604,0.55625075,-0.5049173,0.18877907
0.7232692,-1.2884144,-15.231651,0.14275974,0.82163495,0.28824085,0.47058788
0.9404078,-0.49404648,-14.937997,0.6324809,0.5563749,-0.50490993,0.18836366
0.7224287,-1.2877122,-15.231228,0.14272492,0.82177156,0.28807083,0.470464
0.94044054,-0.4937686,-14.937982,0.6323633,0.55653626,-0.5049796,0.1880948
0.72232735,-1.287092,-15.230854,0.14267945,0.8218472,0.28795028,0.47041938
0.940253,-0.49368608,-14.9379635,0.6323471,0.55664265,-0.50497407,0.1878495
0.7222375,-1.287151,-15.230521,0.14267534,0.8218861,0.2878525,0.47041255
0.9400461,-0.493595,-14.937945,0.63234514,0.5567292,-0.5049628,0.18762974
0.721579,-1.286625,-15.230226,0.14260156,0.82194644,0.28774777,0.4703937
0.9398185,-0.4934948,-14.937923,0.6322799,0.5567985,-0.50503945,0.18743768
0.7220904,-1.2861555,-15.229962,0.14259616,0.8219214,0.28765813,0.4704938
0.9395296,-0.4929944,-14.937898,0.6322183,0.55686015,-0.50515217,0.18715811
0.7220262,-1.2862571,-15.229726,0.14263709,0.82190686,0.28760055,0.470542
0.9396401,-0.49243763,-14.937869,0.63217777,0.5568338,-0.505318,0.18692575
0.7214725,-1.2858523,-15.229514,0.14258836,0.82192177,0.287499,0.47059283
0.93867236,-0.49175915,-14.937834,0.6321925,0.5568665,-0.5053371,0.18672657
0.7219162,-1.2859588,-15.229322,0.14259751,0.8218857,0.2874506,0.47068256
0.938853,-0.49219888,-14.937801,0.6321565,0.55682516,-0.5053557,0.18692134
0.7218693,-1.286055,-15.22915,0.14265049,0.8218466,0.28740057,0.47076532
0.9390153,-0.4920964,-14.937774,0.6320083,0.5568783,-0.5054238,0.1870798
0.7222522,-1.2861421,-15.228994,0.14269848,0.82178044,0.28737158,0.47088403
0.9396341,-0.4920041,-14.937748,0.6318494,0.55685735,-0.50562376,0.18713897
0.7221957,-1.2862213,-15.228852,0.14273448,0.8217484,0.28729525,0.47097567
0.94019306,-0.49147168,-14.937724,0.6316957,0.5568591,-0.50580686,0.18715785
0.72214437,-1.2859095,-15.228723,0.14273234,0.82175255,0.2872038,0.4710247
0.9402856,-0.4909112,-14.937699,0.63160914,0.5568248,-0.5059727,0.18710384
0.7220975,-1.2859898,-15.228604,0.14274776,0.82173836,0.2871377,0.47108516
0.94037336,-0.49087548,-14.937676,0.6316597,0.5566985,-0.50606704,0.18705402
0.7217083,-1.2860631,-15.228497,0.14274442,0.82173795,0.2871003,0.4711096
0.9404524,-0.4913137,-14.937655,0.6316637,0.55661994,-0.5061114,0.18715388
0.72201,-1.2858012,-15.228398,0.14271773,0.8217196,0.2870069,0.4712066
0.9405238,-0.4912628,-14.937636,0.6316618,0.55650204,-0.50622994,0.18719041
0.72197425,-1.2858734,-15.228308,0.14273292,0.8217182,0.2868845,0.47127888
0.94058853,-0.4912167,-14.937619,0.63162166,0.556371,-0.5064518,0.18711494
0.72164434,-1.2853459,-15.228224,0.14265092,0.82176095,0.28674635,0.47131324
0.9406581,-0.49068943,-14.9376,0.63151115,0.5562703,-0.50678635,0.1868813
0.72162277,-1.2854245,-15.228148,0.14270325,0.82172775,0.28662387,0.4714298
0.9407242,-0.49066603,-14.937582,0.6315237,0.5561226,-0.5069953,0.18671133
0.7216029,-1.2854971,-15.228078,0.14273146,0.8217004,0.2865584,0.47150877
0.9407965,-0.49009088,-14.937564,0.63143355,0.5560362,-0.50725186,0.18657698
0.72158456,-1.2855641,-15.228012,0.14273216,0.8216734,0.28644615,0.4716238
0.9408612,-0.49061993,-14.937546,0.63141793,0.5559169,-0.5073485,0.18672253
0.72180945,-1.285626,-15.228194,0.1427376,0.8216087,0.28632417,0.4718089
0.9409194,-0.49059922,-14.9375305,0.6313474,0.555875,-0.50747377,0.18674532
0.7220178,-1.2856834,-15.228361,0.14282425,0.8215331,0.28608167,0.47206137
0.940976,-0.49007002,-14.937515,0.6312354,0.555899,-0.50760406,0.18669823
0.7219927,-1.2855182,-15.228518,0.14276439,0.8215549,0.28574896,0.47224304
0.9416055,-0.4895093,-14.9375,0.6310642,0.555884,-0.5078277,0.18671393
0.72217673,-1.285365,-15.228662,0.1427714,0.8214758,0.2855213,0.47251603
0.94162786,-0.48955068,-14.937487,0.6310491,0.55587673,-0.5078126,0.1868276
0.7223653,-1.2852079,-15.228809,0.14279066,0.8214089,0.2852475,0.4727916
0.94164854,-0.48958898,-14.937472,0.63100547,0.5558223,-0.5079089,0.18687509
0.7223341,-1.2852683,-15.228741,0.1428819,0.8213793,0.28496358,0.47298685
0.9416706,-0.48900622,-14.937458,0.6309457,0.5558096,-0.50797904,0.18692376
0.72254163,-1.2850945,-15.228905,0.14291297,0.8213015,0.2846779,0.47328457
0.9416902,-0.48967335,-14.937445,0.6309116,0.5558172,-0.507935,0.18713596
0.7227928,-1.2848842,-15.229104,0.14289166,0.82128483,0.28428397,0.47355652
0.9417076,-0.4897053,-14.937433,0.63084865,0.55579203,-0.5080145,0.18720733
0.7230884,-1.2846367,-15.229338,0.14302213,0.8211495,0.28396538,0.47394294
0.9417237,-0.48918492,-14.937423,0.6307958,0.555806,-0.5080761,0.18717684
0.7234263,-1.2843539,-15.229606,0.14294292,0.8211146,0.28367195,0.47420296
0.9422646,-0.48924154,-14.937413,0.63070154,0.555841,-0.5080917,0.18734792
0.72330385,-1.2840648,-15.229878,0.14291024,0.82108873,0.2834095,0.47441444
0.9427639,-0.48929378,-14.937406,0.630671,0.55585074,-0.50809497,0.18741263
0.7237085,-1.2837479,-15.230178,0.14286894,0.82090217,0.28325474,0.47484192
0.94321287,-0.48982912,-14.937397,0.6306724,0.5558503,-0.5080506,0.18752956
0.7235431,-1.2834327,-15.230475,0.14282079,0.8208497,0.2831343,0.47501892
0.9431526,-0.48937485,-14.93739,0.63066006,0.55587876,-0.5080547,0.18747605
0.7246935,-1.2830848,-15.230805,0.1427955,0.82063305,0.28304783,0.4754522
0.9435718,-0.48941672,-14.937383,0.63061976,0.55591565,-0.5080034,0.18764114
0.7251382,-1.2827283,-15.231142,0.14274956,0.82052785,0.2830434,0.47565016
0.943496,-0.4894551,-14.937377,0.6306575,0.55591446,-0.5079372,0.18769707
0.7255849,-1.2823703,-15.231482,0.14283174,0.8204648,0.28291705,0.4758094
0.9434042,-0.48833025,-14.937368,0.6306209,0.55596113,-0.5079623,0.18761362
0.7260258,-1.2820169,-15.231815,0.14274412,0.8203992,0.28283793,0.47599572
0.9433223,-0.48843953,-14.937362,0.6306271,0.5559719,-0.5079104,0.18770146
0.7264541,-1.2816737,-15.232141,0.14259201,0.8202905,0.2829729,0.4761485
0.9432489,-0.4885374,-14.937356,0.6306,0.5559976,-0.50788975,0.18777235
0.7258989,-1.2803848,-15.23245,0.14248513,0.8203023,0.28274438,0.47629598
0.94318295,-0.4886254,-14.93735,0.63058615,0.55601317,-0.5078814,0.18779525
0.7263818,-1.2801789,-15.232739,0.142553,0.8201059,0.28292596,0.47650596
0.94311327,-0.48815754,-14.937345,0.63052446,0.55603826,-0.5079157,0.18783545
0.7267926,-1.2809573,-15.2329855,0.14260876,0.81998956,0.28302312,0.47663176
0.9430509,-0.48880455,-14.93734,0.6305091,0.55605525,-0.50786483,0.18797383
0.72829443,-1.2795889,-15.233238,0.14262944,0.81983674,0.28289422,0.47696495
0.942995,-0.4883729,-14.937335,0.63043875,0.55610335,-0.5078732,0.18804502
0.7285511,-1.2794535,-15.233467,0.14269279,0.8197059,0.28282464,0.477212
0.94293946,-0.48794428,-14.93733,0.6303682,0.5561456,-0.5078935,0.18810189
0.7299603,-1.2793269,-15.23368,0.14271615,0.8195708,0.2828417,0.47742695
0.94288146,-0.4874966,-14.9373255,0.63034964,0.55616057,-0.50787014,0.18818253
0.7325799,-1.2792059,-15.233885,0.14286095,0.8193846,0.2827675,0.47774705
0.9428219,-0.48703688,-14.937321,0.6303421,0.5561779,-0.5078335,0.1882553
0.7323117,-1.2791027,-15.234059,0.14297467,0.8194021,0.28280327,0.47766185
0.9427691,-0.48723856,-14.937316,0.6303509,0.5561977,-0.5077667,0.18834746
0.73208165,-1.2790141,-15.234209,0.1428864,0.8194731,0.2828103,0.47756225
0.94272214,-0.48799688,-14.937312,0.6303674,0.5562054,-0.507694,0.18846603
0.73321533,-1.2775762,-15.234352,0.14291508,0.81947803,0.28257942,0.47768188
0.9432301,-0.48812398,-14.937309,0.63037395,0.5561905,-0.5076762,0.18853582
0.7342095,-1.2776964,-15.234478,0.14302729,0.81947815,0.28257957,0.47764796
0.9442075,-0.48771542,-14.937305,0.63034815,0.55617714,-0.50770664,0.18857929
0.7337048,-1.2777945,-15.23458,0.14297001,0.81950784,0.28258955,0.47760823
0.94459194,-0.48784557,-14.937304,0.6303586,0.556174,-0.5076756,0.18863745
0.73326606,-1.2765548,-15.23467,0.14291275,0.81963336,0.2824818,0.47747377
0.9444633,-0.4879628,-14.937301,0.63037,0.55617154,-0.5076515,0.18867122
0.73288393,-1.2754751,-15.234747,0.1427162,0.81978524,0.28232485,0.47736454
0.9448613,-0.48755258,-14.937299,0.63036424,0.55616605,-0.5076648,0.18867123
0.7325512,-1.2745352,-15.234814,0.14267373,0.8198548,0.28228673,0.47728035
0.94523495,-0.48770037,-14.937296,0.63036925,0.55615026,-0.50767195,0.18868175
0.73227966,-1.2750541,-15.234869,0.14271371,0.81990445,0.2822514,0.47720397
0.945064,-0.487833,-14.937294,0.6303871,0.5561321,-0.50766873,0.1886842
0.7320562,-1.275481,-15.234915,0.14283034,0.81992203,0.28214034,0.4772045
0.9448798,-0.4868243,-14.937291,0.6303841,0.5561291,-0.50768614,0.18865635
0.7318709,-1.275835,-15.234952,0.14289895,0.81987774,0.28221145,0.47721812
0.94527155,-0.48702213,-14.937289,0.63039815,0.55610305,-0.5076902,0.18867514
0.73171616,-1.2761309,-15.234983,0.1429559,0.81991035,0.28221068,0.47714546
0.94508976,-0.48773134,-14.937286,0.6304345,0.55606717,-0.50767803,0.18869227
0.7326684,-1.276389,-15.235011,0.14307304,0.81986344,0.28220347,0.47719526
0.9449266,-0.48735657,-14.937284,0.63044995,0.5560437,-0.5076879,0.18868327
0.7314047,-1.2766066,-15.235034,0.1431019,0.8199296,0.28216293,0.47709697
0.9447798,-0.4874996,-14.9372835,0.63046795,0.5560173,-0.5076976,0.1886749
0.7313146,-1.2767911,-15.235054,0.14302117,0.82002944,0.28210557,0.47698346
0.94510365,-0.48762867,-14.937282,0.6304891,0.5559893,-0.50769836,0.18868427
0.7312377,-1.2769485,-15.23507,0.14307417,0.82003605,0.2820343,0.4769984
0.94496316,-0.4877455,-14.937281,0.6305195,0.5559556,-0.507703,0.18866976
0.7311717,-1.2770834,-15.235085,0.14312123,0.8201273,0.28188553,0.4769153
0.9448357,-0.4874396,-14.93728,0.6305351,0.5559228,-0.5077322,0.1886355
0.7319652,-1.2772012,-15.235098,0.1432033,0.8201366,0.28186998,0.47688377
0.9451111,-0.48755273,-14.937279,0.63054734,0.55587536,-0.5077726,0.18862532
0.73184204,-1.2773045,-15.235108,0.14329587,0.8202257,0.28181475,0.47673532
0.94498265,-0.48726702,-14.937278,0.63056284,0.5558148,-0.50784713,0.18855192
0.7317332,-1.2773958,-15.235118,0.14334159,0.820297,0.28182593,0.47659233
0.9448657,-0.48738235,-14.937276,0.63061434,0.55572474,-0.5079002,0.18850212
0.7316287,-1.2766544,-15.2351265,0.14339365,0.82038045,0.2817216,0.47649473
0.94475895,-0.4874876,-14.937275,0.6306568,0.5556142,-0.507987,0.18845217
0.73153716,-1.2767998,-15.235135,0.14342356,0.820474,0.28166845,0.47635594
0.94502777,-0.4872172,-14.937274,0.6306645,0.5555037,-0.5081417,0.18833494
0.7314565,-1.2769281,-15.235142,0.14347705,0.82054424,0.28166664,0.47622
0.94527316,-0.4876881,-14.937273,0.63074464,0.55533004,-0.5082439,0.18830289
0.73066056,-1.2770401,-15.235148,0.14349076,0.82062685,0.28172925,0.4760365
0.9451567,-0.48777786,-14.937271,0.6308642,0.5551936,-0.508281,0.18820485
0.7306506,-1.2771385,-15.235154,0.1435018,0.82070714,0.2817057,0.47590858
0.9453742,-0.48753583,-14.93727,0.630896,0.5550851,-0.5083941,0.18811259
0.72998714,-1.2772254,-15.235159,0.14355913,0.82075596,0.28176606,0.4757713
0.94526565,-0.48762184,-14.937269,0.63097316,0.55502456,-0.50838625,0.18805328
0.7293998,-1.2773021,-15.235164,0.14351791,0.82082164,0.2818224,0.475637
0.9451659,-0.4879937,-14.937268,0.63113165,0.5548969,-0.5083503,0.18799572
0.72946876,-1.2773706,-15.235167,0.14355919,0.82085204,0.28191218,0.47551897
0.9450739,-0.48805806,-14.937268,0.6312437,0.55485,-0.50830024,0.18789297
0.728969,-1.2774314,-15.23517,0.14351836,0.82091904,0.2819716,0.47538042
0.94498914,-0.48811746,-14.937268,0.6313579,0.5547978,-0.50823784,0.18783197
0.72905517,-1.2774858,-15.235174,0.14352703,0.82095295,0.28196743,0.4753217
0.9449108,-0.48817232,-14.937519,0.6314716,0.5547412,-0.50821036,0.1876916
0.7286259,-1.2775346,-15.235176,0.14347003,0.8210462,0.28196746,0.47517788
0.9448383,-0.48846152,-14.937512,0.6316072,0.55470777,-0.5080964,0.18764268
0.72823954,-1.2775786,-15.235179,0.1434219,0.82112813,0.28195786,0.47505638
0.9447711,-0.4887295,-14.937506,0.6317738,0.5546448,-0.50798506,0.18756925
0.7278909,-1.2776184,-15.235181,0.14340246,0.8212288,0.28192535,0.47490758
0.94470876,-0.48876283,-14.9375,0.6318937,0.55459994,-0.50793564,0.18743187
0.72757554,-1.2776543,-15.235183,0.14336248,0.8213228,0.28189152,0.47477698
0.94444644,-0.48899823,-14.937494,0.63211316,0.55449444,-0.5078512,0.18723269
0.7272894,-1.2776868,-15.235186,0.14331433,0.8214092,0.28184864,0.47466755
0.9443968,-0.4890229,-14.937683,0.63220197,0.5543747,-0.50796497,0.18697877
0.72663724,-1.2777165,-15.235187,0.143278,0.82150257,0.2818248,0.4745312
0.9445409,-0.48923904,-14.937866,0.6323346,0.55416644,-0.5080623,0.18688336
0.72641534,-1.2773712,-15.235188,0.1432384,0.8215603,0.28182924,0.47444054
0.9444899,-0.48945087,-14.937854,0.63246274,0.5539784,-0.5081642,0.18672962
0.7262122,-1.2774096,-15.235189,0.14324902,0.82163227,0.28181958,0.47431836
0.9444399,-0.48946622,-14.938034,0.6326133,0.5537556,-0.5083135,0.18647443
0.72601,-1.2774478,-15.23519,0.14331734,0.8216888,0.2817979,0.47421277
0.9443908,-0.4896735,-14.9382105,0.6328167,0.55350155,-0.5084074,0.18628225
0.72580785,-1.2774861,-15.235191,0.1433566,0.82175547,0.28178677,0.47409195
0.9441505,-0.48987663,-14.938191,0.6331682,0.5532239,-0.50837713,0.1859949
0.7250461,-1.2770301,-15.235192,0.1433741,0.8218775,0.28170606,0.47392297
0.94410473,-0.48988387,-14.9383745,0.63326776,0.55290306,-0.5087152,0.18568534
0.7248237,-1.2771045,-15.235194,0.14348781,0.821941,0.28165,0.47381166
0.9440519,-0.4898922,-14.938587,0.6334235,0.5526172,-0.5089805,0.18527745
0.7245855,-1.2765989,-15.235196,0.1434517,0.822054,0.28157994,0.47366822
0.9439939,-0.49017155,-14.938549,0.63357854,0.5522073,-0.509276,0.18515769
0.7243594,-1.2767105,-15.235197,0.1435556,0.8221703,0.2814452,0.47351494
0.9439299,-0.49017304,-14.938814,0.6336761,0.5518505,-0.5096686,0.1848068
0.7234594,-1.2768278,-15.2352,0.1435717,0.822323,0.28134596,0.4733039
0.9438599,-0.49017468,-14.939104,0.6336675,0.5515778,-0.5100924,0.18448077
0.72392166,-1.2769315,-15.235201,0.14367644,0.8223417,0.2812064,0.47332254
0.9444544,-0.4901762,-14.939041,0.63346505,0.5509492,-0.511152,0.18412115
0.7237344,-1.2770237,-15.235202,0.14379157,0.8223684,0.28110316,0.47330254
0.944687,-0.4901776,-14.938982,0.6333924,0.5504695,-0.51185834,0.18384345
0.72356445,-1.2771072,-15.235203,0.14385644,0.8223828,0.28106767,0.4732789
0.9452245,-0.49049157,-14.938926,0.63341165,0.5499852,-0.5123381,0.18389058
0.723402,-1.2771872,-15.235205,0.14388484,0.82239836,0.28108126,0.47323516
0.9454293,-0.4904828,-14.938872,0.6334745,0.5496661,-0.5126852,0.18366064
0.7238158,-1.2772585,-15.235206,0.14387707,0.8223642,0.2811361,0.47326437
0.9459701,-0.49047375,-14.938817,0.6334209,0.5494695,-0.5130132,0.18351805
0.72365046,-1.2767775,-15.235207,0.14375879,0.8224063,0.2811379,0.473226
0.94619083,-0.49084055,-14.938756,0.63346046,0.5494601,-0.5129248,0.18365647
0.7227766,-1.2762133,-15.235208,0.14363629,0.82241046,0.28119445,0.47322235
0.9460343,-0.49081737,-14.9387,0.6335594,0.5495259,-0.51281697,0.18341932
0.7226458,-1.2763674,-15.235209,0.14356855,0.82237935,0.28130192,0.473233
0.9462313,-0.4904561,-14.938648,0.63352036,0.5496274,-0.512844,0.18317433
0.7225252,-1.2765096,-15.23521,0.14342962,0.82235724,0.28140983,0.47324947
0.9464223,-0.49078944,-14.938599,0.63363475,0.54976606,-0.51254416,0.1832016
0.7224136,-1.2766411,-15.235211,0.14331175,0.8223351,0.28147843,0.4732828
0.94663465,-0.49116027,-14.938543,0.63379467,0.54989326,-0.51220036,0.18322837
0.7214897,-1.2759895,-15.235212,0.14317311,0.8223563,0.28152812,0.4732585
0.9468561,-0.4911183,-14.938914,0.6338509,0.5501762,-0.5119067,0.18300518
0.7214428,-1.2761856,-15.235213,0.14309697,0.82232976,0.28163728,0.4732627
0.9466383,-0.49150822,-14.938839,0.63401425,0.5504189,-0.5114602,0.1829578
0.72140074,-1.2763615,-15.235215,0.14297505,0.8223203,0.2817046,0.47327596
0.946032,-0.49186203,-14.938771,0.6342765,0.5506321,-0.51095223,0.18282634
0.7213628,-1.2765199,-15.235216,0.14287882,0.8223069,0.28176183,0.47329426
0.9458687,-0.49140745,-14.939097,0.63428545,0.55095315,-0.5106727,0.18260925
0.7220345,-1.2766588,-15.235217,0.14281234,0.822267,0.28181937,0.4733493
0.9457198,-0.49099302,-14.939395,0.63428605,0.5512678,-0.51038295,0.18246734
0.72195613,-1.276781,-15.235217,0.14270619,0.82222605,0.28192174,0.47339153
0.94558376,-0.49096477,-14.939668,0.6343167,0.5515648,-0.5100081,0.18251139
0.7218868,-1.276889,-15.235217,0.14261764,0.8221706,0.2820122,0.47346064
0.94545925,-0.49093893,-14.939916,0.63439626,0.551773,-0.50969857,0.18247013
0.721107,-1.2762934,-15.235217,0.14247777,0.82216156,0.28207162,0.473483
0.94502884,-0.49091524,-14.940145,0.6344802,0.5519562,-0.50944406,0.18233508
0.7210919,-1.2757208,-15.235217,0.14237145,0.8221089,0.2821784,0.4735427
0.9445956,-0.49089137,-14.940375,0.6345828,0.5521259,-0.5091272,0.18234892
0.7210786,-1.2759184,-15.235217,0.14230002,0.8220337,0.28228313,0.47363234
0.9445079,-0.49054575,-14.940593,0.6345684,0.5523464,-0.5088952,0.18237889
0.7210666,-1.2760948,-15.235217,0.14222169,0.82195455,0.28241342,0.47371557
0.94441426,-0.4905336,-14.940825,0.63463706,0.5524715,-0.50863165,0.18249638
0.7217018,-1.2762506,-15.235217,0.14214878,0.8218544,0.282563,0.47382203
0.94389194,-0.490937,-14.941087,0.63477355,0.5525733,-0.5083053,0.18262237
0.7216513,-1.2763886,-15.235217,0.14205772,0.8217897,0.2826744,0.47389516
0.9433428,-0.49090275,-14.941362,0.6348341,0.5526732,-0.50812066,0.18262364
0.7216063,-1.2765113,-15.235801,0.14195958,0.821715,0.28275385,0.4740066
0.94276595,-0.49086678,-14.941651,0.63490224,0.5527697,-0.50792027,0.18265228
0.7221198,-1.2766209,-15.236321,0.14187123,0.8216161,0.2828652,0.47413796
0.94213855,-0.49140808,-14.941966,0.63494676,0.5528719,-0.50773937,0.18269104
0.72257954,-1.2761931,-15.236787,0.14174785,0.8215069,0.2829584,0.47430858
0.941499,-0.49133015,-14.9422865,0.6349876,0.5529497,-0.50761795,0.18265107
0.7229924,-1.2763085,-15.236706,0.14161757,0.82136846,0.2830861,0.47451097
0.94082904,-0.49195445,-14.942622,0.6350417,0.55301785,-0.50748825,0.18261741
0.7233642,-1.2764125,-15.236633,0.14146149,0.8211971,0.28322646,0.4747703
0.9402351,-0.49183244,-14.942244,0.6350493,0.5531153,-0.5073602,0.18265127
0.7237,-1.2760553,-15.2365675,0.14131412,0.82102317,0.2833322,0.47505182
0.93885404,-0.49170488,-14.942609,0.635053,0.553186,-0.50729835,0.18259649
0.72400403,-1.2757322,-15.236508,0.14118221,0.82082903,0.2834359,0.47536457
0.93831044,-0.49158016,-14.9429655,0.6350218,0.5532357,-0.50728214,0.18259917
0.72427994,-1.2758456,-15.236454,0.14110774,0.82064366,0.2834927,0.47567275
0.9386037,-0.492238,-14.942511,0.63497305,0.55327314,-0.50728536,0.18264629
0.72453105,-1.2759489,-15.236404,0.14102034,0.82045424,0.28356865,0.47598
0.9380987,-0.49207422,-14.942863,0.6349525,0.55327916,-0.50731754,0.18261005
0.72476,-1.276043,-15.23636,0.14093794,0.82030684,0.28355217,0.47626832
0.9376526,-0.49192953,-14.942426,0.6349185,0.5532705,-0.50736433,0.18262444
0.72496915,-1.2761291,-15.236319,0.1408705,0.8201298,0.28354806,0.47659543
0.9379738,-0.49251476,-14.942042,0.6348973,0.5532117,-0.5074377,0.18267259
0.72549206,-1.2758764,-15.236281,0.14079636,0.81998724,0.2833933,0.47695458
0.93825626,-0.49167684,-14.941706,0.63483983,0.55317366,-0.5075678,0.18262592
0.72565687,-1.2756447,-15.236246,0.1406552,0.8198986,0.2832612,0.47722697
0.9378632,-0.49157935,-14.941407,0.63484216,0.5531107,-0.50763965,0.18260892
0.7258352,-1.2750413,-15.236209,0.14048484,0.81983566,0.28309277,0.47748515
0.9375148,-0.49210334,-14.941143,0.6348724,0.5530218,-0.5077005,0.18260403
0.7264909,-1.2747552,-15.236164,0.14043048,0.8196988,0.28296298,0.47781295
0.93778473,-0.49198964,-14.940908,0.6348584,0.55292374,-0.50783473,0.18257636
0.7266991,-1.2744477,-15.236116,0.14035487,0.819591,0.28284293,0.47809106
0.9385766,-0.49133724,-14.94125,0.634822,0.55282557,-0.50800055,0.1825388
0.727533,-1.2740971,-15.236061,0.14025386,0.8194273,0.2828198,0.4784149
0.9392857,-0.49127632,-14.941032,0.6347911,0.5527201,-0.5081553,0.18253517
0.72845125,-1.2737112,-15.236,0.14021678,0.8192706,0.28274718,0.47873676
0.93992263,-0.49122164,-14.940836,0.63476175,0.5526098,-0.5083105,0.18253903
0.7286248,-1.2724937,-15.235935,0.14013329,0.8191417,0.28263578,0.4790476
0.9395519,-0.49117234,-14.94066,0.63477397,0.55244535,-0.5084929,0.18248606
0.7296968,-1.2721498,-15.235869,0.14012188,0.81890875,0.28271413,0.4794029
0.9396656,-0.49112782,-14.9405,0.63476175,0.55229145,-0.50868505,0.18245894
0.73166376,-1.2727643,-15.235806,0.14012717,0.8186341,0.28287846,0.47977337
0.9393424,-0.4915138,-14.940356,0.63477373,0.55213714,-0.5088252,0.18249388
0.73257095,-1.2723399,-15.2367735,0.14000188,0.81840926,0.28294834,0.4801522
0.93945384,-0.49145922,-14.940225,0.63473934,0.55196357,-0.5090529,0.18250334
0.7334386,-1.2719339,-15.236596,0.13997576,0.81827444,0.28293908,0.48039478
0.9395552,-0.49140957,-14.94049,0.6347083,0.55175954,-0.5093194,0.18248475
0.7341875,-1.2726586,-15.236443,0.14005995,0.81795967,0.2832199,0.4807408
0.9396478,-0.4913643,-14.940367,0.6346803,0.5515618,-0.5095701,0.18248004
0.7361725,-1.2721664,-15.237514,0.14005812,0.8175642,0.28337008,0.4813252
0.94007957,-0.4913229,-14.940254,0.634596,0.55127203,-0.50996673,0.18254083
0.7366988,-1.2717193,-15.238486,0.13987605,0.8173733,0.28348348,0.48163557
0.9401451,-0.49161482,-14.940151,0.6345794,0.5510357,-0.510181,0.18271272
0.73717195,-1.2713174,-15.239362,0.13979574,0.8172599,0.28353983,0.48181805
0.9402052,-0.49156934,-14.940369,0.63454294,0.5508439,-0.51041186,0.18277313
0.7375931,-1.2709595,-15.240141,0.13968323,0.8171559,0.28355256,0.4820196
0.94055814,-0.4912298,-14.94057,0.63444316,0.55069786,-0.51065683,0.18287519
0.7393614,-1.2720441,-15.240824,0.1397743,0.8169677,0.2837422,0.48220044
0.9406002,-0.49148282,-14.940473,0.6345048,0.55055153,-0.5106874,0.18301648
0.7409968,-1.2715334,-15.241456,0.13963912,0.81688005,0.28366882,0.48243135
0.940639,-0.49171615,-14.940651,0.6345173,0.55044353,-0.5107354,0.18316399
0.74086124,-1.2711042,-15.241987,0.13946438,0.8169364,0.28362697,0.48241097
0.9406749,-0.4919316,-14.940816,0.6346323,0.55031437,-0.51073253,0.18316169
0.74074715,-1.270743,-15.2424345,0.13939464,0.81691027,0.28368688,0.48244014
0.94095045,-0.4918884,-14.9409685,0.6346255,0.5502799,-0.51074237,0.18326169
0.740651,-1.2704386,-15.242811,0.13935497,0.8168764,0.28376624,0.48246232
0.94097763,-0.4923475,-14.941122,0.63470626,0.5502703,-0.51059115,0.1834321
0.7405029,-1.2701246,-15.243392,0.13928036,0.8167097,0.28384322,0.48272082
0.9410337,-0.49222943,-14.941441,0.63467884,0.55044985,-0.5103939,0.18353687
0.74183166,-1.271316,-15.2436,0.13945806,0.8164848,0.28388503,0.48302525
0.94106615,-0.49248743,-14.941625,0.6347046,0.5505293,-0.51022506,0.18367901
0.7415918,-1.2709607,-15.243774,0.13945372,0.81635576,0.2839527,0.48320475
0.9410987,-0.4924073,-14.94181,0.63472635,0.5506064,-0.5101115,0.18368793
0.7413881,-1.270659,-15.243923,0.13931803,0.8162642,0.2840192,0.48335946
0.9411315,-0.49232665,-14.941997,0.6347473,0.550684,-0.51001203,0.18365927
0.7412145,-1.2704017,-15.24405,0.13916585,0.816201,0.2839604,0.4835446
0.9411675,-0.49264175,-14.942201,0.63476855,0.5507874,-0.5098502,0.18372518
0.74106604,-1.2701819,-15.244158,0.13894163,0.8160935,0.2840641,0.48372963
0.9407606,-0.49297446,-14.942416,0.63479495,0.5508839,-0.5097205,0.18370451
0.7423302,-1.2699808,-15.244257,0.13893612,0.8159441,0.28403804,0.4839984
0.9408185,-0.49284464,-14.942625,0.6347989,0.55093664,-0.50968003,0.18364495
0.7434959,-1.2682844,-15.244348,0.13870868,0.81576025,0.28413233,0.484318
0.9408795,-0.493209,-14.942846,0.6348046,0.5510006,-0.50960225,0.18364944
0.7429778,-1.2668828,-15.244423,0.13859448,0.8155471,0.28430933,0.48460576
0.9403985,-0.4935836,-14.943073,0.634817,0.5510407,-0.5095676,0.18358241
0.7440418,-1.2671844,-15.244488,0.13867633,0.8153542,0.28433317,0.4848929
0.9404839,-0.4928862,-14.943276,0.6347517,0.5511124,-0.50961494,0.18346173
0.7449549,-1.2674431,-15.244544,0.1385699,0.8151382,0.28445646,0.48521402
0.9410515,-0.49275002,-14.9434595,0.6347148,0.5511452,-0.50963795,0.18342686
0.7442218,-1.2676495,-15.244589,0.13857546,0.81501555,0.28467458,0.4852906
0.9410969,-0.49309343,-14.943158,0.63469744,0.5511782,-0.5096342,0.18339834
0.74505776,-1.2678238,-15.244626,0.13859048,0.8148065,0.2847862,0.48557168
0.9411384,-0.49295995,-14.943331,0.63469666,0.5511807,-0.50966805,0.18329899
0.7473808,-1.2679825,-15.24466,0.1388847,0.8144997,0.28483698,0.48597255
0.9411785,-0.4928307,-14.943497,0.63467646,0.55117315,-0.50973725,0.18319924
0.7462625,-1.2681087,-15.244687,0.13877866,0.81448716,0.28493434,0.48596683
0.9412201,-0.49319062,-14.943669,0.63466907,0.5511511,-0.5098002,0.18311599
0.74677616,-1.2682109,-15.244709,0.13862003,0.8142655,0.28521892,0.48621643
0.9407756,-0.4930412,-14.9438305,0.63468146,0.55109674,-0.509913,0.18292256
0.7472307,-1.2668302,-15.244729,0.13843736,0.8140207,0.28541663,0.48656222
0.94084144,-0.49340984,-14.9439945,0.6346818,0.5510024,-0.5100742,0.18275602
0.7475964,-1.2685142,-15.244744,0.13853972,0.8136618,0.28589752,0.48685107
0.9409084,-0.49378455,-14.944162,0.6346809,0.55090326,-0.5102319,0.18261765
0.74925196,-1.2699075,-15.244758,0.13876726,0.81326365,0.28619108,0.48727888
0.9409707,-0.4935788,-14.944319,0.6346555,0.55076647,-0.5105145,0.18232884
0.749318,-1.2710449,-15.244768,0.1388617,0.8130222,0.28650072,0.48747283
0.9415693,-0.49338955,-14.944462,0.63459545,0.5505894,-0.5108829,0.18204029
0.7506877,-1.2720501,-15.244778,0.13905959,0.8127839,0.2868547,0.48760557
0.9421732,-0.49377728,-14.944606,0.63455766,0.5504132,-0.5111824,0.18186356
0.7519139,-1.27295,-15.244785,0.13935642,0.81246316,0.28720203,0.48785084
0.9421622,-0.49356622,-14.944739,0.6344936,0.5501953,-0.5116109,0.18154183
0.7530027,-1.2737491,-15.244793,0.13957278,0.81228775,0.28749508,0.4879085
0.942152,-0.49336994,-14.944864,0.6344794,0.5500088,-0.5119342,0.18124488
0.7539607,-1.2744522,-15.2448,0.13972944,0.81207204,0.28789327,0.48798788
0.9421419,-0.49376902,-14.944987,0.6344715,0.5498101,-0.51222587,0.18105155
0.75637877,-1.2766389,-15.244805,0.1401693,0.8117307,0.28827992,0.48820147
0.942697,-0.49299663,-14.945098,0.63431615,0.54969513,-0.5126315,0.18079662
0.75853366,-1.2785876,-15.244811,0.14055334,0.811517,0.2885297,0.48829865
0.94265753,-0.49284175,-14.945196,0.6342794,0.5495366,-0.51289546,0.18065855
0.75867546,-1.2785577,-15.244816,0.14079817,0.8114883,0.2886911,0.4881805
0.94313115,-0.49321187,-14.944775,0.6342313,0.5494452,-0.5130099,0.18078028
0.7587934,-1.2785327,-15.24482,0.14107662,0.81144494,0.28891888,0.48803744
0.9430737,-0.49354488,-14.944396,0.6341759,0.54938436,-0.5131339,0.18080752
0.7588913,-1.278512,-15.244823,0.14147176,0.811278,0.28909513,0.4880962
0.94348127,-0.49338588,-14.944513,0.6340508,0.54936445,-0.51332563,0.18076259
0.76066977,-1.2801906,-15.243129,0.14206304,0.8110112,0.28938293,0.4881972
0.943879,-0.4932307,-14.944628,0.6338935,0.54935014,-0.5134905,0.18088964
0.7604499,-1.2815038,-15.241804,0.1424474,0.81088746,0.2897272,0.48808655
0.94379103,-0.49353787,-14.944284,0.6338638,0.54938406,-0.5134046,0.1811346
0.761911,-1.2826222,-15.240676,0.1431274,0.8106115,0.29011047,0.48811835
0.9437113,-0.49339113,-14.943974,0.6337536,0.5494372,-0.5134627,0.1811939
0.7631522,-1.2852622,-15.239717,0.14394677,0.81035537,0.29041365,0.48812237
0.9436389,-0.49325788,-14.944095,0.6336728,0.54948586,-0.5134733,0.18129903
0.7660961,-1.2949588,-15.237026,0.14851888,0.80921626,0.2917254,0.48786014
0.9439566,-0.49352017,-14.943821,0.6337346,0.5494877,-0.5134438,0.18116091
0.76872253,-1.3036096,-15.232604,0.1524614,0.80839175,0.29271477,0.4874182
0.94388205,-0.49375936,-14.943572,0.63380724,0.549511,-0.5134001,0.18096018
0.7710181,-1.3134083,-15.22874,0.15588754,0.80771315,0.29366708,0.48688623
0.9438138,-0.49397802,-14.943344,0.63378876,0.54952997,-0.5134888,0.180715
0.7755044,-1.3218421,-15.225411,0.15878503,0.80713946,0.2941321,0.48662055
0.9437514,-0.49417824,-14.943135,0.63376224,0.5495298,-0.513597,0.18050109
0.7763547,-1.3310877,-15.222812,0.1613113,0.80669236,0.294706,0.48618373
0.9436941,-0.49436194,-14.942945,0.6337235,0.54954064,-0.5136707,0.18039434
0.7798643,-1.3382679,-15.220793,0.16309525,0.80638087,0.2952068,0.48580125
0.9436415,-0.4945308,-14.942768,0.633682,0.5495731,-0.513716,0.1803123
0.77948284,-1.3404793,-15.219367,0.16420569,0.8063591,0.29546413,0.48530662
0.943593,-0.49440432,-14.942607,0.6335487,0.5495783,-0.51395833,0.1800742
0.78218955,-1.3450872,-15.215334,0.16506234,0.8063435,0.2957872,0.48484498
0.94354826,-0.4942877,-14.942457,0.6334294,0.54957026,-0.51420575,0.17981182
0.7810535,-1.3513346,-15.212517,0.16570574,0.8064304,0.29627666,0.4841815
0.943507,-0.49443442,-14.942319,0.63338745,0.54952645,-0.5143273,0.17974587
0.77743804,-1.3525242,-15.210683,0.16587964,0.80670744,0.29660448,0.4834593
0.9434688,-0.49457014,-14.942191,0.6334154,0.5494083,-0.51443785,0.17969206
0.7777867,-1.3563011,-15.209374,0.1661831,0.80695266,0.296959,0.48272768
0.94343346,-0.4944662,-14.942073,0.63338006,0.54925174,-0.51470757,0.1795227
0.7780332,-1.3589717,-15.20845,0.1664305,0.8070438,0.2973472,0.4822509
0.94361883,-0.49436978,-14.941963,0.63324267,0.5491383,-0.5150052,0.17950077
0.7753129,-1.3607578,-15.207832,0.16653329,0.8071943,0.29783535,0.48166192
0.94358325,-0.49448895,-14.94186,0.63326955,0.5488814,-0.51524013,0.17951731
0.7734078,-1.3648959,-15.207399,0.16682218,0.8072642,0.29843825,0.48107123
0.94380057,-0.4946337,-14.941736,0.6332223,0.54868597,-0.51551384,0.17949568
0.7750074,-1.3678755,-15.204115,0.16714866,0.8072309,0.2991291,0.48058447
0.94442815,-0.49482104,-14.941574,0.633159,0.54837745,-0.5158655,0.17965187
0.7731574,-1.3699161,-15.201865,0.16734093,0.80722314,0.29988673,0.48005816
0.94473135,-0.49503282,-14.941391,0.63308287,0.54811716,-0.51621115,0.1797215
0.77185315,-1.3743486,-15.20028,0.16751927,0.8072524,0.30070695,0.47943327
0.94459707,-0.4957382,-14.941188,0.6331868,0.5478456,-0.51634073,0.1798111
0.7681558,-1.3744036,-15.199244,0.16775061,0.8073072,0.30127403,0.4789039
0.945569,-0.49597758,-14.940958,0.633071,0.5475715,-0.5167725,0.17981316
0.76839393,-1.3744419,-15.198522,0.16799954,0.80724,0.30205294,0.4784389
0.9459569,-0.49622536,-14.94072,0.6330759,0.5471985,-0.51718044,0.17975898
0.76856613,-1.3773412,-15.198,0.16845754,0.8070394,0.30289632,0.47808304
0.94635195,-0.4964777,-14.940477,0.6330482,0.54690707,-0.5175338,0.17972629
0.76868874,-1.3794053,-15.197629,0.16866836,0.8069206,0.30363214,0.47774228
0.9476706,-0.49762812,-14.939338,0.6330824,0.5465348,-0.51786196,0.17979304
0.7687748,-1.3808548,-15.194429,0.16887267,0.80674875,0.30442178,0.47745767
0.9480352,-0.49783245,-14.939144,0.63306665,0.5462945,-0.51814115,0.17977439
0.77190316,-1.3849709,-15.192112,0.16916318,0.80649227,0.30522695,0.47727418
0.95027083,-0.49708554,-14.938959,0.63267386,0.54618406,-0.518729,0.1797974
0.7740935,-1.3878527,-15.190489,0.1693366,0.80622375,0.3058994,0.47723573
0.9515235,-0.49850023,-14.937662,0.6325564,0.54595965,-0.5190416,0.1799901
0.7724194,-1.3897827,-15.189403,0.16922854,0.80596477,0.30669597,0.47720036
0.9527773,-0.49991626,-14.936364,0.6324932,0.5457846,-0.51923937,0.1801722
0.77445763,-1.3910977,-15.188663,0.16916075,0.8055742,0.30752665,0.47734934
0.95390004,-0.49990484,-14.936481,0.6325177,0.54557556,-0.519434,0.18015845
0.775833,-1.3919849,-15.188163,0.16918701,0.80507666,0.30834755,0.47764972
0.9548273,-0.49867657,-14.936579,0.63246226,0.545444,-0.5197035,0.17997377
0.77677196,-1.3958733,-15.187821,0.16922711,0.8041792,0.30960163,0.47833562
0.95569,-0.50013113,-14.936669,0.63252866,0.5453712,-0.5196167,0.18021205
0.7773806,-1.3983941,-15.190832,0.16927488,0.80346113,0.3106671,0.47883424
0.9551471,-0.5013675,-14.936747,0.632619,0.5452435,-0.5195833,0.18037768
0.78430337,-1.4000807,-15.1895895,0.16962314,0.802439,0.31165284,0.47978356
0.95596236,-0.501161,-14.936815,0.6325811,0.5451173,-0.5197532,0.18040192
0.7890447,-1.404611,-15.188737,0.17015377,0.8014202,0.31271562,0.48060617
0.9554055,-0.5009911,-14.936871,0.6326316,0.54511434,-0.51971614,0.18034065
0.78874284,-1.4075835,-15.188179,0.17048158,0.8005147,0.31371447,0.4813477
0.953778,-0.5031823,-14.936916,0.6328798,0.5450376,-0.5194431,0.18048851
0.7918,-1.4061626,-15.191078,0.17081463,0.79980856,0.31419376,0.4820902
0.9535199,-0.5039246,-14.936955,0.63284916,0.5450872,-0.5194035,0.18056
0.7939025,-1.4119142,-15.189708,0.17165229,0.7987638,0.31524754,0.4828363
0.9532908,-0.5045834,-14.936991,0.6328867,0.5451889,-0.51918167,0.18075925
0.79530287,-1.4157451,-15.188795,0.1723335,0.7979569,0.31601873,0.4834234
0.95309913,-0.50404435,-14.93702,0.6328838,0.5453666,-0.5189786,0.18081704
0.7962148,-1.4182402,-15.188201,0.17282225,0.7974675,0.31650665,0.4837371
0.9529377,-0.5025547,-14.937045,0.6328306,0.5454717,-0.518967,0.1807189
0.8004329,-1.4234984,-15.187811,0.17317112,0.79705304,0.31704137,0.48394537
0.95280087,-0.5032597,-14.937066,0.6328849,0.54551595,-0.51883537,0.18077326
0.8030405,-1.4231613,-15.187569,0.17306186,0.7967385,0.31748915,0.48420873
0.95268416,-0.50386095,-14.937084,0.6329196,0.5456341,-0.5186335,0.18087474
0.8011487,-1.4229566,-15.187422,0.1730416,0.7965943,0.3178518,0.48421523
0.95166034,-0.5053154,-14.937099,0.63314503,0.54567474,-0.5182922,0.18094134
0.79996556,-1.4228286,-15.18733,0.17317614,0.79649305,0.31817505,0.48412138
0.9516549,-0.50481665,-14.937113,0.6331624,0.5457527,-0.51820177,0.18090424
0.8026755,-1.4262385,-15.183775,0.17355326,0.7960036,0.3189192,0.4843017
0.95164996,-0.50523806,-14.937126,0.6333191,0.54572237,-0.5180503,0.18088129
0.8079928,-1.4284494,-15.18147,0.17402859,0.7955497,0.31957367,0.48444548
0.951645,-0.5066481,-14.936158,0.6334399,0.54578006,-0.5178053,0.18098593
0.80777943,-1.4298464,-15.180014,0.1744588,0.79527247,0.31990746,0.4845256
0.9516404,-0.5069366,-14.936271,0.63352877,0.5457902,-0.5177057,0.18092906
0.81124026,-1.4307296,-15.179092,0.17508891,0.79490453,0.32024395,0.48467982
0.95257926,-0.5062398,-14.936367,0.6335054,0.5458152,-0.51773167,0.18086073
0.8098328,-1.4312738,-15.178525,0.17565866,0.7947064,0.32068327,0.48450807
0.95248353,-0.50655305,-14.936454,0.63357174,0.5458022,-0.51769394,0.1807758
0.8142923,-1.4415423,-15.177921,0.1775391,0.79379624,0.3230914,0.48371416
0.95422214,-0.5071286,-14.936612,0.633421,0.54546106,-0.51833695,0.18049113
0.81165403,-1.4453381,-15.17778,0.17791583,0.7938844,0.32375813,0.4829847
0.9539278,-0.5084676,-14.936684,0.63340884,0.54510236,-0.51876724,0.18038067
0.8066046,-1.4475601,-15.177696,0.17795072,0.7940954,0.3238556,0.48255953
0.9547677,-0.50858,-14.936749,0.6332914,0.5446631,-0.5194227,0.18023378
0.806907,-1.4525669,-15.177643,0.1783001,0.7940708,0.32402024,0.48236057
0.9554736,-0.5076218,-14.936805,0.63311243,0.54419917,-0.52017385,0.18009773
0.80709547,-1.4521487,-15.177609,0.17808762,0.7943202,0.3241083,0.481969
0.95723104,-0.5078303,-14.936855,0.6329696,0.54368716,-0.52084714,0.18020003
0.80384576,-1.448535,-15.177589,0.17769812,0.79468757,0.32385936,0.48167434
0.9588937,-0.50802755,-14.936903,0.63281184,0.54321206,-0.5214445,0.18045928
0.8050333,-1.4494977,-15.177577,0.17754751,0.794801,0.32375792,0.48161098
0.9604409,-0.508211,-14.936948,0.6327284,0.5426972,-0.5220069,0.18067458
0.8058236,-1.4501383,-15.177568,0.17742525,0.7948576,0.3236772,0.48161685
0.96054506,-0.509675,-14.936989,0.6328401,0.5421297,-0.5223975,0.18085834
0.8063257,-1.4475203,-15.177564,0.17728238,0.79492486,0.3233845,0.48175505
0.9618737,-0.5084027,-14.937023,0.6327188,0.54161435,-0.52302307,0.1810188
0.8037786,-1.4458157,-15.17756,0.17700295,0.795072,0.3230561,0.4818354
0.96178865,-0.5085366,-14.937052,0.6327293,0.5410739,-0.5235096,0.18119144
0.8048288,-1.4474359,-15.174786,0.17694852,0.7949606,0.32286885,0.48216462
0.9630067,-0.50865877,-14.937079,0.6325601,0.5407369,-0.52392596,0.18158445
0.80553865,-1.4458965,-15.175544,0.17666747,0.7949709,0.32260627,0.48242617
0.9641481,-0.5101766,-14.937103,0.6326095,0.54029816,-0.52416867,0.18201755
0.80603653,-1.4448171,-15.17353,0.17638217,0.79502916,0.32230157,0.4826383
0.9637189,-0.51147485,-14.9357195,0.6327514,0.53992844,-0.52432173,0.1821805
0.80890405,-1.4440352,-15.172071,0.17627062,0.7949284,0.3219726,0.4830644
0.9647756,-0.51117265,-14.934518,0.6327905,0.5397057,-0.5244508,0.18233337
0.81100494,-1.4434623,-15.171003,0.17609674,0.794855,0.32169557,0.48343307
0.96704453,-0.50952953,-14.934913,0.6326048,0.5395199,-0.52485365,0.18236822
0.81248486,-1.4406981,-15.172612,0.17581506,0.79490703,0.32120532,0.4837759
0.9675648,-0.50819474,-14.935235,0.63263696,0.5393816,-0.5250041,0.18223228
0.8135517,-1.4409612,-15.171516,0.17568298,0.79483986,0.32088172,0.4841488
0.96801597,-0.5083675,-14.934183,0.63272023,0.53933024,-0.5249536,0.18224107
0.81432736,-1.4390097,-15.172862,0.17535315,0.79488826,0.32055494,0.48440537
0.96843153,-0.5113704,-14.933215,0.63297284,0.5391936,-0.52478135,0.18226431
0.8148999,-1.437569,-15.173856,0.17501609,0.7949695,0.3200919,0.4847001
0.9687996,-0.5125522,-14.932358,0.6331088,0.5392412,-0.5246052,0.18215857
0.8153287,-1.4345564,-15.1746,0.17467429,0.79510486,0.31958082,0.48493847
0.9691215,-0.51358587,-14.931606,0.6332237,0.5392171,-0.52454334,0.18200849
0.8138168,-1.4322702,-15.175164,0.1743847,0.79522204,0.31913382,0.48514482
0.96937877,-0.51296026,-14.932459,0.6331959,0.53929913,-0.5246154,0.18165405
0.81440043,-1.4305134,-15.175598,0.17413926,0.7952854,0.31868857,0.4854218
0.96958625,-0.5110767,-14.933146,0.6330037,0.5393277,-0.52492714,0.18133838
0.81485426,-1.4291475,-15.175936,0.17401722,0.7953085,0.31830627,0.48567852
0.96975505,-0.509544,-14.932395,0.6329178,0.5392955,-0.5251611,0.18105587
0.81363577,-1.4280738,-15.176201,0.17386633,0.79536754,0.31795222,0.48586774
0.9698936,-0.5082865,-14.933024,0.63277256,0.5392317,-0.52540296,0.1810519
0.81416434,-1.427221,-15.176411,0.17373337,0.79532766,0.31776845,0.48610076
0.97000813,-0.5084287,-14.933544,0.6327048,0.5391882,-0.5254608,0.18125059
0.81458825,-1.4265367,-15.178,0.17366202,0.7952243,0.31762618,0.48638827
0.97010356,-0.5085472,-14.933977,0.63261896,0.5391373,-0.52556694,0.18139374
0.81493145,-1.4273334,-15.179288,0.17388633,0.79487574,0.3177394,0.4868037
0.9701837,-0.5075796,-14.9343405,0.6323727,0.5389498,-0.5258952,0.1818576
0.81521165,-1.427984,-15.180339,0.17404549,0.79460436,0.31781045,0.48714343
0.9692377,-0.5077761,-14.93566,0.6323054,0.5387593,-0.5260078,0.18233007
0.8154424,-1.4273007,-15.181205,0.17415005,0.7943667,0.3178621,0.48745984
0.96843374,-0.5079431,-14.936782,0.6323056,0.53857094,-0.52609795,0.18262514
0.8168937,-1.4294856,-15.182522,0.17459184,0.7936056,0.31835875,0.48821676
0.9705581,-0.5090406,-14.938567,0.63188905,0.53815824,-0.52674985,0.18340264
0.8158636,-1.4297814,-15.183027,0.17480549,0.7931437,0.31878614,0.4886119
0.9697554,-0.50990075,-14.938455,0.6318524,0.5380206,-0.52684927,0.18364716
0.81598413,-1.4320174,-15.183454,0.17526658,0.79251313,0.31947258,0.48902136
0.9698448,-0.5106657,-14.939157,0.6315993,0.5379444,-0.52714443,0.18389393
0.81723815,-1.4343015,-15.18389,0.1757954,0.7917941,0.32019097,0.48952615
0.96992546,-0.51056504,-14.939791,0.6313231,0.53791815,-0.52745736,0.18402159
0.8185355,-1.4379905,-15.184342,0.17661345,0.79095274,0.3210842,0.4900066
0.9699988,-0.51047355,-14.940367,0.63111126,0.5379133,-0.52770567,0.1840507
0.8197989,-1.4415828,-15.184782,0.17737657,0.79030347,0.32131705,0.4906256
0.97006583,-0.5103899,-14.940893,0.6309179,0.53788614,-0.52799404,0.18396592
0.8210432,-1.4486158,-15.183468,0.1780973,0.7897004,0.3213654,0.49130335
0.97091013,-0.50953037,-14.94138,0.63070303,0.5378631,-0.5283052,0.18387689
0.8221823,-1.4550542,-15.182264,0.17868474,0.7890082,0.32139412,0.4921827
0.97175264,-0.5095226,-14.941864,0.63059664,0.5378739,-0.52838963,0.18396719
0.82104605,-1.4627355,-15.181225,0.17905831,0.78847575,0.3215361,0.492807
0.97257894,-0.50951505,-14.942339,0.63041484,0.5379359,-0.5285213,0.18403082
0.8200569,-1.4741589,-15.18032,0.17969438,0.7878804,0.32169688,0.4934224
0.9715516,-0.5095085,-14.942747,0.630559,0.5379791,-0.5283555,0.18388654
0.8218741,-1.4864525,-15.179556,0.18025249,0.78731716,0.32180917,0.49404413
0.9714892,-0.5095029,-14.943101,0.63069206,0.5379529,-0.52820975,0.18392597
0.8236281,-1.5478129,-15.17882,0.18115462,0.78656864,0.321519,0.49509424
0.970651,-0.51028204,-14.942623,0.6307757,0.5382738,-0.5277436,0.18403815
0.820809,-1.6052066,-15.1741705,0.18174188,0.78619766,0.3213747,0.4955617
0.97066444,-0.510217,-14.942951,0.63076377,0.53852534,-0.52748096,0.1840963
0.81905246,-1.6499053,-15.175743,0.18186796,0.7860592,0.32113457,0.4958907
0.97067624,-0.51086766,-14.942532,0.63078874,0.53866374,-0.5272904,0.18415183
0.8180469,-1.6946181,-15.171862,0.18201374,0.78590006,0.3211729,0.4960646
0.97068745,-0.51220673,-14.942134,0.63081837,0.53875023,-0.5270829,0.1843909
0.81255364,-1.7279048,-15.169835,0.18193057,0.7858256,0.32126027,0.49615648
0.97069794,-0.5127293,-14.941761,0.63081145,0.5388923,-0.52690554,0.18450642
0.8098052,-1.7599938,-15.168821,0.18184772,0.78593665,0.32111356,0.49610597
0.97070843,-0.5140406,-14.94139,0.6308742,0.53889453,-0.5268106,0.18455647
0.80316883,-1.7966701,-15.168335,0.18165253,0.7859658,0.3212376,0.49605107
0.9707188,-0.51533836,-14.941023,0.6308804,0.53891647,-0.52678096,0.18455599
0.805592,-1.8300077,-15.168109,0.18139818,0.78603345,0.32121104,0.4960542
0.9707289,-0.51660883,-14.940662,0.6308989,0.5388827,-0.5267938,0.18455489
0.80666065,-1.8615797,-15.168011,0.18110557,0.7860489,0.3211741,0.49616048
0.9707381,-0.516843,-14.940336,0.63086283,0.53883636,-0.5269276,0.18443109
0.801415,-1.9306701,-15.167951,0.18067443,0.7860742,0.32118508,0.49627042
0.97075415,-0.5172491,-14.93977,0.63076234,0.53872436,-0.52725166,0.1841759
0.80517626,-1.9676576,-15.167944,0.18049406,0.7860481,0.32103127,0.49647674
0.970761,-0.5174247,-14.939525,0.6307435,0.5386449,-0.52738947,0.18407804
0.8066117,-2.0063846,-15.167941,0.18030822,0.78605473,0.3207933,0.49668768
0.9717453,-0.5175905,-14.939293,0.6306423,0.53862363,-0.5275509,0.18402459
0.8008377,-2.0584838,-15.16794,0.18025619,0.7860295,0.32066178,0.49683136
0.972733,-0.51884925,-14.939061,0.6305936,0.5385384,-0.52765346,0.18414702
0.805221,-2.095905,-15.174342,0.1800922,0.78599507,0.32036567,0.49713612
0.97250766,-0.52000886,-14.938848,0.63055503,0.5384801,-0.52772695,0.18423885
0.80019575,-2.1411972,-15.170003,0.18007673,0.7860462,0.3199939,0.4973004
0.9723017,-0.52106863,-14.938651,0.6305394,0.5383703,-0.5278397,0.18428968
0.8051654,-2.1824656,-15.175198,0.18004969,0.78609776,0.31960312,0.49748003
0.973374,-0.52207017,-14.938466,0.6304732,0.5382586,-0.5279859,0.18442401
0.8067416,-2.229171,-15.176845,0.17996815,0.78613466,0.31926066,0.49767092
0.97436374,-0.52299464,-14.938295,0.63047355,0.5381146,-0.52809274,0.18453714
0.80722076,-2.26377,-15.177345,0.17981501,0.7862367,0.31879032,0.49786654
0.9738927,-0.5224701,-14.938156,0.6304549,0.5380126,-0.5282411,0.18447337
0.81427133,-2.3155,-15.177493,0.17975767,0.78619397,0.3185741,0.49809322
0.9734899,-0.5232839,-14.938037,0.63051945,0.5377831,-0.5283881,0.18450144
0.80929136,-2.3581567,-15.177536,0.17962223,0.7862137,0.31829226,0.49829102
0.9731359,-0.523999,-14.937932,0.63045913,0.53773284,-0.5284963,0.18454401
0.8008903,-2.390983,-15.177547,0.17927828,0.7862882,0.31812087,0.4984068
0.9740686,-0.5233674,-14.937845,0.63029695,0.5377037,-0.52871424,0.18455848
0.79861337,-2.4282715,-15.177551,0.17893346,0.7863612,0.31789026,0.49856263
0.9762788,-0.52410036,-14.937763,0.6301854,0.5375715,-0.52889705,0.18480018
0.8123661,-2.4812007,-15.177552,0.17873697,0.7862286,0.31783703,0.49887612
0.9768775,-0.52475786,-14.937689,0.63012004,0.5374549,-0.5290094,0.1850406
0.80863786,-2.523705,-15.177552,0.1784786,0.7861356,0.3177381,0.49917814
0.97740763,-0.5253401,-14.937623,0.6299737,0.5374086,-0.5291358,0.1853117
0.8074872,-2.6025746,-15.177552,0.17772861,0.78601193,0.31727034,0.4999374
0.9782742,-0.5262917,-14.937516,0.6298247,0.537196,-0.5293641,0.18578218
0.8148575,-2.6488986,-15.184975,0.1773355,0.7858443,0.31702802,0.50049394
0.9786352,-0.528292,-14.937472,0.6298986,0.53692293,-0.5294581,0.18605302
0.82447886,-2.7454517,-15.18706,0.17650594,0.7852982,0.31643432,0.50201756
0.9808473,-0.5284086,-14.937403,0.62982965,0.5365433,-0.5298264,0.18633278
0.82655466,-2.871874,-15.194849,0.17524767,0.7843058,0.31567743,0.5044804
0.9807216,-0.52692246,-14.937356,0.629912,0.53603244,-0.53016496,0.18656158
0.8343151,-2.9274242,-15.196391,0.17460665,0.7837142,0.31528214,0.5058673
0.98219854,-0.5271987,-14.93734,0.6299731,0.53578156,-0.5302625,0.18679889
0.83617765,-3.016115,-15.204451,0.17302057,0.7828026,0.31418058,0.50850224
0.98297703,-0.5292416,-14.937311,0.6301858,0.53525,-0.53039354,0.18723278
0.8377901,-3.1227047,-15.206311,0.17157763,0.7818348,0.3129438,0.51123554
0.98352796,-0.5292809,-14.937294,0.630233,0.53493625,-0.5305561,0.1875099
0.8365622,-3.2313502,-15.214063,0.17071395,0.7811319,0.3121587,0.51307565
0.9830681,-0.5291895,-14.937286,0.6303699,0.5346425,-0.5306581,0.18759823
0.8440063,-3.291528,-15.215613,0.16984707,0.7803536,0.3113924,0.51500964
0.98269624,-0.52911574,-14.93864,0.6303898,0.5344691,-0.53076094,0.18773493
0.83011574,-3.349702,-15.215923,0.16895679,0.77985764,0.3107113,0.5164632
0.98239297,-0.5290555,-14.939744,0.630396,0.5342812,-0.53088176,0.18790711
0.83502734,-3.4074748,-15.223674,0.16816354,0.7792078,0.31013608,0.5180462
0.98349094,-0.5303783,-14.940764,0.63045555,0.5339259,-0.5310811,0.18815395
0.8360096,-3.4651673,-15.225225,0.16727173,0.77874976,0.3094399,0.51943815
0.98307484,-0.53014517,-14.941595,0.6304636,0.5337389,-0.531225,0.18825114
0.8438958,-3.530534,-15.233225,0.16648908,0.7780255,0.3090397,0.52101076
0.98148936,-0.53119797,-14.942277,0.63086265,0.5333057,-0.531194,0.1882294
0.8300936,-3.5974352,-15.234824,0.16555329,0.7776659,0.30858076,0.5221167
0.98135114,-0.53212816,-14.942879,0.63102734,0.53289247,-0.5313565,0.18838899
0.83502287,-3.6646435,-15.235145,0.16474539,0.7771947,0.30820802,0.5232927
0.98123705,-0.53169626,-14.943377,0.6311025,0.5325787,-0.53163683,0.18823348
0.8436985,-3.7319129,-15.242899,0.16402723,0.7767049,0.30790085,0.52442515
0.98114187,-0.53133565,-14.943791,0.6311753,0.53225356,-0.5319208,0.18810678
0.8377439,-3.7991948,-15.244451,0.16308904,0.77662724,0.3074964,0.52506965
0.9810613,-0.53103054,-14.944142,0.63133514,0.531881,-0.5321734,0.1879095
0.82886326,-4.1971364,-15.2601385,0.1596227,0.7775855,0.30739942,0.52477336
0.9820959,-0.5307585,-14.944456,0.6314536,0.530561,-0.5335214,0.18742055
0.8347768,-4.3536215,-15.263276,0.15727764,0.7780126,0.30773956,0.5246489
0.9830962,-0.5317044,-14.944758,0.6317449,0.52918553,-0.5345903,0.18728143
0.83595955,-4.454126,-15.271594,0.15535119,0.77852005,0.3079177,0.52436554
0.9839671,-0.53132397,-14.945022,0.63209856,0.52804846,-0.5354792,0.18675725
0.8285064,-4.543434,-15.280948,0.15371798,0.7790419,0.30779058,0.5241463
0.98600596,-0.53097886,-14.945261,0.63231885,0.5271487,-0.5361718,0.1865663
0.82701576,-4.638193,-15.282818,0.15205865,0.77942973,0.30795646,0.5239565
0.9879715,-0.5320296,-14.945491,0.6328202,0.52614325,-0.5366525,0.1863225
0.81127864,-4.8301086,-15.290957,0.14859179,0.78038687,0.3079759,0.5235148
0.98974484,-0.5340666,-14.945873,0.633904,0.52458805,-0.5369975,0.18602927
0.81588054,-4.926219,-15.3001995,0.1468191,0.7806664,0.30779546,0.52370423
0.9897942,-0.536308,-14.9460335,0.6344134,0.52394396,-0.53703135,0.18601015
0.81680083,-5.030028,-15.309737,0.14496484,0.7807394,0.3077063,0.52416414
0.9898372,-0.5382634,-14.946174,0.6350683,0.523284,-0.5369131,0.18597479
0.8016056,-5.1353765,-15.311645,0.14334364,0.78106123,0.30736345,0.5243316
0.989873,-0.53826606,-14.94629,0.6353692,0.5229006,-0.5370488,0.18563288
0.7908768,-5.241033,-15.319716,0.14150919,0.7812495,0.30699334,0.52476615
0.9899038,-0.53994787,-14.946389,0.63588846,0.52234423,-0.5370751,0.1853449
0.78873104,-5.35444,-15.321331,0.13993238,0.7813733,0.30652538,0.5252779
0.9899288,-0.5396615,-14.94647,0.6361391,0.5220343,-0.53715503,0.1851263
0.7806122,-5.4693985,-15.329343,0.13830312,0.78147393,0.3061083,0.52580273
0.98994917,-0.5394278,-14.946536,0.6362289,0.5217741,-0.53742963,0.18475388
0.7789884,-5.5846667,-15.3386345,0.1367954,0.78147644,0.30573687,0.5264092
0.9899659,-0.5392361,-14.94659,0.63622004,0.5215342,-0.5376579,0.1847974
0.7709739,-5.692307,-15.348184,0.13517101,0.781578,0.30503994,0.52708197
0.9899797,-0.5390781,-14.946634,0.6360706,0.5214083,-0.5379574,0.1847961
0.76937103,-5.813801,-15.357783,0.13364047,0.78164047,0.30453965,0.5276685
0.9917069,-0.54065037,-14.946674,0.6360097,0.5210988,-0.5382482,0.18503135
0.75367105,-5.930376,-15.367393,0.13200118,0.78189623,0.3040762,0.5279693
0.993132,-0.54022557,-14.94843,0.6359345,0.52098686,-0.53844005,0.18504712
0.7505311,-6.053658,-15.369315,0.1304537,0.78201896,0.30403364,0.52819675
0.9942974,-0.5398782,-14.94815,0.63578874,0.52100307,-0.5385754,0.18510859
0.72978425,-6.3016324,-15.38823,0.1269889,0.7828062,0.3034853,0.5281903
0.9961503,-0.5426463,-14.947703,0.63593715,0.5207604,-0.53846896,0.18559039
0.7226846,-6.4278073,-15.396551,0.12532558,0.78303534,0.3033521,0.5283245
0.99324554,-0.54361594,-14.947547,0.6362095,0.52072144,-0.538266,0.18535474
0.71357495,-6.5530086,-15.405905,0.12357103,0.7834509,0.30283657,0.52841747
0.9926842,-0.5443668,-14.947427,0.63627046,0.52063584,-0.5382189,0.18552282
0.7194427,-6.693394,-15.415465,0.12214044,0.7837174,0.3023956,0.5286074
0.9922446,-0.54495484,-14.947332,0.6362212,0.5206219,-0.5382647,0.18559837
0.7206163,-6.8214374,-15.425066,0.120684676,0.7838493,0.30195186,0.5289996
0.9918818,-0.5454401,-14.947255,0.636266,0.5205403,-0.53831726,0.18552107
0.7131613,-6.954702,-15.434677,0.119384885,0.78440326,0.30076993,0.5291468
0.99158025,-0.5458434,-14.94719,0.63637817,0.5203685,-0.53843415,0.18527842
0.70398057,-7.0967,-15.451979,0.11827223,0.7849616,0.29940644,0.5293419
0.991341,-0.54466105,-14.947139,0.6363826,0.52037513,-0.53853774,0.18494359
0.6944548,-7.225066,-15.463127,0.11679384,0.7857874,0.2978999,0.5292948
0.9911491,-0.54371345,-14.947098,0.63631403,0.5203673,-0.5386952,0.18474269
0.707929,-7.3660846,-15.473048,0.116176434,0.78602046,0.2962213,0.5300264
0.990994,-0.5429468,-14.947065,0.63636637,0.52035034,-0.5386955,0.1846092
0.6875548,-7.5019445,-15.482722,0.11484156,0.78674024,0.29445302,0.53023446
0.9908674,-0.5436095,-14.947039,0.63630503,0.52030534,-0.53876686,0.18473952
0.6834799,-7.6521516,-15.492346,0.11408544,0.7873024,0.29288238,0.53043324
0.9920272,-0.5441742,-14.947015,0.6362229,0.5202788,-0.5387758,0.18507053
0.6672855,-7.7821593,-15.509651,0.11267263,0.78815126,0.29084086,0.5305978
0.99176574,-0.5446657,-14.946995,0.6362075,0.5203747,-0.5386708,0.18515958
0.66404665,-7.923506,-15.520801,0.11175638,0.788602,0.28911924,0.53106266
0.9927586,-0.5438626,-14.946979,0.6360171,0.52028877,-0.53900146,0.18509308
0.6633988,-8.059432,-15.53072,0.11104522,0.7888374,0.2874778,0.53175294
0.9935955,-0.54318565,-14.946964,0.6358531,0.52005655,-0.5393637,0.18525371
0.63863635,-8.321207,-15.559247,0.108894505,0.78963757,0.2842844,0.53272605
0.9938954,-0.54214555,-14.946942,0.63589036,0.51976514,-0.5394047,0.18582326
0.61217856,-8.538836,-15.584549,0.10717658,0.7902837,0.28187197,0.53339773
0.99562895,-0.54170966,-14.946933,0.63591665,0.5192823,-0.53967375,0.18630147
0.5607488,-8.782294,-15.597298,0.105360396,0.7913502,0.27998167,0.5331739
0.99611104,-0.54244876,-14.946924,0.6362521,0.518674,-0.5396298,0.18697685
0.5427731,-8.907883,-15.622917,0.10359099,0.79182404,0.27806813,0.5338182
0.9965747,-0.54441494,-14.946917,0.6366805,0.5180254,-0.5395555,0.18753012
0.5468677,-9.032967,-15.628041,0.10238689,0.7918823,0.27689478,0.5345735
0.99695766,-0.54365367,-14.946909,0.6369185,0.5175521,-0.53965867,0.18773215
0.5092381,-9.14257,-15.636755,0.10133557,0.7924507,0.2756766,0.5345609
0.99732226,-0.54552126,-14.948198,0.63724667,0.51695114,-0.53964275,0.1883189
0.4786431,-9.249078,-15.646188,0.09988266,0.793213,0.27429345,0.53441536
0.997657,-0.5472361,-14.948008,0.6374406,0.51667523,-0.53948885,0.18885992
0.47252408,-9.354966,-15.655765,0.09878082,0.79351354,0.2731791,0.53474474
0.9979463,-0.5473306,-14.947842,0.637636,0.5164047,-0.539387,0.18923071
0.4636106,-9.429972,-15.680749,0.09701162,0.79385847,0.271484,0.53541946
0.9996731,-0.5474161,-14.949157,0.6376936,0.5162918,-0.5393432,0.18946971
0.45413816,-9.52956,-15.685745,0.09610704,0.7942499,0.2702643,0.5356191
0.99967134,-0.5489935,-14.948798,0.63791955,0.51621807,-0.5389023,0.19016318
0.42917457,-9.634064,-15.694435,0.09530629,0.7948011,0.26931208,0.5354241
0.99824184,-0.5502578,-14.948511,0.638101,0.51631147,-0.5384378,0.1906161
0.42418188,-9.731862,-15.703862,0.09466776,0.7952764,0.26786402,0.53555804
0.998444,-0.54992074,-14.948276,0.6380307,0.5164061,-0.53832334,0.1909176
0.4231833,-9.820628,-15.713438,0.09369882,0.7956825,0.26611945,0.5359948
0.9986241,-0.5510421,-14.948067,0.6378717,0.51653266,-0.53817403,0.19152686
0.3999145,-9.922969,-15.7230425,0.093245,0.7963727,0.26441482,0.53589255
0.99878246,-0.5520289,-14.947883,0.63779217,0.51668566,-0.5379215,0.19208732
0.38757104,-10.350991,-15.7634115,0.095067434,0.79826206,0.25803068,0.5358733
0.99892247,-0.554432,-14.946189,0.63782734,0.5171665,-0.537191,0.19272006
0.40048173,-10.513494,-15.794554,0.09587808,0.7993824,0.25329325,0.53631866
0.9990343,-0.55344224,-14.946291,0.63773066,0.517691,-0.5367001,0.19299902
0.38768446,-10.59982,-15.793094,0.09630396,0.80041367,0.25078434,0.5358832
0.99774265,-0.5554078,-14.944991,0.63784814,0.5181184,-0.5360416,0.19329375
0.3697456,-10.678604,-15.800491,0.09613978,0.8015862,0.24897845,0.5350014
0.99669206,-0.555694,-14.9439335,0.63783485,0.5185598,-0.53559476,0.19339271
0.37384754,-10.725119,-15.8019705,0.095826544,0.8022911,0.24836951,0.5342836
0.99711794,-0.55733234,-14.942975,0.63770014,0.5189969,-0.53523046,0.19367294
0.38235763,-10.749803,-15.809957,0.09533371,0.80282116,0.24794516,0.5337723
0.99746454,-0.55604583,-14.942195,0.63750225,0.51945627,-0.5349964,0.19373967
0.37636998,-10.770117,-15.811553,0.09477333,0.80340606,0.24753255,0.5331833
0.9965046,-0.5549902,-14.941554,0.6373116,0.5198614,-0.53484154,0.19370785
0.36748272,-10.77418,-15.8118725,0.09378136,0.80414706,0.24752228,0.5322456
0.99571073,-0.5552993,-14.941025,0.6371547,0.5201841,-0.5346521,0.19388038
0.36570525,-10.774993,-15.811935,0.092786185,0.8046615,0.2474064,0.53169614
0.99504924,-0.55443376,-14.940584,0.6369774,0.5204585,-0.53461444,0.19383065
0.34220958,-10.792107,-15.804262,0.091429695,0.8057981,0.24753302,0.5301485
0.9940256,-0.5541079,-14.939902,0.6365752,0.52077603,-0.53470385,0.19405194
0.3529609,-10.778578,-15.818105,0.09040081,0.80605465,0.24725124,0.5300664
0.9945901,-0.55444807,-14.939637,0.63635224,0.5207924,-0.53492737,0.19412354
0.3397318,-10.791252,-15.805493,0.089845456,0.8064988,0.24711029,0.5295508
0.9950727,-0.5547388,-14.940325,0.63617337,0.5207818,-0.535133,0.19417125
0.35246536,-10.778408,-15.81066,0.08857297,0.80651295,0.24653657,0.5300108
0.9954876,-0.55498874,-14.940046,0.6360012,0.5207456,-0.5353193,0.19431886
0.3550121,-10.768149,-15.811694,0.0875029,0.80644435,0.2457746,0.5306465
0.99584603,-0.55437917,-14.939806,0.63585377,0.5206835,-0.5355383,0.19436425
0.36321115,-10.766097,-15.8119,0.08634993,0.8062231,0.24472147,0.53165734
0.9969415,-0.5538498,-14.940382,0.63565874,0.5205623,-0.53586537,0.19442555
0.35716125,-10.7579975,-15.811941,0.08494152,0.80635405,0.24345295,0.53226763
0.9971523,-0.554133,-14.940139,0.63557655,0.52043205,-0.5360532,0.19452515
0.363641,-10.740997,-15.81195,0.08369835,0.80633146,0.24164262,0.53332263
0.9973563,-0.55440694,-14.939904,0.6355036,0.52028,-0.5362767,0.19455427
0.37262663,-10.745289,-15.811952,0.08260024,0.8060587,0.24045236,0.5344429
0.99828774,-0.5538977,-14.940448,0.6353913,0.52013814,-0.5365357,0.19458611
0.36673406,-10.738456,-15.804262,0.0813804,0.8060121,0.23903571,0.5353352
0.997676,-0.5534517,-14.94021,0.63538593,0.52001375,-0.5366587,0.19459711
0.37324524,-10.729401,-15.810413,0.080572315,0.8057333,0.23741664,0.53659606
0.99852496,-0.5537483,-14.939994,0.6353643,0.51982087,-0.5368685,0.19460429
0.3976166,-10.727589,-15.811645,0.07978654,0.8050434,0.23640184,0.5381947
0.99927247,-0.5526726,-14.939802,0.63530624,0.5197095,-0.5370797,0.19450831
0.39480114,-10.734917,-15.796511,0.07940235,0.8048844,0.23561203,0.5388352
1.0000287,-0.5530379,-14.939609,0.6353468,0.51957816,-0.53714937,0.19453435
0.37116894,-10.721004,-15.801174,0.07848493,0.8051009,0.23435071,0.5391961
1.0000004,-0.55338246,-14.939426,0.6354531,0.51940984,-0.5372276,0.19442056
0.3818219,-10.71822,-15.802107,0.07763652,0.8051824,0.2333926,0.5396127
0.9999755,-0.55297995,-14.939267,0.6355219,0.5193487,-0.5372361,0.19433577
0.3905304,-10.700634,-15.802331,0.075865485,0.8051106,0.2316425,0.5407247
0.99993193,-0.5529337,-14.938987,0.635737,0.51918757,-0.53724533,0.19403662
0.41610467,-10.698791,-15.802338,0.07489223,0.80466306,0.23165748,0.5415196
0.99991286,-0.553256,-14.938865,0.6358019,0.51919866,-0.53722304,0.19385591
0.40639699,-10.698406,-15.794812,0.07411408,0.8048065,0.23197617,0.54127693
0.999896,-0.5528966,-14.938757,0.6358715,0.5192344,-0.53720355,0.19358566
0.40429008,-10.713394,-15.793179,0.073805444,0.804726,0.23279305,0.54108804
0.9998802,-0.5532079,-14.938655,0.6359185,0.51929784,-0.53716016,0.19338174

