ICVP Direct Stim Program 4.0.1+v4.0.1 - RelativeLocations
Updated at: 2022-08-22--20-12-12
Subject ID: CKT
Tester ID: kstipp
Direct Stimulation Input from the UI

UserID ; Time ; Electrodes ; Frequency (Hz) ; Cathodic Phase Duration (us) ; Train Length (ms) ; Duty On (ms); Duty Off (ms) ; Inter-train Length (ms) ; Amplitude (uA) ; Sent to Gateway ; Response ; Response Latency (ms) ; Response Duration (ms) ; Comments
kstipp ; 2022-08-22--20-12-12 ; 250F , 250F-2500 ; 200 ; 200 ; 1000 ; 1000 ; 0 ; 0 ; 40 ; True ;  ;  ;  ; moved left

Position t,Position u,Position v,Orientation w,Orientation x,Orientation y,Orientation z
0.6916475,-1.3270303,-15.223432,0.16518247,0.814938,0.3072625,0.4627965
0.91760063,-0.51974034,-14.936947,0.6672764,0.52248645,-0.51581687,0.12523283
0.69171864,-1.3253307,-15.223796,0.16509376,0.8148168,0.30714437,0.4631199
0.9186986,-0.51755065,-14.937011,0.667125,0.52253157,-0.5159815,0.12517227
0.69342864,-1.3238777,-15.224109,0.16498733,0.8147055,0.30698842,0.4634569
0.9175658,-0.5178579,-14.937059,0.66710275,0.5225221,-0.515991,0.12529208
0.69319963,-1.3243164,-15.224363,0.16495875,0.814588,0.3068641,0.46375588
0.9186436,-0.5181061,-14.937099,0.6670707,0.5225143,-0.51603377,0.12531848
0.6930088,-1.3230536,-15.224574,0.1648834,0.8144784,0.3067003,0.4640834
0.91755134,-0.5182948,-14.937128,0.6670802,0.52247053,-0.51605755,0.12535271
0.694481,-1.3236339,-15.2247505,0.16477747,0.8143342,0.30661643,0.4644293
0.9149038,-0.5184384,-14.937151,0.6671637,0.5224336,-0.5159856,0.1253579
0.6957056,-1.3241166,-15.224896,0.16471313,0.8141931,0.30650684,0.4647717
0.9128639,-0.5185491,-14.937168,0.66725004,0.5223203,-0.51601046,0.12526888
0.695092,-1.3228911,-15.225018,0.16458231,0.8141873,0.30607098,0.46511546
0.91291314,-0.51863533,-14.937182,0.6672438,0.52200055,-0.51629,0.12548243
0.696228,-1.3218522,-15.22512,0.16451162,0.81410694,0.30576006,0.4654855
0.91454,-0.51711726,-14.937193,0.66716504,0.52176064,-0.51662266,0.1255299
0.69890606,-1.3209654,-15.225207,0.164498,0.8139046,0.30540308,0.46607804
0.91764176,-0.5157827,-14.937202,0.6669615,0.5214096,-0.51723975,0.12552924
0.6994093,-1.3184819,-15.225281,0.16431804,0.81380475,0.30512145,0.4665002
0.9203374,-0.5163813,-14.93721,0.6667953,0.521031,-0.5178279,0.12555894
0.699824,-1.3181868,-15.225342,0.1642315,0.81363845,0.30493277,0.4669439
0.9207845,-0.5168739,-14.937218,0.6668005,0.5206664,-0.5182124,0.12545785
0.70016474,-1.3179442,-15.22539,0.16406561,0.8134401,0.3049248,0.46735275
0.9230046,-0.5172916,-14.937223,0.6667268,0.52010566,-0.51881385,0.12568852
0.70395523,-1.3195027,-15.227187,0.16384523,0.81277406,0.3050525,0.4685042
0.9229588,-0.51762784,-14.937228,0.66681427,0.519433,-0.5193467,0.12580614
0.7071329,-1.3190076,-15.228694,0.16350082,0.812248,0.30508626,0.4695137
0.9248038,-0.5197904,-14.937233,0.666851,0.5188758,-0.51980525,0.1260169
0.70976985,-1.3185968,-15.229943,0.16322528,0.8117823,0.30512786,0.47038722
0.9263219,-0.519643,-14.937236,0.6667851,0.51844245,-0.52029395,0.12613216
0.71193916,-1.318259,-15.230972,0.1628142,0.81132954,0.30511463,0.47131833
0.9275581,-0.51952296,-14.937239,0.6667633,0.51799786,-0.52072346,0.12630145
0.71371084,-1.3179829,-15.2318125,0.16245903,0.8106315,0.30521697,0.47257408
0.9285564,-0.519426,-14.937241,0.66674674,0.5176974,-0.52099496,0.12650122
0.7171735,-1.315772,-15.232515,0.162068,0.80997163,0.30522913,0.47383028
0.9274164,-0.5212449,-14.939135,0.6669519,0.51724863,-0.5211471,0.1266285
0.71795374,-1.3139924,-15.233081,0.16176662,0.8094667,0.30519292,0.47481847
0.9283766,-0.5208209,-14.940631,0.6669174,0.5170446,-0.5213544,0.12678996
0.72058624,-1.3145933,-15.235543,0.16161895,0.8089019,0.30530295,0.4757597
0.9311152,-0.5204656,-14.941884,0.66684353,0.5167713,-0.5216642,0.12701818
0.72065383,-1.3130591,-15.237485,0.16129877,0.8084632,0.30534443,0.47658655
0.9333705,-0.520173,-14.942916,0.666722,0.5165743,-0.5219678,0.12720983
0.7227602,-1.3118191,-15.239056,0.16107938,0.808015,0.30537295,0.47740188
0.9312806,-0.5218467,-14.943693,0.6668346,0.51637286,-0.5219942,0.1273295
0.72440934,-1.3128904,-15.240284,0.16109985,0.8075706,0.3054139,0.4781203
0.93148607,-0.5213235,-14.944286,0.66678405,0.51623607,-0.5221518,0.12750246
0.72572947,-1.3116721,-15.241267,0.16095553,0.8071839,0.3053806,0.4788426
0.93352073,-0.520884,-14.944785,0.66663885,0.5160977,-0.522454,0.12758425
0.726778,-1.3107046,-15.242048,0.16096693,0.80675393,0.30537984,0.47956336
0.93330276,-0.52053565,-14.945181,0.66660947,0.5159155,-0.5226314,0.12774786
0.727611,-1.3077971,-15.242669,0.1608016,0.8063872,0.30498198,0.48048794
0.9350057,-0.5202453,-14.945511,0.6665286,0.5155093,-0.5230384,0.12814328
0.72826165,-1.3076748,-15.243154,0.16092706,0.80609775,0.30465183,0.48114055
0.9345039,-0.5200181,-14.945768,0.6664969,0.51526415,-0.52327335,0.12833469
0.7309631,-1.307578,-15.243537,0.16105251,0.80577815,0.30446172,0.48175398
0.9341067,-0.51983833,-14.945972,0.666625,0.51497144,-0.523383,0.12839712
0.73535573,-1.3075011,-15.243841,0.16173866,0.8053236,0.30413076,0.4824926
0.93562126,-0.5196878,-14.946143,0.66648126,0.51459044,-0.52385753,0.12873545
0.73879254,-1.307441,-15.24408,0.16203603,0.80508244,0.30375403,0.48303235
0.9368733,-0.5195634,-14.946283,0.6662459,0.51431745,-0.5243589,0.12900284
0.739115,-1.3050843,-15.244261,0.16221988,0.80505604,0.30338103,0.48324898
0.93789136,-0.5213751,-14.946399,0.66621345,0.51410896,-0.52454245,0.12925538
0.7393612,-1.3032848,-15.244401,0.16250336,0.80515295,0.30256608,0.48350313
0.9387156,-0.52090836,-14.946491,0.66605926,0.5138022,-0.5250133,0.12935758
0.73954874,-1.3019143,-15.244507,0.1627783,0.8053399,0.3017481,0.48361048
0.9393773,-0.5224769,-14.946567,0.6660186,0.51348346,-0.5253026,0.12965786
0.73969126,-1.300873,-15.244587,0.16294928,0.80551916,0.30105013,0.48368937
0.9419663,-0.523788,-14.946629,0.66582394,0.5125392,-0.5263569,0.13011758
0.74218935,-1.3000691,-15.24465,0.1630262,0.80546343,0.3007227,0.4839598
0.9440572,-0.5227608,-14.946679,0.66562617,0.5118423,-0.527258,0.13022389
0.7416827,-1.2994697,-15.244696,0.16305822,0.80540323,0.30050898,0.48418185
0.94362193,-0.5219809,-14.946718,0.665637,0.5112059,-0.52785116,0.1302657
0.74370044,-1.2990112,-15.244731,0.16308062,0.8053054,0.30025485,0.48449457
0.94328654,-0.5213802,-14.946747,0.6656348,0.5108005,-0.528229,0.13033538
0.74518335,-1.301032,-15.244757,0.16308475,0.80507296,0.30026174,0.48487523
0.94302535,-0.5209122,-14.946771,0.66542345,0.51047665,-0.5287863,0.13042401
0.74631643,-1.3001889,-15.244777,0.16292532,0.804899,0.3001966,0.48525783
0.9448048,-0.52052677,-14.94679,0.6652093,0.51026225,-0.52921915,0.13059932
0.7495526,-1.301941,-15.244792,0.16297263,0.80469143,0.30019447,0.48558733
0.94624543,-0.52225244,-14.946805,0.6651137,0.510027,-0.5295164,0.1308005
0.74960065,-1.3008718,-15.244803,0.1626509,0.8044371,0.30025527,0.48607874
0.9473964,-0.52156526,-14.946816,0.6648472,0.51021147,-0.52962047,0.13101426
0.7520776,-1.3000509,-15.244811,0.16234174,0.80407965,0.3004544,0.48665
0.94830894,-0.52310663,-14.946826,0.664677,0.5102712,-0.5297548,0.13110153
0.7515107,-1.3018011,-15.244818,0.16225347,0.8038183,0.30059487,0.48702446
0.9490244,-0.5222261,-14.946834,0.66443956,0.5104662,-0.5298302,0.1312417
0.75345826,-1.3007679,-15.2448225,0.1620037,0.8035741,0.30077347,0.48740017
0.9517985,-0.523692,-14.94684,0.6641972,0.5105899,-0.5299279,0.13159251
0.75494504,-1.299979,-15.244825,0.1617842,0.8032686,0.30083564,0.4879378
0.9496774,-0.5226894,-14.946845,0.6642194,0.5107653,-0.5297404,0.13155472
0.7585792,-1.2993722,-15.244829,0.16145658,0.803043,0.3009331,0.48835745
0.95007247,-0.52391726,-14.946848,0.6642021,0.51087934,-0.5296358,0.13162006
0.7587816,-1.2989215,-15.244831,0.16127741,0.8028384,0.30110425,0.48864755
0.94849503,-0.5229685,-14.944976,0.6641983,0.511051,-0.5294865,0.13157384
0.75893176,-1.2960835,-15.244833,0.16094099,0.80268574,0.30117083,0.48896807
0.94907075,-0.52224296,-14.9435425,0.6641464,0.51125985,-0.5293193,0.13169703
0.756646,-1.2940784,-15.244834,0.16058332,0.80271673,0.30116743,0.48903683
0.94952416,-0.5216717,-14.944138,0.66406876,0.51146877,-0.5291824,0.13182741
0.75731474,-1.2949558,-15.244835,0.16044144,0.8023938,0.30115545,0.4896204
0.95171195,-0.5211819,-14.942848,0.664009,0.51183015,-0.528833,0.13212803
0.7578089,-1.2956043,-15.247161,0.15996468,0.80197316,0.30139858,0.49031553
0.94998306,-0.52080375,-14.943562,0.6640757,0.5118916,-0.52862287,0.13239503
0.7605426,-1.2961023,-15.248945,0.15991448,0.80155605,0.3014959,0.49095374
0.9502563,-0.52050835,-14.9441185,0.6640925,0.511895,-0.52856386,0.1325331
0.76025397,-1.2941339,-15.250286,0.15955742,0.8014614,0.30146164,0.49124527
0.94892955,-0.5218176,-14.944559,0.66423166,0.51182044,-0.52842826,0.13266441
0.7623891,-1.2949922,-15.251306,0.1597558,0.80113,0.30136147,0.49178252
0.95088214,-0.52137846,-14.944925,0.6640414,0.51176625,-0.5286121,0.13309292
0.7640084,-1.2956431,-15.252079,0.15979604,0.80097836,0.3011448,0.4921492
0.9495391,-0.5210276,-14.945217,0.664056,0.5116917,-0.5285973,0.13336541
0.7652527,-1.2937328,-15.252674,0.15937215,0.80101377,0.3002669,0.49276486
0.9484559,-0.5207446,-14.945453,0.6640089,0.5118608,-0.52834976,0.13393056
0.76619834,-1.2922809,-15.253125,0.15917183,0.8010628,0.29948136,0.49322772
0.95022154,-0.5205108,-14.945648,0.6638438,0.5120865,-0.52821624,0.13441172
0.76691294,-1.288706,-15.253467,0.1588478,0.80120254,0.2987633,0.49354073
0.949139,-0.5215832,-14.945807,0.6639613,0.5121468,-0.52794427,0.13467017
0.7650331,-1.2861447,-15.253711,0.15860654,0.8014209,0.29833105,0.49352527
0.9482458,-0.5212674,-14.945939,0.66400254,0.5122863,-0.5277188,0.13482015
0.7660299,-1.2841873,-15.253898,0.15859647,0.8014764,0.29791412,0.49369004
0.9486439,-0.52100486,-14.946048,0.6639959,0.51234615,-0.5276218,0.13500428
0.7667841,-1.2827064,-15.25404,0.15875848,0.8017433,0.29707682,0.49370918
0.9478937,-0.5207851,-14.946139,0.6640643,0.51227045,-0.5276286,0.13492844
0.76263267,-1.2816603,-15.254139,0.15883662,0.802052,0.29635864,0.49361423
0.9472613,-0.5205998,-14.946217,0.66415143,0.51215494,-0.52764034,0.13489203
0.7618747,-1.2809087,-15.254211,0.15896122,0.8022046,0.29576412,0.49368286
0.94672483,-0.52142054,-14.946282,0.6642907,0.51193994,-0.5276934,0.13481471
0.7613089,-1.2803477,-15.254265,0.15913412,0.8023711,0.2952907,0.49363995
0.94626707,-0.5211919,-14.946339,0.6643246,0.51174366,-0.5278621,0.13473308
0.7608743,-1.2799166,-15.254306,0.15936069,0.80243945,0.29487067,0.49370682
0.9458743,-0.5218783,-14.946387,0.66438764,0.5113939,-0.52813226,0.13469152
0.76053506,-1.2774296,-15.254337,0.15946679,0.8025521,0.2944202,0.49375835
0.94637376,-0.521632,-14.946428,0.664236,0.51117456,-0.5285242,0.13473438
0.7602706,-1.2754909,-15.254362,0.15951666,0.8026588,0.29399157,0.4938241
0.94680697,-0.52141845,-14.946465,0.66412514,0.51090395,-0.52891874,0.13475959
0.7600705,-1.2761317,-15.254381,0.15972099,0.80270946,0.29371986,0.49383745
0.9472122,-0.52121866,-14.946499,0.6640743,0.510684,-0.5291897,0.13477924
0.75991726,-1.2766225,-15.2543955,0.15984754,0.8027254,0.29353964,0.49387783
0.9467927,-0.5218168,-14.9465275,0.6641842,0.5103916,-0.5293282,0.13480149
0.7597988,-1.2770019,-15.254407,0.15990178,0.8026418,0.2935276,0.49400324
0.9464262,-0.5223394,-14.946553,0.66429764,0.51008457,-0.52945524,0.13490558
0.76176167,-1.2773038,-15.254416,0.16012126,0.8024459,0.29333797,0.49436295
0.94682163,-0.5228229,-14.946577,0.6643012,0.5098044,-0.5296718,0.1350972
0.7633182,-1.2775433,-15.254423,0.16020718,0.80234605,0.29336348,0.49448204
0.9480575,-0.5224994,-14.946602,0.664114,0.5096028,-0.53005934,0.13525806
0.7645476,-1.2777325,-15.254429,0.16051875,0.80209523,0.29324815,0.4948561
0.948373,-0.5230486,-14.946625,0.6640411,0.5090993,-0.53048736,0.13583301
0.7655154,-1.2778815,-15.254434,0.16071692,0.80188584,0.29322165,0.49514678
0.9486704,-0.52356625,-14.946648,0.6639193,0.5087205,-0.5308669,0.13636363
0.7662751,-1.2779984,-15.254437,0.16070496,0.80166656,0.29302543,0.49562168
0.94996446,-0.52409256,-14.94667,0.6637471,0.5081287,-0.5315333,0.13681193
0.76687014,-1.2780899,-15.254439,0.16065575,0.80146146,0.29292753,0.4960269
0.95123905,-0.5246109,-14.946691,0.66354835,0.50779796,-0.532012,0.13714327
0.7673414,-1.2760056,-15.256598,0.16051656,0.80135983,0.29266006,0.496394
0.95246065,-0.52510774,-14.946712,0.6634057,0.50739807,-0.5324855,0.1374746
0.767712,-1.2743665,-15.258296,0.16027205,0.8012369,0.2924068,0.49682048
0.95360446,-0.5255729,-14.946732,0.66327894,0.5071508,-0.5328648,0.13752893
0.77029073,-1.2730463,-15.259664,0.16012238,0.8010872,0.29210696,0.49728644
0.95611745,-0.5260244,-14.946751,0.6629814,0.5069993,-0.5333052,0.13781513
0.76998305,-1.272057,-15.258448,0.16001572,0.8009595,0.29213822,0.49750787
0.9554913,-0.5263908,-14.946766,0.6628977,0.506915,-0.5335015,0.13776837
0.7743978,-1.2712677,-15.257479,0.15965055,0.80035096,0.29235053,0.49847892
0.95631313,-0.5267177,-14.94678,0.66278917,0.5072996,-0.5331628,0.13818546
0.77784467,-1.2706513,-15.2567215,0.15943004,0.7998624,0.29253298,0.49922618
0.95700973,-0.5256283,-14.946792,0.66263866,0.5077872,-0.5328614,0.13827817
0.7757385,-1.2702123,-15.258464,0.15911984,0.79968596,0.29270452,0.49950722
0.95760393,-0.5246991,-14.946801,0.6626646,0.5080691,-0.53254664,0.1383312
0.77641976,-1.2675718,-15.259806,0.1589942,0.79946744,0.2926715,0.49991614
0.9595933,-0.5238498,-14.946811,0.66250324,0.5083025,-0.53251106,0.13838378
0.7792938,-1.2678719,-15.260843,0.15899853,0.79913265,0.2928274,0.5003585
0.959834,-0.5231372,-14.946817,0.662397,0.5086031,-0.5323688,0.13833489
0.7813602,-1.2703192,-15.259359,0.1591058,0.79891354,0.29302698,0.50055736
0.96003693,-0.52253634,-14.946823,0.6623148,0.50883174,-0.5322388,0.13838866
0.77982587,-1.2696986,-15.261281,0.1588143,0.79901385,0.29282,0.5006109
0.9578933,-0.5229286,-14.946833,0.6625971,0.5091576,-0.53158355,0.13835642
0.77955997,-1.2695067,-15.261876,0.15884122,0.79903454,0.2926087,0.5006931
0.9583122,-0.5236528,-14.946836,0.6626245,0.5093024,-0.531395,0.13841708
0.77936137,-1.2713162,-15.26232,0.1590824,0.79900765,0.292567,0.50068355
0.95866,-0.52310157,-14.94684,0.66256756,0.50946575,-0.5312833,0.13851686
0.77920884,-1.2708237,-15.262661,0.15906493,0.799079,0.29245096,0.5006432
0.95785594,-0.52264065,-14.946842,0.6625854,0.5096407,-0.5310944,0.13851298
0.77908635,-1.270428,-15.262935,0.15912078,0.7992271,0.29223943,0.50051266
0.9571791,-0.5222527,-14.946845,0.66264915,0.50974435,-0.5309061,0.13854815
0.7808374,-1.2719631,-15.263152,0.15937081,0.79922897,0.29200596,0.50056636
0.95660573,-0.522912,-14.946846,0.66274184,0.50984216,-0.5306677,0.13865826
0.78042406,-1.2713834,-15.261556,0.15948628,0.7993915,0.2918099,0.5003843
0.9570556,-0.5225354,-14.946847,0.66271037,0.5099764,-0.5305657,0.1387057
0.7818318,-1.2726569,-15.26201,0.15975374,0.79940265,0.29171357,0.50033724
0.9565495,-0.52310425,-14.946848,0.6628012,0.5100277,-0.53038675,0.13876674
0.77961826,-1.2719932,-15.260709,0.15976773,0.7996973,0.2914001,0.5000446
0.9569605,-0.5227474,-14.946849,0.6627771,0.510135,-0.53029966,0.13882026
0.7794489,-1.2714713,-15.2596855,0.15997961,0.8000478,0.2908486,0.49973717
0.9565118,-0.523243,-14.946851,0.6628376,0.5101598,-0.5302042,0.13880526
0.77782136,-1.2710564,-15.258873,0.16020733,0.8002966,0.29052562,0.49945363
0.9568857,-0.5229099,-14.946852,0.66283005,0.5101949,-0.5301884,0.13877276
0.7765153,-1.2707237,-15.25822,0.16032021,0.8005146,0.29026487,0.49921957
0.9572379,-0.5233785,-14.946853,0.6628446,0.51019514,-0.53015417,0.13883322
0.7768051,-1.270454,-15.257691,0.160502,0.80050254,0.290148,0.49924847
0.95757693,-0.52382964,-14.946854,0.662876,0.51009727,-0.53018445,0.13892746
0.7770418,-1.271514,-15.257259,0.16066508,0.80048436,0.29014012,0.49922967
0.95709264,-0.5242216,-14.946854,0.6629258,0.51004964,-0.530166,0.13893464
0.77723676,-1.2711709,-15.25812,0.16068515,0.80050737,0.2899851,0.4992765
0.95666987,-0.5238239,-14.946854,0.66293925,0.5099845,-0.53021705,0.13891456
0.77740085,-1.2708819,-15.258844,0.16064422,0.80036384,0.28987435,0.49958396
0.95700216,-0.5241781,-14.946854,0.6628721,0.50984377,-0.5304139,0.13900033
0.7764242,-1.2706409,-15.259449,0.16058967,0.8003162,0.28971893,0.49976787
0.9573087,-0.52380514,-14.946854,0.6627907,0.50967366,-0.53067076,0.13903207
0.7779077,-1.2691975,-15.26003,0.16052163,0.7999954,0.2893654,0.5005076
0.9575976,-0.5234536,-14.946854,0.66269,0.50930214,-0.53111255,0.13918632
0.77799284,-1.2691475,-15.260539,0.16055942,0.79974765,0.28930813,0.50092435
0.9578779,-0.52385783,-14.946854,0.66259825,0.5089224,-0.531534,0.13940287
0.7807123,-1.2691,-15.261022,0.16058806,0.7994361,0.28925917,0.5014405
0.95814806,-0.52424735,-14.946854,0.66249985,0.5085839,-0.5319328,0.13958488
0.781775,-1.2690575,-15.261454,0.16057925,0.7992061,0.28928593,0.50179446
0.95932907,-0.5246591,-14.946856,0.66237724,0.5083066,-0.5322727,0.13988085
0.78132194,-1.2676572,-15.261824,0.16048017,0.79910284,0.28920335,0.5020381
0.96048933,-0.5240935,-14.9468565,0.6622179,0.5080854,-0.5326126,0.14014468
0.78231853,-1.2678231,-15.262149,0.16048713,0.79888284,0.28926027,0.50235313
0.96056265,-0.52455705,-14.9468565,0.6621767,0.50793606,-0.5327704,0.14028089
0.78312796,-1.269282,-15.262412,0.1605103,0.7987017,0.28943953,0.50253034
0.96062887,-0.5249758,-14.9468565,0.662184,0.50775737,-0.5329238,0.14031096
0.7838443,-1.2692139,-15.262646,0.16038433,0.7985628,0.289553,0.502726
0.9606887,-0.525354,-14.9468565,0.6621203,0.50760573,-0.5331269,0.14038889
0.78594387,-1.2691518,-15.262858,0.16019285,0.798411,0.28964195,0.50297683
0.9607428,-0.5256957,-14.9468565,0.66209453,0.5074679,-0.53327715,0.14043769
0.7862865,-1.2690985,-15.2630415,0.16011734,0.7983251,0.2896846,0.5031127
0.9607915,-0.526004,-14.9468565,0.6620999,0.5073585,-0.5333719,0.14044753
0.78657997,-1.2690527,-15.263199,0.16001911,0.7982706,0.2897722,0.50318
0.9608355,-0.5262821,-14.9468565,0.6620772,0.5072457,-0.53350353,0.14046253
0.78683054,-1.2690136,-15.263332,0.1598651,0.7981859,0.2897762,0.50336105
0.9619829,-0.526556,-14.9468565,0.6620012,0.50710624,-0.53372157,0.14049579
0.7886171,-1.2689791,-15.263451,0.15978599,0.7981034,0.2896807,0.50357187
0.96189535,-0.526796,-14.9468565,0.6619918,0.50699705,-0.5338015,0.14063074
0.7902119,-1.26728,-15.2635565,0.15958507,0.79803747,0.28963467,0.50376636
0.9618184,-0.52700686,-14.9468565,0.66195714,0.50701743,-0.533798,0.14073353
0.7915987,-1.2658026,-15.263649,0.1595155,0.7978615,0.28963217,0.50406855
0.9629195,-0.5272098,-14.9468565,0.6618558,0.50698084,-0.5339277,0.14084968
0.79100823,-1.2663227,-15.2637205,0.1593807,0.7977875,0.28974095,0.5041659
0.9627213,-0.5262627,-14.9468565,0.6618376,0.5069822,-0.5339589,0.1408121
0.7922395,-1.2650307,-15.2637825,0.15917479,0.797503,0.28966445,0.5047246
0.9636903,-0.52655023,-14.9468565,0.661699,0.50699216,-0.53407377,0.1409921
0.79328555,-1.2639331,-15.263836,0.15893994,0.79733616,0.28955862,0.5051227
0.9646012,-0.5268205,-14.946857,0.66161317,0.5069377,-0.53417534,0.14120543
0.7941604,-1.2630152,-15.263879,0.15885627,0.7972327,0.2892954,0.50546306
0.9654406,-0.5270695,-14.946857,0.66152596,0.5069351,-0.53425306,0.14132933
0.7948485,-1.264107,-15.263913,0.15895307,0.7969853,0.2892417,0.5058534
0.96489894,-0.5272742,-14.946857,0.6615451,0.5069264,-0.5341534,0.14164701
0.7954191,-1.2631584,-15.263942,0.15854146,0.79699826,0.28914246,0.50601876
0.9644503,-0.5274437,-14.946857,0.66163653,0.506962,-0.5339493,0.1418623
0.79474485,-1.2635459,-15.263981,0.15845942,0.7970413,0.28892708,0.5060997
0.964769,-0.5277249,-14.946857,0.6616433,0.5072383,-0.53355145,0.1423389
0.7952681,-1.2644439,-15.263995,0.15854211,0.79707134,0.28887355,0.50605714
0.96436614,-0.5278317,-14.946857,0.6616197,0.5074257,-0.53334486,0.14255464
0.7957115,-1.263526,-15.264007,0.15867847,0.79714483,0.2886231,0.5060416
0.96402675,-0.52688694,-14.946857,0.66153204,0.5075927,-0.53332365,0.14244673
0.7960843,-1.2627543,-15.264016,0.1586652,0.79728854,0.28848177,0.50589997
0.963739,-0.527069,-14.946857,0.66154075,0.50768095,-0.53323984,0.14240472
0.79475087,-1.2621517,-15.264024,0.15866706,0.797527,0.2881748,0.5056983
0.96442735,-0.5262905,-14.946857,0.6614479,0.50771636,-0.5333552,0.1422783
0.7952647,-1.2616534,-15.2640295,0.15873282,0.79764014,0.2879501,0.5056273
0.96503633,-0.52560186,-14.946857,0.66133004,0.5077533,-0.5334792,0.14222902
0.794478,-1.2608982,-15.26404,0.15907264,0.79771465,0.28765902,0.5055687
0.96519506,-0.5253048,-14.946857,0.6612534,0.5076553,-0.5336854,0.14216189
0.7935058,-1.2606338,-15.264044,0.15919514,0.79770505,0.2874859,0.50564355
0.96484214,-0.5247508,-14.946857,0.66118896,0.5075952,-0.53383297,0.14212242
0.794157,-1.2604151,-15.264046,0.15929942,0.7976678,0.28737918,0.5057302
0.96535546,-0.5250869,-14.946857,0.6611637,0.5074935,-0.5339559,0.14214092
0.79472226,-1.260225,-15.264048,0.1593126,0.79761297,0.28727844,0.50586975
0.9658438,-0.52454835,-14.946857,0.6611006,0.50744903,-0.53407377,0.14215009
0.79376185,-1.2600727,-15.2640505,0.15933903,0.7976611,0.28719836,0.505831
0.965451,-0.52489763,-14.946857,0.66109115,0.50734764,-0.5341545,0.1422531
0.79435533,-1.259943,-15.264051,0.15936588,0.7975429,0.28734434,0.505926
0.9651096,-0.5252014,-14.946857,0.6610663,0.5072591,-0.53425807,0.14229548
0.7948364,-1.2611777,-15.264052,0.15951315,0.79741204,0.28752288,0.50598437
0.965563,-0.52547634,-14.946857,0.6610257,0.5071728,-0.5343728,0.14236094
0.796583,-1.2622359,-15.264054,0.15959385,0.79720414,0.28761747,0.5062328
0.96694136,-0.52488124,-14.946857,0.6609529,0.5070498,-0.53455657,0.1424468
0.79675823,-1.2604235,-15.264055,0.15944423,0.7972348,0.287469,0.5063159
0.96643704,-0.52521455,-14.946857,0.6610321,0.5069026,-0.5345939,0.14246358
0.7969008,-1.261563,-15.264056,0.15950081,0.7971634,0.28756076,0.50635827
0.96681786,-0.5255142,-14.946857,0.66104347,0.5067976,-0.5346566,0.14254889
0.7970179,-1.2624981,-15.264057,0.15959103,0.79713124,0.2876342,0.50633883
0.9671839,-0.52580214,-14.946857,0.6610903,0.5066734,-0.5346983,0.1426162
0.7971191,-1.2608405,-15.264057,0.15959786,0.7972068,0.28738827,0.5063575
0.96666574,-0.52521664,-14.946857,0.6610388,0.5067542,-0.53469384,0.14258465
0.7972081,-1.2606267,-15.264057,0.1596529,0.79720265,0.28719863,0.5064542
0.96700865,-0.52470875,-14.946857,0.66092217,0.5067181,-0.5348827,0.14254558
0.7972863,-1.2604389,-15.264057,0.15967666,0.7972191,0.28708693,0.5064842
0.9673185,-0.52424973,-14.946857,0.66076237,0.5067023,-0.53509986,0.14252755
0.79869705,-1.2602649,-15.264057,0.15963444,0.79719675,0.2869534,0.5066084
0.96684766,-0.52384907,-14.946857,0.6607769,0.50658923,-0.53517836,0.14256705
0.79997814,-1.2601067,-15.264057,0.15967281,0.7971551,0.28685614,0.50671685
0.96713907,-0.52420205,-14.946857,0.6608022,0.50643754,-0.5352476,0.14272873
0.79967517,-1.26132,-15.264057,0.15972556,0.7971615,0.2868815,0.5066756
0.96672654,-0.5245128,-14.946857,0.6608452,0.50637054,-0.53526264,0.14271088
0.79942745,-1.2610375,-15.264057,0.15953225,0.7971462,0.28677052,0.50682354
0.9669991,-0.52478915,-14.946857,0.66082317,0.50635195,-0.53526,0.14288872
0.79922205,-1.2608031,-15.264057,0.15943523,0.79711056,0.2867163,0.5069408
0.96726847,-0.5250622,-14.946857,0.66073704,0.5063103,-0.5353362,0.14314927
0.7990516,-1.2617661,-15.264057,0.15946057,0.79709977,0.28669387,0.50696254
0.9675326,-0.5253298,-14.946857,0.6606811,0.5062827,-0.5353864,0.14331676
0.7989078,-1.2603577,-15.264057,0.15933844,0.7970996,0.28658083,0.5070651
0.96777886,-0.5248604,-14.946857,0.66059,0.5062565,-0.53548646,0.14345574
0.7997532,-1.26105,-15.264057,0.15949081,0.79692787,0.28634852,0.5074182
0.9682441,-0.5254417,-14.946857,0.6604922,0.5062225,-0.535517,0.14391138
0.7995403,-1.2608464,-15.264057,0.15946496,0.79697317,0.2861721,0.50745475
0.9684521,-0.52492714,-14.946857,0.6604647,0.5062527,-0.5355112,0.14395262
0.79935455,-1.2606688,-15.264057,0.15938425,0.7970351,0.2861468,0.5073971
0.96864897,-0.52523744,-14.946857,0.6604868,0.50623035,-0.5354691,0.14408645
0.7991918,-1.2605132,-15.264057,0.15946102,0.7970125,0.28607708,0.5074477
0.9688327,-0.5263382,-14.946857,0.66054714,0.506177,-0.53540814,0.14422372
0.79904956,-1.2603772,-15.265044,0.15941684,0.79703736,0.28597277,0.50748134
0.96899515,-0.5257441,-14.946857,0.66038996,0.50626886,-0.53548694,0.14432858
0.7989283,-1.261199,-15.264948,0.15960084,0.79703087,0.28599674,0.5074202
0.96914834,-0.52598876,-14.946857,0.66045445,0.5062464,-0.53541905,0.14436442
0.7988244,-1.2619034,-15.264866,0.15977551,0.7971081,0.2859159,0.5072894
0.9685174,-0.5254374,-14.946857,0.660479,0.5063645,-0.5352865,0.14432882
0.79788864,-1.2616645,-15.265641,0.15983486,0.7972582,0.28578103,0.5071109
0.9686917,-0.5249553,-14.946857,0.6604391,0.50651646,-0.53518873,0.14434135
0.7978818,-1.2614573,-15.266313,0.15985554,0.79740393,0.28564954,0.5069492
0.96884483,-0.52522165,-14.946857,0.6604811,0.50661665,-0.5350097,0.14446081
0.7978759,-1.2620409,-15.266134,0.16002987,0.79741555,0.28564394,0.5068791
0.9689832,-0.5254624,-14.946857,0.6604977,0.50676435,-0.5348057,0.14462195
0.79787064,-1.2611,-15.266704,0.16000636,0.7975001,0.2855088,0.50682974
0.9691099,-0.52502143,-14.946857,0.6604582,0.5069647,-0.53461933,0.14478958
0.797866,-1.2609608,-15.267211,0.16005996,0.79753107,0.28541595,0.5068164
0.9685936,-0.5246314,-14.946857,0.6604706,0.5072422,-0.53430676,0.14491487
0.7978615,-1.2608268,-15.267699,0.16012004,0.79753,0.2854476,0.5067813
0.9681352,-0.524882,-14.946857,0.66054016,0.5074953,-0.5339359,0.14507833
0.79716754,-1.2607093,-15.267438,0.16012925,0.7975796,0.28552055,0.5066592
0.9677268,-0.5245383,-14.946857,0.66054785,0.5077912,-0.53361744,0.14517964
0.7965556,-1.2606056,-15.267208,0.16010721,0.797662,0.28558138,0.50650203
0.9673617,-0.5242309,-14.946857,0.66056365,0.5080923,-0.5332768,0.14530617
0.7960139,-1.2611365,-15.267627,0.16007903,0.79772437,0.2856005,0.50640196
0.9670343,-0.5244671,-14.946857,0.66063344,0.50834984,-0.5328992,0.14547318
0.7955326,-1.2610166,-15.267407,0.16003117,0.7978044,0.28553244,0.50632936
0.9662536,-0.5246796,-14.946857,0.66067636,0.5087582,-0.5324101,0.14564171
0.79510355,-1.2609097,-15.267211,0.160018,0.79788184,0.28543422,0.50626683
0.96601135,-0.5248712,-14.946857,0.66065556,0.50914997,-0.53201675,0.1458041
0.7952537,-1.2613481,-15.267036,0.16002207,0.7979178,0.2853756,0.50624204
0.9653535,-0.5250445,-14.946857,0.6606643,0.50948995,-0.53163916,0.14595358
0.7953884,-1.2607269,-15.267386,0.15993847,0.79792464,0.28531796,0.5062902
0.9651739,-0.52478474,-14.946857,0.66058123,0.5100314,-0.53112626,0.14630578
0.79550964,-1.2606498,-15.26722,0.15988714,0.7979274,0.28533778,0.50629085
0.9646146,-0.5249447,-14.946857,0.6605994,0.5105041,-0.53056383,0.1466153
0.79516125,-1.2605803,-15.26707,0.15978584,0.79795015,0.28538337,0.50626117
0.9644815,-0.5250904,-14.946857,0.6605626,0.51095414,-0.5300487,0.14707598
0.79484606,-1.2605174,-15.266933,0.15973878,0.797931,0.28542858,0.5062807
0.96400255,-0.52522343,-14.946857,0.6604965,0.51131034,-0.52967054,0.14749692
0.79456013,-1.2608736,-15.26681,0.15977378,0.79790103,0.2854972,0.5062783
0.96390396,-0.5253451,-14.946857,0.660377,0.51156485,-0.52947325,0.1478573
0.7946927,-1.2608048,-15.266698,0.1597341,0.7978687,0.28549838,0.506341
0.96349114,-0.52513397,-14.946857,0.66032696,0.51182455,-0.5292193,0.14809096
0.7951864,-1.261115,-15.266595,0.15968366,0.79767644,0.28564495,0.5065772
0.9637249,-0.5252466,-14.946857,0.66014665,0.5119657,-0.5291891,0.14851426
0.79528296,-1.2610439,-15.266856,0.15954792,0.7975676,0.28575894,0.50672704
0.96364886,-0.5253502,-14.946857,0.6601206,0.5120197,-0.5290927,0.14878699
0.79537135,-1.2606425,-15.267094,0.1594003,0.7974612,0.28580928,0.50691247
0.96357876,-0.52544564,-14.946857,0.6601309,0.5120635,-0.5289976,0.14892891
0.79545236,-1.2609138,-15.267312,0.15928261,0.79742074,0.28589436,0.5069652
0.9635141,-0.52553374,-14.946857,0.6600739,0.51213294,-0.5289889,0.14897333
0.79552674,-1.261163,-15.267209,0.15924786,0.7973683,0.28592235,0.5070428
0.96320474,-0.5256151,-14.946857,0.6601171,0.51212966,-0.5289624,0.14888717
0.7953841,-1.2610492,-15.267027,0.15927374,0.79739785,0.28577006,0.50707406
0.9628785,-0.52552855,-14.946857,0.66004914,0.5119396,-0.52924794,0.14882794
0.79544973,-1.2609987,-15.267206,0.15934777,0.79745245,0.28558928,0.5070668
0.962841,-0.5255993,-14.946857,0.6600403,0.51175165,-0.5294485,0.14879978
0.79526305,-1.2611996,-15.267126,0.15952061,0.7975208,0.2854559,0.50698
0.9628013,-0.52567405,-14.946857,0.66003525,0.51152825,-0.5296781,0.14877293
0.7950902,-1.2611504,-15.267285,0.15967837,0.7975942,0.285286,0.50691056
0.96275955,-0.5257527,-14.946857,0.6600781,0.5112916,-0.52983373,0.14884208
0.79493004,-1.2611048,-15.267433,0.15983827,0.797639,0.2851547,0.50686353
0.9623727,-0.52585375,-14.946857,0.6601553,0.51111025,-0.52990377,0.14887372
0.7947814,-1.2610625,-15.2675705,0.16002236,0.79770935,0.28500766,0.5067774
0.9623305,-0.5259562,-14.946857,0.6602011,0.51093286,-0.5300094,0.14890365
0.7946404,-1.2610226,-15.2677,0.16013134,0.7977979,0.28488338,0.50667346
0.96228784,-0.52605975,-14.946857,0.6602488,0.51076484,-0.530085,0.14899954
0.79448014,-1.2609769,-15.26785,0.16025424,0.7978684,0.28478375,0.5065795
0.9617817,-0.52618325,-14.946857,0.66033024,0.5106422,-0.53008926,0.14904407
0.79457414,-1.2609265,-15.268014,0.1604037,0.7979191,0.28467593,0.50651294
0.96175456,-0.5263016,-14.947316,0.6603673,0.5105354,-0.5301198,0.14913648
0.7943697,-1.2608707,-15.268196,0.1605241,0.7979755,0.28460008,0.5064287
0.9617281,-0.52641726,-14.947294,0.6604107,0.5104802,-0.53011596,0.14914647
0.7941461,-1.2608099,-15.268394,0.16062611,0.7980563,0.28452244,0.50631267
0.9617022,-0.5265299,-14.947273,0.66046953,0.51046526,-0.53003556,0.14922315
0.7934985,-1.2607424,-15.268614,0.16070686,0.7981684,0.28442103,0.5061673
0.9616772,-0.5266395,-14.947744,0.66053843,0.51044446,-0.5299582,0.14926405
0.79277545,-1.2606671,-15.268859,0.16080178,0.79825354,0.28436342,0.50603515
0.9616524,-0.5267478,-14.948211,0.6605617,0.5104893,-0.5298859,0.14926462
0.79256445,-1.2605991,-15.268638,0.16097592,0.79830676,0.28421938,0.5059768
0.96211785,-0.5263575,-14.948142,0.6604365,0.5105723,-0.5299789,0.1492046
0.7918521,-1.2600375,-15.268405,0.16106965,0.79843545,0.28400177,0.50586605
0.9625375,-0.5264688,-14.94808,0.6603591,0.5105874,-0.53005385,0.14922924
0.7921403,-1.2604617,-15.268194,0.16122632,0.7984077,0.2838845,0.50592583
0.96291703,-0.5265695,-14.948024,0.6602839,0.5104573,-0.5302005,0.14948626
0.79240084,-1.2608452,-15.268004,0.16135642,0.79833364,0.283766,0.5060677
0.963261,-0.52624255,-14.947973,0.6602562,0.51026845,-0.53034407,0.14974342
0.7930569,-1.260773,-15.267832,0.16136079,0.7982261,0.2836896,0.5062787
0.96357363,-0.52674,-14.947927,0.66024363,0.51001096,-0.53049326,0.15014708
0.793254,-1.2607071,-15.267676,0.1613378,0.79815125,0.28353262,0.5064919
0.96348095,-0.52681565,-14.9478855,0.66024655,0.5097776,-0.53061014,0.15051335
0.79343355,-1.2606473,-15.267534,0.16126475,0.79796165,0.28354868,0.50680476
0.9633963,-0.5268847,-14.947846,0.66017735,0.50946915,-0.53085536,0.15099607
0.7944363,-1.2608848,-15.267285,0.16119753,0.7975597,0.28371215,0.5073671
0.9642299,-0.52732927,-14.94778,0.6599322,0.508823,-0.5314787,0.15205002
0.7948751,-1.2605026,-15.267176,0.16112086,0.79737586,0.2837743,0.50764555
0.96444076,-0.52737206,-14.94775,0.6598242,0.508564,-0.53173125,0.15250163
0.7952779,-1.2604604,-15.2670765,0.16114159,0.7971585,0.28389817,0.507911
0.9646701,-0.52810895,-14.947719,0.659774,0.5082243,-0.5319788,0.15298705
0.7953551,-1.261008,-15.266985,0.16133045,0.7968363,0.28458196,0.50797397
0.9645178,-0.528557,-14.948105,0.6596815,0.5081819,-0.53209776,0.15311281
0.79542613,-1.2615124,-15.2669,0.16158557,0.7965291,0.28520718,0.50802386
0.9643429,-0.5290716,-14.948548,0.65960985,0.50818133,-0.53219616,0.15308128
0.7954917,-1.2622423,-15.266822,0.1618708,0.7962623,0.28579947,0.5080186
0.9647477,-0.5296467,-14.949043,0.6595345,0.50826234,-0.53222114,0.15305035
0.79580367,-1.2629167,-15.266749,0.16214998,0.7959853,0.2863763,0.5080388
0.9644957,-0.53026223,-14.949573,0.65951496,0.50830185,-0.53222334,0.1529958
0.7961394,-1.2636425,-15.266394,0.1625522,0.7956091,0.28724384,0.5080097
0.96424496,-0.53087455,-14.949365,0.6594075,0.50868565,-0.5320674,0.1527255
0.7969371,-1.2672455,-15.265749,0.16364123,0.7946553,0.28936163,0.50795114
0.96447384,-0.53206146,-14.948963,0.65915513,0.50929844,-0.53191966,0.15228619
0.79783386,-1.2698455,-15.264783,0.1642979,0.79412,0.29043746,0.50796235
0.964179,-0.53262365,-14.948773,0.659121,0.5095173,-0.53183,0.15201506
0.8000306,-1.2741256,-15.263599,0.1650951,0.79352444,0.29143083,0.50806576
0.9638978,-0.53315973,-14.948591,0.6590274,0.5097248,-0.5318072,0.15180494
0.80100363,-1.2772223,-15.262395,0.1658256,0.7930673,0.29220927,0.5080945
0.9645216,-0.53275514,-14.948436,0.6588805,0.509878,-0.53187597,0.15168686
0.80198395,-1.2818108,-15.261181,0.1666278,0.7926655,0.29287037,0.5080784
0.96508324,-0.53324735,-14.948295,0.6587903,0.51000047,-0.53188276,0.15164292
0.80294365,-1.2880003,-15.259992,0.1675226,0.7921719,0.29358658,0.5081406
0.96561974,-0.5337175,-14.948161,0.65868676,0.5101036,-0.5319119,0.15164375
0.80565554,-1.291706,-15.258925,0.16847005,0.7916769,0.29407212,0.50831807
0.96612823,-0.5341631,-14.948034,0.6585562,0.510205,-0.5319838,0.15161745
0.8060133,-1.2948592,-15.258018,0.16931866,0.79133326,0.29456112,0.5082881
0.96567214,-0.5336531,-14.947926,0.6584514,0.5102961,-0.5320356,0.15158445
0.80849874,-1.301991,-15.257213,0.17046452,0.7908782,0.29508054,0.508312
0.965279,-0.5340609,-14.947831,0.6583719,0.5103624,-0.5320691,0.15158881
0.813069,-1.3105788,-15.251675,0.17370588,0.78984463,0.29567388,0.508477
0.9657884,-0.5344484,-14.947742,0.65828013,0.5103198,-0.53218627,0.1517192
0.8213721,-1.3461158,-15.236948,0.18074164,0.7874913,0.29627836,0.50932217
0.9668564,-0.53729886,-14.947556,0.6581478,0.5101999,-0.5323542,0.15210727
0.82680273,-1.3705145,-15.225798,0.1836812,0.7863397,0.296611,0.50985587
0.9674138,-0.5401361,-14.947458,0.6581335,0.5101063,-0.5324204,0.15225154
0.8342337,-1.3870677,-15.218232,0.1856627,0.7854186,0.2968312,0.5104295
0.96787745,-0.53988373,-14.947377,0.65800256,0.5100858,-0.5325735,0.15235022
0.83917797,-1.4185071,-15.209113,0.1890294,0.7839392,0.29811803,0.51071787
0.96830446,-0.5410438,-14.947302,0.65794504,0.5099742,-0.5327422,0.15238294
0.8378796,-1.4416728,-15.203632,0.19086502,0.78308094,0.29927394,0.510676
0.96725744,-0.54205483,-14.947236,0.65796745,0.50985074,-0.5328437,0.15234421
0.84177005,-1.5026052,-15.200294,0.1921463,0.78101575,0.30066666,0.51253664
0.9662824,-0.54454666,-14.948727,0.6581157,0.50975263,-0.53278476,0.15223855
0.8389321,-1.5504682,-15.193538,0.19338052,0.7795225,0.30148986,0.5138605
0.9654029,-0.54679453,-14.95007,0.6583199,0.50966,-0.5326653,0.1520837
0.84265584,-1.5901912,-15.190115,0.19424549,0.77844703,0.30216113,0.5147695
0.96276385,-0.5506801,-14.951294,0.6585176,0.5095783,-0.5325277,0.15198326
0.8497422,-1.6197457,-15.188484,0.19492067,0.7775585,0.3023256,0.5157596
0.9624564,-0.5520327,-14.95232,0.65867454,0.5095178,-0.532423,0.15187274
0.84752035,-1.6720476,-15.187727,0.19456723,0.77676594,0.30233902,0.51707786
0.96217746,-0.5575731,-14.953252,0.65887535,0.5093771,-0.5323229,0.15182392
0.8465519,-1.7117401,-15.193028,0.19403788,0.77610767,0.30238858,0.51823497
0.9641811,-0.5597841,-14.953999,0.6589925,0.5092534,-0.5323051,0.15179339
0.84613746,-1.7694651,-15.195297,0.19273816,0.77528775,0.3019303,0.5202105
0.96125424,-0.5614898,-14.954575,0.6591647,0.50907695,-0.5322796,0.15172663
0.85194445,-1.8167459,-15.196216,0.1920842,0.7743606,0.3017294,0.52194697
0.96124434,-0.56283206,-14.955028,0.65931195,0.508863,-0.5323044,0.15171792
0.84811866,-1.8469683,-15.1965685,0.19138569,0.77386874,0.3012498,0.52320856
0.9612367,-0.56387365,-14.9553795,0.6594175,0.50866914,-0.5323598,0.1517151
0.8405557,-1.882817,-15.196701,0.19102685,0.7734099,0.30087006,0.5242358
0.9612309,-0.56467336,-14.955649,0.6595143,0.50845546,-0.53244525,0.1517103
0.8502377,-1.920986,-15.19675,0.19093232,0.7727812,0.3005671,0.5253698
0.96368283,-0.5677541,-14.955859,0.65958834,0.50821954,-0.5325712,0.15173702
0.8473673,-1.9534975,-15.196767,0.19089684,0.7723721,0.3000638,0.5262712
0.9655582,-0.5701103,-14.95602,0.6596623,0.5079699,-0.5327009,0.15179577
0.8463706,-1.983949,-15.196773,0.1908301,0.7720168,0.29985106,0.52693766
0.961939,-0.5718262,-14.956138,0.6597779,0.50766593,-0.5328375,0.15183094
0.8460316,-2.020199,-15.1967745,0.19074176,0.77176505,0.2998048,0.5273646
0.9642392,-0.573095,-14.956224,0.659848,0.50728846,-0.53307027,0.1519712
0.85899776,-2.05177,-15.196775,0.19062042,0.77142256,0.2998457,0.527886
0.9659445,-0.57403564,-14.956288,0.65986794,0.50687546,-0.53339666,0.15211709
0.8631972,-2.0884912,-15.196775,0.19050981,0.7711378,0.30002865,0.528238
0.96720976,-0.57473356,-14.956337,0.6599263,0.5064061,-0.53372484,0.15227635
0.8715876,-2.2968209,-15.196775,0.18805471,0.77087605,0.30093002,0.52898645
0.96816534,-0.57780147,-14.953832,0.66001177,0.50569624,-0.5341689,0.15270722
0.87396127,-2.5314853,-15.204099,0.18517032,0.7704146,0.30167115,0.5302526
0.9688799,-0.58009535,-14.951959,0.6601137,0.5048272,-0.5346947,0.15330037
0.8745351,-2.6253567,-15.205869,0.1831648,0.77012235,0.30220523,0.5310689
0.97197837,-0.5817695,-14.950592,0.66021556,0.5040697,-0.53512675,0.15384583
0.88215214,-2.6767867,-15.206274,0.18159564,0.7698236,0.3025438,0.53184754
0.9716846,-0.5804854,-14.95209,0.6602942,0.50347763,-0.53548414,0.1542033
0.9069522,-2.9114757,-15.214055,0.17961445,0.7695001,0.30222368,0.5331689
0.9739071,-0.58197206,-14.953203,0.6603148,0.5025492,-0.53618276,0.15471523
0.91191226,-2.996862,-15.215611,0.17825909,0.769301,0.3018065,0.53414655
0.9755851,-0.5830944,-14.954042,0.66038823,0.5016969,-0.5367708,0.1551283
0.91290426,-3.0523877,-15.215923,0.17736642,0.7690906,0.30140686,0.5349717
0.9768439,-0.5839364,-14.954673,0.6603361,0.5009136,-0.53743356,0.15558635
0.92848206,-3.5633235,-15.239054,0.17579108,0.76896167,0.3000387,0.5364441
0.98037034,-0.58714515,-14.952587,0.6599971,0.49932203,-0.53888637,0.15710808
0.93159765,-3.6962695,-15.24368,0.17451134,0.7689473,0.29885116,0.53754425
0.98301643,-0.5895528,-14.951021,0.65978,0.49802548,-0.5399704,0.15840758
0.93222076,-3.7689972,-15.244606,0.17364445,0.7689084,0.29802445,0.5383391
0.9849741,-0.59133404,-14.949863,0.65944093,0.49706477,-0.540966,0.15943667
0.94003505,-3.9604058,-15.2524805,0.17290016,0.769052,0.29706714,0.53890234
0.9890775,-0.59262425,-14.949024,0.65893584,0.49604374,-0.54204977,0.16101635
0.94928765,-4.0448256,-15.254055,0.17237133,0.76914144,0.2962204,0.53941005
0.9920503,-0.59355897,-14.948417,0.6586438,0.495334,-0.5426898,0.16223611
0.95113814,-4.1078477,-15.262059,0.17200266,0.7692635,0.29539594,0.5398056
0.99419916,-0.5942346,-14.947978,0.6584955,0.494801,-0.5431144,0.16304138
0.9515082,-4.243488,-15.27135,0.17163143,0.7695516,0.29433978,0.54008996
0.9930487,-0.5947107,-14.947668,0.65856594,0.49433658,-0.5431441,0.16406359
0.95927197,-4.3244433,-15.273209,0.17138915,0.76973045,0.2935273,0.5403541
0.9949623,-0.5978514,-14.947434,0.6585244,0.49397528,-0.5432085,0.16510218
0.953135,-4.379083,-15.273581,0.17112714,0.7699743,0.29274857,0.54051214
0.99360716,-0.5973275,-14.947276,0.65856975,0.49366787,-0.54327106,0.16563351
0.95959735,-4.4361496,-15.273654,0.17089398,0.7702124,0.291992,0.540656
0.99521995,-0.5969611,-14.949726,0.65856093,0.493468,-0.54330915,0.16613898
0.9608898,-4.486011,-15.28136,0.17062525,0.77045715,0.29122898,0.5408036
0.9938364,-0.59926313,-14.94896,0.65883225,0.49307805,-0.54318476,0.16662703
0.96883804,-4.5498114,-15.282901,0.17055063,0.7706098,0.2905242,0.54098874
0.9954243,-0.6009807,-14.951008,0.6588632,0.49292812,-0.5431589,0.16703193
0.97042763,-4.5933304,-15.283209,0.17035909,0.7708017,0.2897803,0.54117465
0.9939799,-0.6022124,-14.9524765,0.65916353,0.49277073,-0.5429073,0.1671294
0.96305585,-4.655862,-15.283271,0.17019878,0.77102095,0.2891475,0.54125124
0.99543035,-0.60061413,-14.953497,0.6589564,0.4927563,-0.54313546,0.16724716
0.9692712,-4.699127,-15.290973,0.16992678,0.77119756,0.28850877,0.54142594
0.9940848,-0.60185194,-14.954241,0.6590248,0.49262854,-0.5431314,0.16736738
0.98589367,-4.9692297,-15.307892,0.16955987,0.7713713,0.28707957,0.5420527
0.9954096,-0.60045034,-14.954772,0.658462,0.49239317,-0.5439114,0.16774139
0.9892181,-5.1078377,-15.318965,0.16905057,0.77158654,0.2855225,0.54272753
0.99641436,-0.6016588,-14.952903,0.6581108,0.49208263,-0.5445354,0.16800663
0.98988307,-5.443147,-15.328871,0.16810924,0.7721406,0.2835268,0.54327786
0.99947983,-0.6025898,-14.951463,0.6579324,0.4910494,-0.54561305,0.16823165
0.9823263,-5.5563474,-15.338541,0.16722228,0.77271247,0.28174937,0.543663
1.0018373,-0.60330576,-14.950356,0.6578328,0.4903265,-0.5463917,0.16820267
0.980815,-5.617436,-15.348165,0.16621517,0.77336,0.27996457,0.54397315
1.0013192,-0.60384345,-14.949523,0.6577862,0.49005067,-0.5467617,0.1679866
0.9728231,-5.768068,-15.357779,0.1651679,0.7740635,0.27831328,0.54413885
1.0032263,-0.604256,-14.948885,0.65751547,0.48974243,-0.5474056,0.16784775
0.9635349,-5.844332,-15.359702,0.16423117,0.7747877,0.2768437,0.54414135
1.0046037,-0.6023646,-14.948424,0.65721864,0.48955956,-0.5479355,0.16781487
0.9616773,-5.951862,-15.360086,0.16333257,0.7753772,0.27554038,0.5442337
1.0056584,-0.6030871,-14.948071,0.6569873,0.4892475,-0.5484136,0.16806917
0.9536161,-6.019506,-15.367853,0.16254725,0.77586955,0.2743313,0.5443779
1.0043489,-0.603628,-14.947806,0.6569474,0.48909816,-0.54860616,0.16803113
0.95969355,-6.0791726,-15.369407,0.1619174,0.7763188,0.2730814,0.5445536
1.0053704,-0.60203564,-14.947611,0.65666676,0.48908857,-0.5489227,0.16812214
0.9378399,-6.537109,-15.408166,0.160483,0.77711195,0.2710285,0.54487234
1.0082018,-0.6027749,-14.9474535,0.6567897,0.488681,-0.54898673,0.16861714
0.9257795,-6.728663,-15.423607,0.15905425,0.7778962,0.26924077,0.5450585
1.0084152,-0.60141695,-14.947335,0.6568503,0.48849162,-0.54906297,0.16868196
0.9233674,-6.8208013,-15.426695,0.15780689,0.77854186,0.26775753,0.54522985
1.0085853,-0.6022389,-14.947241,0.6568962,0.48825124,-0.54919475,0.16877031
0.9151953,-6.8930573,-15.435003,0.1567227,0.77912796,0.2666147,0.5452654
1.0087239,-0.602908,-14.947165,0.6568738,0.48809958,-0.549387,0.16867015
0.91356087,-6.953646,-15.436665,0.15600795,0.77958333,0.26549628,0.54536515
1.0088358,-0.60344905,-14.947103,0.65682256,0.48814967,-0.5494101,0.16864957
0.9055443,-7.1195583,-15.444687,0.15520245,0.7800986,0.26405483,0.54555804
1.010936,-0.6038911,-14.947052,0.65663147,0.48818082,-0.549564,0.16880162
0.89625126,-7.2065682,-15.44629,0.15467814,0.78042394,0.26304126,0.5457312
1.0086976,-0.60422325,-14.947015,0.6569091,0.48820993,-0.54927635,0.16857359
0.8943926,-7.2701087,-15.454301,0.1538868,0.7808107,0.26215774,0.5458268
1.008808,-0.6044802,-14.946985,0.65681237,0.48823997,-0.5493078,0.16876104
0.87864155,-7.4212313,-15.471283,0.15288046,0.78139246,0.26095858,0.5458517
1.0088978,-0.60468924,-14.946962,0.6569336,0.4884139,-0.5490071,0.16876417
0.883181,-7.5052843,-15.474679,0.1521861,0.78175193,0.26000074,0.545988
1.0089736,-0.60680294,-14.946942,0.6570133,0.48834047,-0.54889446,0.16903256
0.89177865,-7.568233,-15.483048,0.15160042,0.78202003,0.2591438,0.5461744
1.0090332,-0.6065569,-14.946925,0.65712094,0.48834226,-0.5487587,0.16904986
0.8858084,-7.626961,-15.484721,0.15110026,0.7821959,0.2584286,0.5464
1.0090803,-0.606362,-14.946913,0.6571506,0.48843023,-0.5486727,0.16895947
0.8769247,-7.6925344,-15.485057,0.15052772,0.78253406,0.25787967,0.5463332
1.0091178,-0.6062069,-14.946902,0.6572381,0.4883658,-0.5486426,0.1689031
0.87514794,-7.751787,-15.492812,0.14980856,0.7828223,0.25725,0.54641485
1.0091479,-0.606083,-14.946894,0.6571943,0.48834682,-0.54867876,0.16901109
0.8747926,-7.8097763,-15.502053,0.14923534,0.7831311,0.2564584,0.54650116
1.009172,-0.60598356,-14.946888,0.6572312,0.48831132,-0.54864514,0.16907941
0.86703175,-7.8675117,-15.5039015,0.14867462,0.78335726,0.25580826,0.5466346
1.0091913,-0.6059037,-14.946883,0.6572238,0.48831263,-0.54866976,0.16902421
0.8808591,-7.925197,-15.511962,0.14815313,0.78326106,0.25509605,0.54724663
1.0092069,-0.60583925,-14.946878,0.65729356,0.4883011,-0.5486074,0.1689888
0.8528657,-8.267392,-15.544333,0.14652716,0.7838383,0.25323117,0.5477238
1.0074453,-0.6075624,-14.946875,0.6577935,0.4881173,-0.548143,0.16908139
0.8549567,-8.574211,-15.566186,0.14460036,0.7843134,0.25079376,0.54867643
1.0060806,-0.60721207,-14.946873,0.6577508,0.48800743,-0.5482859,0.16910146
0.8476852,-8.681713,-15.578245,0.14314301,0.78475183,0.24900183,0.54924744
1.0050114,-0.6069376,-14.946871,0.657775,0.48790443,-0.5483797,0.16900033
0.8462309,-8.741662,-15.588347,0.1418888,0.78494954,0.24774075,0.5498603
1.0056858,-0.60672027,-14.946869,0.6574987,0.4878968,-0.54869694,0.16906759
0.8459401,-8.79979,-15.598058,0.14111781,0.784983,0.24634732,0.55063653
1.0076772,-0.6065458,-14.946868,0.6572621,0.4877873,-0.54901254,0.16927902
0.8458819,-8.857554,-15.6,0.14047821,0.78507257,0.24514405,0.551209
1.0093825,-0.6063965,-14.946867,0.657105,0.48767272,-0.54922307,0.16953573
0.8535599,-8.915245,-15.608078,0.13989505,0.78485656,0.24397026,0.55218476
1.0093662,-0.60627156,-14.946866,0.6570753,0.4876075,-0.5492449,0.16976793
0.84740585,-9.065198,-15.625073,0.1386761,0.78506136,0.24219194,0.5529834
1.0093524,-0.60616666,-14.946864,0.65706325,0.4875198,-0.54926723,0.1699942
0.8461751,-9.141327,-15.628473,0.13805762,0.7850153,0.24075365,0.55383104
1.0093409,-0.6060782,-14.946864,0.65708315,0.48738122,-0.5492766,0.17028375
0.8459289,-9.202691,-15.636843,0.1374076,0.7851271,0.23955823,0.55435234
1.0093305,-0.6074876,-14.946864,0.657148,0.4872249,-0.5492057,0.17070875
0.83818996,-9.268791,-15.638515,0.13721146,0.78525966,0.23878437,0.5545471
1.0093219,-0.607199,-14.946864,0.6571919,0.4870699,-0.5492584,0.17081283
0.8366422,-9.758774,-15.708058,0.13374075,0.78559566,0.23374972,0.5570583
1.0079246,-0.60835284,-14.946864,0.65750813,0.48714048,-0.54884857,0.17071202
0.8363326,-9.902908,-15.714276,0.13196822,0.7856311,0.23065479,0.55871874
1.0081118,-0.60796577,-14.946864,0.6574312,0.48724464,-0.5488343,0.17075668
0.8593398,-9.977873,-15.72321,0.13092946,0.78494656,0.22891583,0.5606372
1.009593,-0.6076356,-14.946864,0.6572547,0.4873721,-0.54893243,0.17075713
0.8485618,-10.023625,-15.732686,0.13038012,0.78466105,0.22713815,0.5618865
1.0095507,-0.60736144,-14.946864,0.65724784,0.48745415,-0.5489002,0.17065272
0.85409594,-10.15581,-15.734581,0.13019662,0.78388137,0.22555754,0.5636513
1.0107932,-0.60712224,-14.946864,0.65707725,0.48744813,-0.54905236,0.17083743
0.8552028,-10.213006,-15.73496,0.13034971,0.7833976,0.2242921,0.5647923
1.0132685,-0.6069044,-14.946864,0.6568605,0.48737514,-0.5493188,0.17102276
0.8631581,-10.348231,-15.751969,0.12952937,0.78323466,0.22251515,0.56590873
1.0123007,-0.6065797,-14.946864,0.6568394,0.48740745,-0.5492345,0.1712821
0.8570152,-10.3822155,-15.761507,0.12865323,0.7836267,0.22159512,0.5659269
1.0119379,-0.606458,-14.946864,0.65676576,0.48743322,-0.549215,0.17155322
0.87116605,-10.412081,-15.771104,0.12788002,0.7836747,0.22106789,0.56624174
1.0116259,-0.60747886,-14.945738,0.6567713,0.48748794,-0.54909045,0.17177524
0.85092705,-10.425744,-15.780714,0.12693903,0.78415835,0.2204802,0.56601304
1.0124798,-0.6072536,-14.94587,0.65659666,0.48755163,-0.5491774,0.17198412
0.86225873,-10.466926,-15.767256,0.12701127,0.7842207,0.22073783,0.56580997
1.0132395,-0.6070533,-14.945988,0.6564877,0.4875985,-0.54918534,0.17224136
0.85421276,-10.519872,-15.764027,0.12658606,0.7847672,0.22097641,0.5650539
1.012293,-0.6067255,-14.945086,0.6565227,0.48773056,-0.54893625,0.17252818
0.8629158,-10.531889,-15.771608,0.12589762,0.7849635,0.22081709,0.56499743
1.0119663,-0.60763973,-14.945278,0.6565476,0.48775354,-0.548815,0.17275363
0.84158736,-10.511223,-15.788505,0.12465907,0.7855924,0.21996813,0.564729
1.0116895,-0.6084143,-14.945441,0.65662867,0.48770192,-0.5487132,0.17291471
0.85270107,-10.553229,-15.784194,0.123990074,0.7860464,0.21964575,0.56437
1.0123992,-0.6081332,-14.9455805,0.6565049,0.4877351,-0.5488148,0.17296875
0.8549238,-10.56932,-15.783333,0.12329586,0.7866257,0.22011001,0.5635333
1.0121064,-0.6078926,-14.945701,0.6565047,0.4877079,-0.5488021,0.17308655
0.8246095,-10.564848,-15.78316,0.12158671,0.7882824,0.21971497,0.5617409
1.0118427,-0.6085706,-14.945808,0.65645254,0.48779237,-0.5486893,0.1734034
0.83392614,-10.571643,-15.7754345,0.12078836,0.7889496,0.21965818,0.5609982
1.0115956,-0.6092058,-14.9459095,0.6565118,0.48779368,-0.5485156,0.17372447
0.83578944,-10.565313,-15.781581,0.12008808,0.7893814,0.21925364,0.5606994
1.0113649,-0.6097988,-14.946005,0.65656304,0.48779485,-0.54838324,0.17394562
0.8284724,-10.579426,-15.767429,0.120091185,0.7896675,0.21968195,0.5601279
1.0111507,-0.61034983,-14.946093,0.65655553,0.48780313,-0.5483207,0.17414777
0.85007805,-10.566869,-15.779979,0.11987856,0.78954685,0.21954757,0.5603961
1.010968,-0.6098839,-14.946168,0.65653044,0.4877987,-0.54831684,0.17426723
0.8390198,-10.556668,-15.782489,0.11962319,0.7896737,0.21920086,0.5604077
1.0108067,-0.6103876,-14.946234,0.656625,0.48775306,-0.5482115,0.17436974
0.84449786,-10.570007,-15.775301,0.12019198,0.78956133,0.21927461,0.5604154
1.0106682,-0.6099515,-14.945421,0.6566056,0.48781973,-0.5482032,0.1742825
0.84559345,-10.572676,-15.773863,0.12072663,0.7894076,0.21926413,0.5605212
1.011374,-0.6095746,-14.945544,0.65660375,0.48788518,-0.5481764,0.17419039
0.84581256,-10.565519,-15.781266,0.12084553,0.7892243,0.21906893,0.56082994
1.0112027,-0.6092473,-14.945653,0.65666956,0.4879833,-0.5480502,0.17406465
0.8535461,-10.571778,-15.775056,0.12120125,0.78914833,0.21902996,0.5608753
1.0110531,-0.60896176,-14.945746,0.6567544,0.4883001,-0.5478389,0.17352046
0.8474031,-10.573029,-15.773814,0.12134712,0.7893089,0.2189593,0.5606453
1.0109221,-0.60871154,-14.945828,0.65686864,0.4884323,-0.5477113,0.17311838
0.84746677,-10.55795,-15.781206,0.12090636,0.78954774,0.21880148,0.5604658
1.010077,-0.60829675,-14.945326,0.6570374,0.4887917,-0.5473896,0.17247944
0.8384975,-10.570263,-15.775044,0.12085017,0.7897684,0.21909815,0.560051
1.0100262,-0.6081242,-14.945424,0.6570354,0.48892328,-0.5473623,0.17220049
0.8520831,-10.557347,-15.781502,0.12062358,0.78970885,0.21909717,0.56018436
1.009981,-0.60797065,-14.945509,0.6570664,0.48904017,-0.5472846,0.17199747
0.83173114,-10.554764,-15.782794,0.120500416,0.78991276,0.2191921,0.55988604
1.0099407,-0.6078335,-14.945587,0.6571054,0.48913544,-0.5472023,0.17183967
0.819971,-10.569626,-15.775362,0.12086882,0.79004455,0.21958603,0.5594662
1.0093842,-0.60823107,-14.945656,0.65716314,0.48924693,-0.54706866,0.17172642
0.83874726,-10.58075,-15.773587,0.121521436,0.7894776,0.22049794,0.55976635
1.0093733,-0.6084399,-14.945774,0.6571843,0.48945394,-0.5469197,0.17152989
0.83682245,-10.567604,-15.780947,0.12152367,0.7892168,0.2205495,0.56011313
1.0089226,-0.6083064,-14.945379,0.6571856,0.489628,-0.5468172,0.171355
0.84375554,-10.564634,-15.78261,0.121594235,0.78895915,0.22067252,0.5604123
1.0085142,-0.6077616,-14.945445,0.6571464,0.48977053,-0.54678774,0.17119205
0.83076614,-10.563949,-15.782994,0.12150519,0.7890835,0.22073463,0.5602321
1.0089487,-0.6076696,-14.945504,0.65706015,0.48988426,-0.5467874,0.17119871
0.8276433,-10.571063,-15.775805,0.12166262,0.7890564,0.22099213,0.5601346
1.0089616,-0.6075858,-14.945559,0.65701187,0.48996806,-0.5467953,0.1711192
0.8413811,-10.580027,-15.77407,0.12175853,0.788818,0.22127244,0.5603389
1.0089734,-0.6075094,-14.945608,0.656979,0.49004537,-0.5467741,0.17109169

