ICVP Direct Stim Program 4.0.1+v4.0.1 - RelativeLocations
Updated at: 2022-08-22--20-17-10
Subject ID: CKT
Tester ID: kstipp
Direct Stimulation Input from the UI

UserID ; Time ; Electrodes ; Frequency (Hz) ; Cathodic Phase Duration (us) ; Train Length (ms) ; Duty On (ms); Duty Off (ms) ; Inter-train Length (ms) ; Amplitude (uA) ; Sent to Gateway ; Response ; Response Latency (ms) ; Response Duration (ms) ; Comments
kstipp ; 2022-08-22--20-17-10 ; 250F , 250F-2503 ; 200 ; 200 ; 1000 ; 1000 ; 0 ; 0 ; 40 ; True ;  ;  ;  ; can't tell

Position t,Position u,Position v,Orientation w,Orientation x,Orientation y,Orientation z
0.64369994,-1.3545035,-15.1862335,0.14868245,0.8272666,0.32141018,0.43614104
0.9099898,-0.52894926,-14.925716,0.65713245,0.50969994,-0.53630584,0.14407973
0.6423455,-1.353221,-15.186368,0.14807662,0.8274731,0.3213166,0.4360244
0.9087469,-0.52967125,-14.925121,0.657307,0.5098367,-0.5359743,0.14403328
0.64259386,-1.3521001,-15.186487,0.14765418,0.827597,0.32117268,0.4360385
0.9083641,-0.52959746,-14.9246,0.65735984,0.50999355,-0.5357823,0.14395198
0.6413115,-1.3495938,-15.186592,0.14711884,0.8278061,0.32097694,0.43596664
0.9080272,-0.5295325,-14.924141,0.6574017,0.5101136,-0.5356528,0.14381665
0.641738,-1.3489786,-15.186683,0.14674199,0.8278771,0.32081044,0.43608144
0.90837467,-0.5288222,-14.924377,0.65738976,0.51022285,-0.53557944,0.14375694
0.6405338,-1.3468628,-15.186762,0.14628358,0.8280097,0.32066646,0.43608943
0.9080558,-0.5294458,-14.923959,0.65745866,0.510313,-0.53538996,0.14382794
0.6394944,-1.3450365,-15.18683,0.145799,0.82815295,0.32050583,0.43609786
0.9077729,-0.5293971,-14.924189,0.6575535,0.5103328,-0.5352456,0.14386138
0.638608,-1.3434789,-15.186888,0.14533024,0.8282388,0.3204188,0.4361552
0.907521,-0.5287815,-14.924395,0.6575238,0.5104102,-0.53521436,0.14383899
0.637891,-1.3438569,-15.186935,0.14502528,0.82828444,0.32039812,0.43618536
0.9067524,-0.52877504,-14.924578,0.6575908,0.5104676,-0.5350577,0.1439116
0.6372949,-1.3425298,-15.188616,0.14455144,0.8284189,0.32023215,0.4362092
0.90657985,-0.52928555,-14.924742,0.65767586,0.51049584,-0.53488284,0.14407301
0.6367988,-1.3414254,-15.190014,0.14418474,0.82854176,0.32001472,0.43625665
0.9059342,-0.5287635,-14.92489,0.657723,0.51053494,-0.53480667,0.14400151
0.63802534,-1.3405175,-15.191164,0.14394772,0.82845163,0.32001796,0.43650365
0.9058181,-0.5287588,-14.925022,0.6577386,0.51052487,-0.5347957,0.14400664
0.63578826,-1.3397685,-15.192112,0.1437302,0.8284704,0.31995052,0.43658915
0.9057132,-0.52831197,-14.925143,0.6577251,0.5105014,-0.53484565,0.14396647
0.6371087,-1.3407205,-15.192861,0.14384499,0.8282728,0.32005018,0.43685305
0.9051976,-0.5283275,-14.925252,0.65774244,0.51046425,-0.5348637,0.14395168
0.638193,-1.3399926,-15.193475,0.14374812,0.8281695,0.32005954,0.43707404
0.90552825,-0.5279421,-14.92535,0.6576993,0.51038265,-0.5350047,0.14391452
0.6376271,-1.3408439,-15.193968,0.14381951,0.82805914,0.32015902,0.43718675
0.9054498,-0.52797073,-14.925441,0.65770155,0.5103143,-0.53506345,0.1439277
0.6371397,-1.3401251,-15.194393,0.14391582,0.8279229,0.32020608,0.43737873
0.90537816,-0.52799684,-14.925523,0.65771836,0.51008946,-0.5352483,0.14396112
0.6381261,-1.3409249,-15.194735,0.14407782,0.82779354,0.32028982,0.43750888
0.90531266,-0.52802074,-14.925598,0.6577608,0.50979763,-0.5354714,0.14397065
0.6389655,-1.340235,-15.195025,0.14417413,0.8277439,0.32023856,0.43760857
0.905578,-0.5280426,-14.925668,0.6577231,0.50947875,-0.5358024,0.14403991
0.6409512,-1.340975,-15.195262,0.14444204,0.8276094,0.32029185,0.43773556
0.9058217,-0.5283718,-14.925731,0.6577023,0.50914276,-0.5361082,0.14418526
0.6413452,-1.3415828,-15.1954565,0.14454001,0.8276119,0.3202935,0.4376973
0.90606207,-0.5286967,-14.925793,0.657702,0.50874215,-0.5364613,0.14428756
0.64168566,-1.3408811,-15.195624,0.14461647,0.82761455,0.3202313,0.4377125
0.90630597,-0.5290264,-14.925857,0.6577092,0.5082713,-0.536895,0.14430092
0.641968,-1.3414656,-15.195765,0.14475085,0.8276419,0.32015193,0.4376744
0.90654933,-0.5286719,-14.92592,0.6576212,0.5078261,-0.5374263,0.14429182
0.64109564,-1.3419535,-15.195881,0.1448983,0.82768697,0.320102,0.43757695
0.90720713,-0.5290617,-14.925989,0.657578,0.507353,-0.53789407,0.14440979
0.64143986,-1.3412611,-15.195986,0.1449424,0.8277169,0.32006857,0.43753016
0.9074585,-0.5294514,-14.926058,0.657607,0.506881,-0.53826064,0.14456879
0.6417509,-1.3406357,-15.196081,0.1449294,0.82757956,0.3202825,0.43763766
0.9081919,-0.5298744,-14.926133,0.6574665,0.5059466,-0.53923804,0.14483915
0.64201057,-1.3412169,-15.196161,0.14502369,0.8274118,0.32051256,0.43775532
0.9089398,-0.5298124,-14.926703,0.65722907,0.50500864,-0.5403349,0.14510201
0.64222896,-1.3417057,-15.196228,0.1450868,0.8272628,0.32067153,0.43789944
0.9097301,-0.5302964,-14.926756,0.65700084,0.5041869,-0.54125065,0.14557885
0.64241385,-1.3421195,-15.196284,0.14513692,0.82714266,0.32084805,0.43798038
0.91055506,-0.53141004,-14.926811,0.6568593,0.5034834,-0.5419478,0.14605792
0.64351755,-1.343418,-15.196332,0.1452884,0.82694566,0.3210244,0.438173
0.911384,-0.5312238,-14.9268675,0.65673256,0.502882,-0.5426119,0.14623398
0.6444628,-1.3427322,-15.196373,0.14526442,0.8268407,0.3210514,0.4383593
0.912186,-0.53036624,-14.926922,0.65647334,0.5024058,-0.5433754,0.14620014
0.6444229,-1.3429958,-15.196408,0.1453016,0.8268006,0.32109925,0.43838757
0.91380304,-0.53099996,-14.926979,0.6563954,0.5019198,-0.5438445,0.1464752
0.64438826,-1.3432238,-15.195628,0.14520817,0.8267211,0.32124293,0.43846318
0.9154445,-0.5307938,-14.927036,0.6562174,0.501467,-0.54443014,0.14664747
0.6443581,-1.344193,-15.19495,0.14513607,0.8266196,0.32142943,0.43854165
0.9161182,-0.5314827,-14.927092,0.65619886,0.50116915,-0.5446766,0.14683367
0.6443318,-1.3443077,-15.194356,0.1449715,0.82652456,0.32160127,0.4386492
0.9177557,-0.5331354,-14.927147,0.65611684,0.5008872,-0.54493284,0.14721082
0.6443087,-1.345104,-15.193835,0.14485034,0.8263981,0.32183787,0.438754
0.919342,-0.53369343,-14.927199,0.6560864,0.5006094,-0.5452034,0.1472893
0.6442883,-1.3451449,-15.193377,0.14479776,0.8262759,0.3220131,0.43887293
0.92082584,-0.5331212,-14.927249,0.6560255,0.500375,-0.5455305,0.14714594
0.64427024,-1.3458087,-15.19297,0.14472821,0.8261211,0.3222184,0.43903664
0.9221978,-0.5325922,-14.927295,0.6558892,0.50023013,-0.5458553,0.1470415
0.6448507,-1.345802,-15.192611,0.14463486,0.8259681,0.3224041,0.4392188
0.9234653,-0.5344973,-14.92614,0.65592515,0.50004745,-0.54591984,0.1472632
0.64480126,-1.3457958,-15.192289,0.14459878,0.8258579,0.32245016,0.439404
0.92461926,-0.53623176,-14.926333,0.655813,0.49990502,-0.5461297,0.14746779
0.6458336,-1.3463286,-15.192001,0.14472546,0.8256639,0.32260862,0.43961054
0.9256563,-0.53650546,-14.926507,0.6556599,0.4996693,-0.54654306,0.14741573
0.6462481,-1.346295,-15.191745,0.14477219,0.82549983,0.32271412,0.43982592
0.9279408,-0.5354091,-14.926666,0.6553825,0.49941123,-0.5471548,0.14725433
0.64664274,-1.346263,-15.1915,0.14479268,0.82541597,0.3227189,0.43997282
0.92857254,-0.5358179,-14.926805,0.65532464,0.49913418,-0.5474672,0.1472905
0.6475035,-1.3467324,-15.191274,0.14486766,0.8253079,0.32279825,0.4400927
0.9305939,-0.537637,-14.926929,0.6551586,0.49885565,-0.54780406,0.14771938
0.64783794,-1.3466759,-15.19105,0.14489962,0.8252933,0.32274997,0.4401449
0.93086416,-0.5377344,-14.927036,0.6551568,0.49872053,-0.5479274,0.14772642
0.6481702,-1.3466197,-15.190827,0.1450225,0.8253205,0.32257253,0.4401837
0.93263096,-0.5393475,-14.927132,0.65494955,0.49777204,-0.54895216,0.14803965
0.6491117,-1.346562,-15.1905985,0.14515921,0.82533956,0.3223636,0.44025582
0.93577015,-0.53758013,-14.927215,0.6546407,0.4969282,-0.5501231,0.147894
0.6494062,-1.3458785,-15.191002,0.14521109,0.82540286,0.3221448,0.44028026
0.9402799,-0.53600025,-14.92729,0.6542976,0.49618077,-0.551229,0.14780396
0.64967626,-1.3458669,-15.191372,0.14533357,0.8254485,0.32195932,0.4402899
0.9423634,-0.5364197,-14.927354,0.654135,0.49521106,-0.5521791,0.14822891
0.65057564,-1.3458557,-15.19173,0.14550465,0.82544905,0.32180387,0.44034588
0.9440872,-0.5349729,-14.927406,0.6539257,0.4944396,-0.55309653,0.14830674
0.6507753,-1.3458455,-15.19206,0.14558731,0.8254861,0.3216731,0.44034478
0.9437073,-0.5373119,-14.927447,0.6539642,0.4939037,-0.5534071,0.1487636
0.65095264,-1.3464344,-15.191755,0.14570978,0.8255072,0.32162043,0.44030312
0.94517237,-0.5392755,-14.927483,0.6538898,0.49366978,-0.55356246,0.14928849
0.65112466,-1.345768,-15.192079,0.14574392,0.82557815,0.32147565,0.4402646
0.94638765,-0.5390872,-14.927512,0.65388227,0.4934393,-0.5538025,0.14919265
0.6512838,-1.3457637,-15.192378,0.14576499,0.8256287,0.32139626,0.44022077
0.94736123,-0.5371412,-14.927535,0.6536687,0.49336007,-0.5541683,0.14903204
0.65156895,-1.3457557,-15.192913,0.14581642,0.82570034,0.32127523,0.4401577
0.94564855,-0.54056823,-14.927567,0.6540157,0.49330553,-0.55366534,0.14955874
0.651119,-1.3457524,-15.193143,0.14575475,0.8256963,0.32125175,0.44020286
0.9434887,-0.53863156,-14.929143,0.6540235,0.49506328,-0.5523443,0.1485982
0.650717,-1.3462931,-15.193349,0.14569238,0.82567453,0.32126573,0.44025403
0.94177085,-0.5385771,-14.92891,0.65400803,0.49653506,-0.5511866,0.14805344
0.65052295,-1.3452514,-15.193698,0.1454697,0.8256494,0.32116494,0.4404485
0.9404877,-0.5372832,-14.931128,0.6540886,0.49845067,-0.54957575,0.14724696
0.65020716,-1.3452731,-15.193847,0.14533317,0.82560986,0.32117996,0.4405567
0.93941253,-0.5374152,-14.930666,0.65422076,0.49906376,-0.5488916,0.14713459
0.6503647,-1.3452927,-15.193982,0.14522462,0.82558405,0.3211218,0.44068328
0.93852663,-0.537524,-14.9302845,0.6543606,0.49951404,-0.5483317,0.1470724
0.6505271,-1.344834,-15.194121,0.14511806,0.82556367,0.3210168,0.4408328
0.93779093,-0.53761435,-14.929968,0.654391,0.4997423,-0.5480893,0.147065
0.6512024,-1.3448799,-15.1942625,0.14505836,0.82550627,0.320933,0.44102108
0.938268,-0.5376899,-14.930795,0.65430886,0.499774,-0.5481975,0.14691935
0.65134233,-1.3443719,-15.194408,0.14500035,0.82548606,0.32083508,0.44114906
0.9386697,-0.5367158,-14.931492,0.65417373,0.49985614,-0.5483287,0.14675239
0.6514734,-1.3444481,-15.194544,0.1449444,0.8254663,0.3207604,0.44125882
0.9380243,-0.53687614,-14.931096,0.65415776,0.49985495,-0.5483514,0.14674312
0.65101546,-1.3433447,-15.194681,0.14481537,0.8254931,0.32062897,0.44134653
0.9384105,-0.5370129,-14.930759,0.6541272,0.49987188,-0.5483501,0.1468265
0.65117264,-1.3434865,-15.194808,0.1447718,0.82547593,0.32054582,0.44145343
0.937852,-0.53713006,-14.93047,0.65411913,0.4998088,-0.5483818,0.14695837
0.6513317,-1.3430061,-15.194936,0.14471333,0.82547706,0.32042947,0.44155484
0.93737054,-0.5363859,-14.9302225,0.6540327,0.49973944,-0.5485762,0.14685367
0.6514909,-1.3425256,-15.195064,0.14468281,0.82550657,0.32025865,0.44163358
0.93855923,-0.5357411,-14.930809,0.6539125,0.49961212,-0.54884076,0.14683375
0.6516468,-1.3420553,-15.195891,0.1446584,0.82550776,0.3201424,0.44172367
0.93883723,-0.53594685,-14.930552,0.653917,0.49942902,-0.54897183,0.14694595
0.6517859,-1.3423116,-15.195953,0.14466827,0.8254996,0.32006097,0.44179466
0.9390981,-0.5361399,-14.93031,0.65392685,0.4992843,-0.549059,0.14706841
0.65191084,-1.3425417,-15.19601,0.14472003,0.82549936,0.31999022,0.44182935
0.93856955,-0.5363081,-14.9301,0.65399075,0.49911335,-0.54911447,0.14715773
0.6520346,-1.3420757,-15.196065,0.14471427,0.8255264,0.31988034,0.44186035
0.9388365,-0.53646207,-14.929908,0.65398866,0.49891192,-0.54929066,0.14719254
0.6514711,-1.341655,-15.1961155,0.14475985,0.82555485,0.3197747,0.44186884
0.939079,-0.5358625,-14.930472,0.6539803,0.49867743,-0.5495289,0.14713459
0.6516312,-1.3412409,-15.196879,0.1448119,0.82556015,0.3196496,0.44193232
0.9393074,-0.5360522,-14.930249,0.6539734,0.49847075,-0.54970974,0.14719036
0.6517879,-1.3408357,-15.197626,0.14483537,0.8255648,0.3195604,0.44198054
0.9387904,-0.5369353,-14.930055,0.6540045,0.49828523,-0.5498086,0.14731097
0.65118295,-1.3404663,-15.198308,0.14485957,0.8255763,0.31949845,0.44199583
0.93902665,-0.5377448,-14.929876,0.65404534,0.49809536,-0.5498952,0.14744847
0.6513648,-1.3408558,-15.19891,0.14493327,0.8255774,0.31941357,0.442031
0.93923885,-0.5370946,-14.930404,0.65400195,0.49780083,-0.550215,0.1474427
0.65152764,-1.3412045,-15.199449,0.1449983,0.8255693,0.31933272,0.4420832
0.9394399,-0.53788424,-14.930905,0.653998,0.49750984,-0.55044097,0.14759864
0.651675,-1.3415204,-15.199937,0.1451009,0.82555026,0.3192579,0.44213912
0.93894917,-0.5385795,-14.930677,0.6540508,0.4972811,-0.55054086,0.14776285
0.6518098,-1.3418093,-15.200382,0.14517194,0.8255507,0.31917667,0.4421737
0.9391621,-0.53923184,-14.931137,0.65406376,0.4969861,-0.5507451,0.14793703
0.65194523,-1.341382,-15.20083,0.14522023,0.82556736,0.3190052,0.44225043
0.93936205,-0.5391644,-14.931569,0.6540579,0.49671155,-0.5509866,0.14798553
0.6520795,-1.3409587,-15.201276,0.14528015,0.8255745,0.31887066,0.44231448
0.9403358,-0.5398588,-14.932021,0.65402365,0.4964193,-0.5512327,0.14820117
0.6522,-1.3413281,-15.201674,0.14535712,0.8255824,0.31874517,0.44236475
0.9404696,-0.5405094,-14.931665,0.65401924,0.49617586,-0.5514022,0.14840496
0.6523183,-1.340893,-15.202066,0.14539395,0.825611,0.3185771,0.44242042
0.9405917,-0.54033023,-14.932114,0.65396565,0.4959487,-0.5516413,0.14851215
0.652433,-1.340471,-15.202445,0.14544258,0.8256323,0.31838107,0.44250572
0.941493,-0.53937536,-14.932533,0.653821,0.4957756,-0.5519477,0.14858794
0.6517307,-1.340907,-15.201972,0.14552474,0.8256354,0.31827256,0.44255102
0.94153154,-0.5385425,-14.9329,0.6537681,0.49560258,-0.5521809,0.14853178
0.6518808,-1.340525,-15.202322,0.14558508,0.825611,0.3181601,0.44265756
0.94156617,-0.5385226,-14.932502,0.6537258,0.49549738,-0.55228776,0.1486716
0.65128857,-1.3409145,-15.201904,0.14562677,0.8255974,0.31809023,0.44271946
0.9424004,-0.5401006,-14.932097,0.65377295,0.4952884,-0.55231965,0.1490417
0.6514556,-1.3405691,-15.201537,0.14570238,0.8255723,0.3179938,0.4428105
0.94322467,-0.54079854,-14.931697,0.653763,0.4951427,-0.55241925,0.14920047
0.65160716,-1.340256,-15.201877,0.14575544,0.8255356,0.31790438,0.44292575
0.94230133,-0.5405841,-14.931351,0.6538158,0.49507648,-0.55241555,0.14920251
0.6517682,-1.339156,-15.202236,0.14578708,0.82553756,0.31775427,0.44301933
0.94227606,-0.5396206,-14.931828,0.65375286,0.49498203,-0.55261993,0.14903441
0.65115625,-1.3389138,-15.202563,0.14582603,0.82560647,0.31755707,0.4430195
0.94225395,-0.5387792,-14.932243,0.65374094,0.49494514,-0.5527198,0.14883879
0.6513605,-1.3386799,-15.202881,0.14592822,0.82561344,0.31738117,0.44309896
0.942936,-0.5380413,-14.932609,0.6536729,0.49489734,-0.5528859,0.1486797
0.6507588,-1.3384675,-15.203168,0.1459847,0.8256548,0.31721655,0.44312114
0.9435574,-0.537369,-14.932942,0.6535359,0.49496996,-0.5529913,0.14864834
0.6501649,-1.3374116,-15.203452,0.14603318,0.82568234,0.3170543,0.44316995
0.94417584,-0.53743905,-14.933272,0.653544,0.49498186,-0.55295616,0.14870362
0.6504776,-1.3372918,-15.203717,0.14614664,0.8256268,0.31699848,0.44327596
0.9440124,-0.5375018,-14.93357,0.653524,0.4949976,-0.5529418,0.14879258
0.64992243,-1.3380135,-15.203947,0.14623606,0.8256257,0.3169467,0.4432855
0.94460404,-0.53756243,-14.933107,0.6534947,0.49498338,-0.5529301,0.14901194
0.6502262,-1.3378555,-15.204147,0.14627667,0.8255652,0.31691003,0.44341093
0.9444103,-0.53761554,-14.932703,0.6534842,0.49507296,-0.5528257,0.14914727
0.64971983,-1.3377113,-15.20433,0.14626952,0.82550764,0.31688455,0.44353873
0.9449678,-0.5384122,-14.932309,0.65341944,0.4950931,-0.5527999,0.14945978
0.6508447,-1.337576,-15.204502,0.14629254,0.82539314,0.31689477,0.44373682
0.9455045,-0.5384015,-14.9319315,0.65335613,0.49512196,-0.5528172,0.1495768
0.6502873,-1.3374544,-15.204656,0.14627616,0.82530844,0.31694084,0.4438669
0.9460178,-0.5383912,-14.93157,0.65330505,0.49507567,-0.5528816,0.1497151
0.65136737,-1.3373404,-15.2048,0.14632136,0.82516617,0.31695986,0.44410294
0.94650614,-0.5383814,-14.932067,0.65324575,0.4950645,-0.55293345,0.14981931
0.65238774,-1.3372326,-15.204936,0.1463467,0.8250356,0.31698093,0.44432217
0.9469542,-0.5375271,-14.932522,0.6531033,0.4951008,-0.55305195,0.14988329
0.65250266,-1.336233,-15.205071,0.14630641,0.8249484,0.3169526,0.4445175
0.9473675,-0.53673893,-14.932942,0.6529862,0.4951807,-0.5531203,0.14987661
0.65344995,-1.33622,-15.204339,0.14628617,0.82486004,0.31691,0.44471854
0.946913,-0.5352446,-14.933306,0.65289557,0.49530965,-0.5531233,0.14983442
0.6534646,-1.3370147,-15.203706,0.14632718,0.8247574,0.3169146,0.44489184
0.9481625,-0.5346698,-14.932811,0.6527245,0.49541146,-0.5531801,0.15003379
0.6534774,-1.3369406,-15.203919,0.1463115,0.8246737,0.3168397,0.44510555
0.9484687,-0.53499126,-14.933206,0.65268606,0.4954253,-0.5531765,0.15016831
0.6542978,-1.3360608,-15.204126,0.14626504,0.8245712,0.31674454,0.4453784
0.9479205,-0.53445625,-14.9327345,0.6526444,0.49548534,-0.55315614,0.15022637
0.6550277,-1.3360628,-15.203526,0.14628153,0.8244693,0.31669378,0.44559747
0.9474438,-0.5347635,-14.932324,0.65264505,0.49550724,-0.5531023,0.15034944
0.6557424,-1.335228,-15.202938,0.14623606,0.8244187,0.31662917,0.44575205
0.9470273,-0.53503186,-14.931967,0.652682,0.49551377,-0.55302006,0.15047015
0.6555673,-1.3352989,-15.202429,0.14623325,0.824364,0.31660575,0.44587067
0.9466619,-0.53596455,-14.931652,0.6527302,0.49549136,-0.5529444,0.15061267
0.6570693,-1.3353673,-15.202772,0.1463033,0.8242693,0.31653848,0.44607058
0.9463399,-0.5367863,-14.9313755,0.65277755,0.4954887,-0.5528709,0.15068592
0.6567811,-1.3354274,-15.203075,0.1464028,0.82438815,0.31621897,0.44604486
0.94605505,-0.53688407,-14.93113,0.6527689,0.4955443,-0.55283177,0.15068428
0.6565256,-1.3354807,-15.203344,0.14654599,0.82450604,0.3159256,0.44598773
0.9458022,-0.5375685,-14.930913,0.65279955,0.49555084,-0.55277824,0.15072635
0.6562802,-1.3347188,-15.203601,0.14665054,0.82464004,0.3155596,0.44596487
0.94614476,-0.53761053,-14.930719,0.6528182,0.49556616,-0.5527449,0.15071741
0.65606326,-1.3348306,-15.203829,0.14685301,0.8247648,0.31518662,0.44593135
0.94645095,-0.5381875,-14.931086,0.65285915,0.49554116,-0.5527066,0.15076284
0.65666443,-1.3349358,-15.204043,0.14705612,0.8248743,0.31480113,0.4459341
0.94673157,-0.53819245,-14.931421,0.6528331,0.49555594,-0.5527313,0.15073664
0.6556572,-1.3350273,-15.20423,0.1472353,0.8251401,0.3141321,0.44585502
0.94699633,-0.53767467,-14.931738,0.6528092,0.49560514,-0.55273765,0.15065494
0.6555035,-1.3351074,-15.204393,0.14754888,0.825283,0.3134671,0.44595498
0.94673765,-0.5372095,-14.932023,0.65282726,0.49566206,-0.552683,0.15058987
0.6553622,-1.3344581,-15.204543,0.14765641,0.82550365,0.31277472,0.44599706
0.94697756,-0.5367881,-14.9322815,0.65282416,0.4956719,-0.5526911,0.15054104
0.65596384,-1.3345824,-15.204684,0.14800122,0.82554114,0.312219,0.44620273
0.9472146,-0.5363717,-14.932536,0.65278435,0.49569878,-0.55273527,0.15046322
0.6557764,-1.3339325,-15.20482,0.14812133,0.8258029,0.31148112,0.4461942
0.9474496,-0.5359589,-14.932788,0.65277445,0.495717,-0.5527357,0.15044437
0.6564337,-1.3332752,-15.204959,0.14829803,0.8259095,0.31088743,0.44635224
0.9476827,-0.53554946,-14.933038,0.65275085,0.49570838,-0.552763,0.15047468
0.6561618,-1.3316864,-15.205097,0.14836486,0.82609284,0.31018522,0.44647926
0.94791347,-0.5351441,-14.933286,0.65275,0.49570605,-0.5527679,0.15046774
0.65689117,-1.3311491,-15.20523,0.14849497,0.8261654,0.30967447,0.4466562
0.94758195,-0.53478163,-14.933508,0.6528001,0.49566293,-0.55274916,0.150462
0.65758246,-1.3306397,-15.205357,0.14873141,0.82617146,0.30923343,0.44687182
0.9472846,-0.5344566,-14.933707,0.6528134,0.49563414,-0.55275947,0.15046132
0.6571248,-1.3290465,-15.205476,0.14870343,0.8263065,0.30875894,0.44695958
0.94701713,-0.5341642,-14.933886,0.652864,0.49555165,-0.5527749,0.15045671
0.65669703,-1.3275573,-15.205587,0.14873378,0.82636833,0.30843243,0.44706047
0.9472519,-0.5338827,-14.934058,0.65285075,0.49547943,-0.5528539,0.150462
0.6563262,-1.3274266,-15.205684,0.14878786,0.8260188,0.30847192,0.4476608
0.94699585,-0.5345643,-14.934213,0.6528443,0.49517405,-0.55304724,0.1507837
0.6582209,-1.3284194,-15.205765,0.1490935,0.8255385,0.30858982,0.4483634
0.94720876,-0.53473604,-14.934354,0.65272975,0.49487668,-0.55336314,0.15109658
0.65879697,-1.3281959,-15.205836,0.14921276,0.825188,0.30860403,0.44895878
0.94741964,-0.5349062,-14.934493,0.6526407,0.49460974,-0.55364406,0.15132628
0.65931946,-1.3279933,-15.205901,0.14921969,0.8249303,0.3086697,0.4493847
0.9476307,-0.53507644,-14.934632,0.6524708,0.494334,-0.55404395,0.15149647
0.6597976,-1.3278078,-15.207134,0.14916912,0.82451034,0.3087339,0.4501275
0.9478336,-0.5357315,-14.934767,0.65228045,0.49410462,-0.55433637,0.15199369
0.6614966,-1.3276341,-15.208288,0.14914072,0.8240954,0.30884635,0.45081902
0.9486273,-0.53588265,-14.934915,0.65202767,0.49391037,-0.5547311,0.1522697
0.66300964,-1.3274795,-15.2080345,0.14916612,0.8237654,0.30891162,0.4513688
0.94947255,-0.53539807,-14.935072,0.65175724,0.4936941,-0.55521584,0.15236185
0.66435283,-1.3273423,-15.207809,0.14929852,0.8233763,0.30891368,0.452033
0.94899505,-0.5355819,-14.93521,0.6516374,0.49355152,-0.5554618,0.15243953
0.6654546,-1.3284762,-15.207625,0.14940439,0.82297796,0.30905268,0.45262802
0.949153,-0.53632796,-14.935333,0.65150064,0.4934216,-0.55563456,0.15281463
0.66785973,-1.3281931,-15.208809,0.14930996,0.8226889,0.30894914,0.45325497
0.94992894,-0.5364535,-14.934838,0.6512815,0.4932256,-0.55597055,0.15315898
0.6700935,-1.3279301,-15.20991,0.14926538,0.822451,0.3088814,0.4537473
0.9515613,-0.5365961,-14.935027,0.6509212,0.49299955,-0.5565489,0.1533178
0.6721844,-1.3260587,-15.21094,0.14910328,0.82223994,0.30871928,0.45429292
0.95238227,-0.5367393,-14.935216,0.6508106,0.49276468,-0.55690795,0.15323885
0.6739931,-1.3261318,-15.211831,0.14908983,0.8219824,0.3087664,0.45473123
0.9541337,-0.53688556,-14.934497,0.6505507,0.49257603,-0.5573104,0.15348549
0.6737885,-1.3244737,-15.212577,0.14893144,0.82188165,0.30873835,0.45498422
0.9548206,-0.5379535,-14.933831,0.6506377,0.4924682,-0.5571834,0.15392374
0.6754348,-1.3230288,-15.213227,0.148905,0.82177246,0.30865583,0.45524615
0.95547265,-0.5379867,-14.934179,0.65057373,0.49239084,-0.5573092,0.15398541
0.6768314,-1.321803,-15.2137785,0.14887746,0.8216876,0.3085077,0.45550853
0.9560845,-0.53801787,-14.934507,0.6505702,0.4922919,-0.5573992,0.15399103
0.6779394,-1.3227223,-15.214216,0.14897528,0.82170075,0.30834913,0.45556027
0.95665026,-0.53910714,-14.93481,0.6505344,0.49221018,-0.55743855,0.15426119
0.6769638,-1.321599,-15.214559,0.14908066,0.82175666,0.30812046,0.45557952
0.95717055,-0.5401089,-14.935088,0.6506417,0.49210697,-0.55737984,0.1543502
0.67619056,-1.3207088,-15.214829,0.14939639,0.82204986,0.3076008,0.45529842
0.9576424,-0.53989536,-14.93534,0.6506145,0.49189395,-0.5576085,0.15431756
0.673878,-1.3200219,-15.215038,0.14970395,0.8222801,0.30728462,0.45499492
0.9580679,-0.5397027,-14.935568,0.6506435,0.49177572,-0.55767983,0.15431418
0.67370313,-1.3194846,-15.215201,0.1499427,0.82235473,0.30704764,0.45494133
0.9584504,-0.5406987,-14.935772,0.65062135,0.49179676,-0.5576302,0.15451974
0.6751508,-1.32064,-15.215334,0.15051216,0.8223437,0.30687875,0.4548872
0.95879006,-0.5404013,-14.935954,0.6505796,0.49185005,-0.55761635,0.15457593
0.67596006,-1.3223065,-15.215525,0.15183458,0.82237613,0.30654165,0.45461643
0.95724577,-0.541012,-14.936232,0.65069556,0.49219137,-0.5570845,0.15491869
0.67411554,-1.3243041,-15.215593,0.15251455,0.82262313,0.30624726,0.4541401
0.95766866,-0.5417454,-14.936339,0.6506355,0.4923453,-0.5569535,0.15515293
0.6739411,-1.3246028,-15.21565,0.15313086,0.8228698,0.30578792,0.45379522
0.95705414,-0.54139435,-14.936431,0.6506827,0.4924659,-0.5568211,0.15504724
0.67379826,-1.3248476,-15.215695,0.1536161,0.82324684,0.30527538,0.45329222
0.95652944,-0.5420195,-14.93651,0.65086114,0.49241245,-0.5566606,0.15504476
0.67248553,-1.3250496,-15.215734,0.15402174,0.8236593,0.30475652,0.45275402
0.95607895,-0.5425562,-14.936578,0.6509379,0.49252158,-0.55645716,0.15510605
0.67139345,-1.325218,-15.215765,0.1544392,0.8240903,0.30420703,0.4521967
0.9573948,-0.54131687,-14.936638,0.6508147,0.49258712,-0.5565693,0.15501243
0.67047846,-1.3242806,-15.214713,0.15520267,0.82511216,0.30285457,0.450978
0.9577332,-0.54189956,-14.93584,0.65076226,0.49278742,-0.5564169,0.15514314
0.66868246,-1.3245144,-15.213826,0.15588115,0.82592255,0.3018023,0.44996485
0.9580423,-0.5424318,-14.935111,0.65069336,0.49301034,-0.55623096,0.15539046
0.667158,-1.3247128,-15.213073,0.15639274,0.82664186,0.30096236,0.4490281
0.9574988,-0.54208136,-14.93448,0.65071696,0.49311116,-0.5561258,0.15534775
0.6658564,-1.3248821,-15.21243,0.15687077,0.827148,0.3003495,0.4483391
0.9577965,-0.5417766,-14.934702,0.65064436,0.49327517,-0.55604464,0.15542193
0.66561705,-1.3250277,-15.211879,0.15735057,0.82751393,0.29985318,0.4478278
0.95806634,-0.54150033,-14.934904,0.65061134,0.49330565,-0.55604583,0.15545925
0.6645761,-1.3243189,-15.211402,0.15768187,0.8279407,0.2993863,0.4472344
0.9575811,-0.5412586,-14.93508,0.6505569,0.49336144,-0.55605835,0.1554652
0.66288596,-1.3239208,-15.210629,0.15825073,0.8284905,0.29885074,0.4463726
0.95889455,-0.5408199,-14.935399,0.6503883,0.4933038,-0.5562819,0.1555535
0.6621967,-1.3241107,-15.210314,0.1584295,0.82869714,0.2987142,0.4460169
0.95908064,-0.54138726,-14.934775,0.6504097,0.49324706,-0.55628514,0.1556325
0.66159064,-1.3235983,-15.210036,0.15864523,0.8289285,0.29842773,0.44570208
0.95924765,-0.5411437,-14.9342165,0.6503257,0.4932094,-0.55642045,0.15561885
0.66041,-1.3231459,-15.209791,0.15874113,0.8292316,0.29818335,0.44526717
0.95940506,-0.541684,-14.934459,0.6503546,0.4931258,-0.5564488,0.15566175
0.6593638,-1.3233582,-15.209575,0.15895872,0.829358,0.29807556,0.4450263
0.9588114,-0.541425,-14.93394,0.65034145,0.49312747,-0.55644053,0.15574087
0.6590159,-1.3235471,-15.209381,0.1592694,0.829499,0.2978617,0.44479564
0.9589849,-0.54119766,-14.934179,0.6503635,0.49304786,-0.5564883,0.15573022
0.6587055,-1.3231621,-15.2092085,0.15944968,0.82964736,0.2975685,0.44465056
0.95847803,-0.5409973,-14.93373,0.65041155,0.49301422,-0.5564615,0.15573184
0.65790164,-1.3228174,-15.209055,0.15954822,0.8298947,0.29721552,0.44438958
0.9586564,-0.5414469,-14.933332,0.65041363,0.49300197,-0.5564335,0.15586185
0.6571616,-1.3225001,-15.208913,0.15962787,0.83014864,0.29689535,0.44410077
0.9588148,-0.54125065,-14.933576,0.65036696,0.4930137,-0.5564701,0.15588887
0.65642184,-1.3227236,-15.208771,0.16000281,0.83041483,0.2963558,0.4438284
0.9583902,-0.54107577,-14.933226,0.65042895,0.49304402,-0.55636054,0.15592559
0.65561455,-1.3223423,-15.208615,0.1602464,0.83068824,0.29579687,0.44360155
0.9580106,-0.5409194,-14.932914,0.6504629,0.4930972,-0.55624336,0.15603335
0.6539469,-1.3219113,-15.208441,0.16046967,0.8311422,0.29499087,0.44320714
0.95818067,-0.5407792,-14.932633,0.6504322,0.4930677,-0.55625457,0.15621455
0.6530867,-1.3214742,-15.208263,0.1607165,0.8314557,0.2943144,0.44297945
0.9578486,-0.54113805,-14.932867,0.65047956,0.49299595,-0.55621225,0.15639459
0.65228504,-1.3219159,-15.208098,0.16114265,0.831737,0.29366067,0.4427303
0.95754915,-0.54146177,-14.932615,0.6505408,0.4928851,-0.5561697,0.15664056
0.65047,-1.321403,-15.207925,0.16125615,0.831978,0.2932482,0.4425094
0.957716,-0.5417546,-14.932827,0.6505896,0.49252495,-0.5563376,0.15697415
0.6497753,-1.3209145,-15.207759,0.1615008,0.8321519,0.29274952,0.44242355
0.95786726,-0.5416042,-14.933018,0.6505569,0.49221158,-0.55661315,0.15711547
0.64912343,-1.320456,-15.207604,0.16179018,0.83222127,0.29241696,0.4424071
0.9584684,-0.54189587,-14.933214,0.6505086,0.49179485,-0.55697703,0.15733081
0.64855236,-1.3211284,-15.207468,0.1622098,0.8321269,0.29239094,0.44244823
0.95915645,-0.5422297,-14.933439,0.65039533,0.49131358,-0.5574724,0.15754831
0.64802325,-1.3206311,-15.207343,0.16231526,0.8320879,0.2923217,0.44252864
0.95991504,-0.54259783,-14.933687,0.6503494,0.49075916,-0.5579598,0.15774046
0.64756364,-1.3213006,-15.207233,0.16258517,0.83201385,0.2922358,0.44262555
0.9599976,-0.54232323,-14.933913,0.6502601,0.4902415,-0.55855566,0.15760934
0.6482235,-1.3218639,-15.207142,0.16279197,0.8319228,0.29222143,0.44272992
0.9607856,-0.5427285,-14.934156,0.6502222,0.4896294,-0.5590748,0.15782742
0.6487822,-1.3223406,-15.207065,0.163009,0.8318163,0.29217896,0.44287834
0.9615728,-0.5423796,-14.9344,0.6500519,0.48906013,-0.5597692,0.15783294
0.6483135,-1.3218023,-15.206998,0.16288407,0.83180153,0.29217294,0.442956
0.9623762,-0.54285824,-14.934647,0.6500357,0.48839906,-0.56029785,0.15807079
0.64787465,-1.321298,-15.206936,0.1631034,0.83190024,0.29154336,0.44310477
0.9642235,-0.543373,-14.934913,0.64962554,0.48582128,-0.56294423,0.15829767
0.6484321,-1.3208679,-15.206882,0.16335365,0.831879,0.29125163,0.44324425
0.9661435,-0.5450463,-14.93519,0.64937073,0.4838835,-0.5647798,0.15873972
0.6489104,-1.3204988,-15.206837,0.16357169,0.8318638,0.29095247,0.44338876
0.96801156,-0.54541814,-14.935459,0.6490804,0.48243514,-0.56634784,0.15874904
0.6484396,-1.3201492,-15.206794,0.16367231,0.83194953,0.29063702,0.4433978
0.97135824,-0.54725343,-14.935731,0.64883643,0.48149264,-0.5672591,0.15935303
0.6479941,-1.3198183,-15.206753,0.16375974,0.831995,0.29039854,0.44343624
0.9744734,-0.54735976,-14.935985,0.6486789,0.48069748,-0.5680881,0.15944143
0.6476053,-1.3204682,-15.2067175,0.16390087,0.83194995,0.29052413,0.44338638
0.977264,-0.547455,-14.936211,0.64857894,0.48046327,-0.5683331,0.15968098
0.6472399,-1.3201014,-15.206684,0.1638849,0.831936,0.29046524,0.4434572
0.9796871,-0.5475377,-14.936408,0.6485611,0.48022196,-0.56857663,0.15961199
0.64785683,-1.3197883,-15.206656,0.16377409,0.8318034,0.29056498,0.44368136
0.9798288,-0.5494198,-14.936566,0.64875054,0.4800768,-0.56837803,0.15998583
0.6474781,-1.3195001,-15.206631,0.16368166,0.8317367,0.29053915,0.44385743
0.98183274,-0.5491201,-14.9367,0.64870864,0.47993892,-0.5685165,0.16007744
0.6471239,-1.3192303,-15.206606,0.16357052,0.8317083,0.2905701,0.44393134
0.98351187,-0.5508333,-14.936812,0.6486478,0.47979653,-0.5685971,0.16046411
0.64775527,-1.3190002,-15.206585,0.16359445,0.8315685,0.2906591,0.4441261
0.98486865,-0.5502227,-14.936903,0.6484935,0.47978327,-0.5688021,0.16040063
0.64829683,-1.318803,-15.206567,0.16359144,0.83134794,0.29088995,0.44438902
0.98597074,-0.5517716,-14.936977,0.6485114,0.47976118,-0.56876934,0.16051072
0.64876384,-1.3186328,-15.206552,0.1637371,0.83114576,0.291026,0.44462445
0.98485243,-0.55098736,-14.937032,0.64860845,0.47962683,-0.5688255,0.16032125
0.64916867,-1.3192858,-15.206538,0.16389483,0.83096707,0.29125217,0.4447522
0.9859057,-0.5523081,-14.937076,0.6485072,0.47964287,-0.5688579,0.16056731
0.65028155,-1.3198544,-15.206526,0.16405939,0.83067083,0.29156694,0.44503862
0.9867036,-0.5496069,-14.937108,0.64822924,0.47958806,-0.5692437,0.16048606
0.6505328,-1.3203518,-15.207238,0.1640779,0.8305087,0.2917665,0.44520345
0.98735356,-0.5511411,-14.937136,0.6483593,0.47957385,-0.5690301,0.16076043
0.6507535,-1.3201027,-15.207864,0.16407695,0.8304215,0.29184538,0.44531462
0.98787606,-0.55051124,-14.937158,0.6484335,0.4795148,-0.5690325,0.16062863
0.6509483,-1.3205347,-15.208415,0.16417108,0.83028334,0.29203147,0.44541574
0.9883008,-0.55187774,-14.937175,0.64848655,0.47956562,-0.5688363,0.16095743
0.6511208,-1.3202981,-15.208904,0.16414326,0.83024275,0.2921181,0.44544473
0.98684084,-0.5511376,-14.937189,0.6484597,0.4796093,-0.5688675,0.16082563
0.65068567,-1.3200877,-15.209338,0.16416042,0.83021295,0.2922167,0.44542935
0.9857114,-0.55226046,-14.9372,0.6486297,0.47948974,-0.56871617,0.1610314
0.6508566,-1.3199002,-15.209725,0.1642061,0.8301889,0.29212192,0.4455196
0.9864383,-0.55152833,-14.938819,0.64841735,0.47957268,-0.56886286,0.16112152
0.6510095,-1.3197322,-15.210072,0.1645868,0.83016586,0.2918201,0.44561967
0.98548305,-0.5540095,-14.938569,0.64854467,0.47928002,-0.56884503,0.16154216
0.65165126,-1.320086,-15.210382,0.16499163,0.830052,0.29157758,0.4458408
0.9861738,-0.553084,-14.939823,0.64840126,0.47913772,-0.5691453,0.16148217
0.65127045,-1.3204045,-15.210663,0.16526303,0.8300641,0.29141462,0.44582418
0.98677677,-0.55377156,-14.940918,0.64827496,0.47900072,-0.5692929,0.16187505
0.65092665,-1.320692,-15.210916,0.16559683,0.8300224,0.29137507,0.44580382
0.9872798,-0.5528677,-14.941833,0.64819694,0.47882012,-0.5695508,0.16181462
0.6514806,-1.3209522,-15.211144,0.16581894,0.82984,0.29140943,0.44603842
0.98770833,-0.5550725,-14.941123,0.6482577,0.4787361,-0.5694443,0.16219436
0.6515723,-1.3211882,-15.211352,0.16599378,0.8296957,0.29147086,0.44620162
0.98805475,-0.55400974,-14.94055,0.6481533,0.4786619,-0.5696641,0.16205876
0.652046,-1.3214029,-15.211541,0.16614452,0.82948864,0.29159898,0.44644672
0.9883513,-0.5545292,-14.94006,0.64803314,0.47864237,-0.56976634,0.16223721
0.65210694,-1.3215985,-15.211713,0.16615145,0.8293314,0.29173782,0.44664544
0.98859364,-0.55358166,-14.939658,0.64789724,0.47861654,-0.5699218,0.16231033
0.6521626,-1.3217771,-15.21187,0.16608866,0.8291576,0.29194623,0.4468553
0.9887946,-0.5527959,-14.939326,0.6476506,0.47881934,-0.56993026,0.1626665
0.6525482,-1.3219407,-15.212015,0.16609459,0.828942,0.29214665,0.447122
0.9903556,-0.55209136,-14.939028,0.6474305,0.47884262,-0.5701007,0.1628766
0.6529017,-1.3220906,-15.212146,0.16601543,0.82878643,0.29227784,0.44735393
0.9903123,-0.5542178,-14.938776,0.6473779,0.47876582,-0.57006866,0.16342275
0.6532265,-1.3222283,-15.212267,0.16592188,0.8286162,0.29245842,0.447586
0.9902753,-0.55468,-14.9385605,0.6473101,0.47876415,-0.5701062,0.16356535
0.6532384,-1.3220681,-15.2123785,0.16583842,0.8284929,0.2925451,0.44778854
0.99167407,-0.55510074,-14.938365,0.64700496,0.47891194,-0.5702209,0.16393931
0.6537945,-1.3221931,-15.2124815,0.16580583,0.8283343,0.29260486,0.44805497
0.99287283,-0.55401874,-14.938197,0.64681304,0.4788895,-0.57041967,0.16407065
0.6540521,-1.3223099,-15.212578,0.16576126,0.82818735,0.29272014,0.4482676
0.99246293,-0.5545246,-14.93806,0.6468386,0.4789066,-0.57028824,0.16437641
0.6546725,-1.3224473,-15.21269,0.16565634,0.82800835,0.2928177,0.44857317
0.9935169,-0.55355334,-14.937942,0.6466405,0.47899607,-0.5704087,0.16447748
0.65463734,-1.32226,-15.212802,0.16544434,0.82792574,0.29288173,0.44876224
0.9944544,-0.55415606,-14.937836,0.64662117,0.4789656,-0.5703759,0.16475557
0.65537125,-1.3220425,-15.212932,0.1652697,0.8277712,0.29295343,0.44906485
0.9938159,-0.55464125,-14.937752,0.64659625,0.47897887,-0.5703651,0.16485207
0.6557161,-1.3226582,-15.213066,0.16518046,0.8276107,0.29309437,0.44930142
0.9932955,-0.55503666,-14.937682,0.64668036,0.47892055,-0.5702916,0.1649458
0.6565979,-1.3223599,-15.213218,0.16487822,0.827313,0.2931985,0.4498924
0.99417573,-0.55404866,-14.937622,0.64602697,0.4789043,-0.5708128,0.16574824
0.6582746,-1.3226265,-15.213398,0.16464575,0.82695216,0.2933323,0.45055312
0.99496526,-0.55454594,-14.937569,0.6456193,0.4786842,-0.571142,0.16683559
0.6601702,-1.3221747,-15.213602,0.16437812,0.8266142,0.29341152,0.45121893
0.9956372,-0.55359393,-14.937523,0.64521885,0.47856995,-0.5716002,0.16714256
0.6623197,-1.3216623,-15.214761,0.16407079,0.8262776,0.29352307,0.45187432
0.99623007,-0.55416995,-14.937483,0.6451064,0.47853497,-0.5715262,0.16792823
0.6634478,-1.3211479,-15.215923,0.16381708,0.8259813,0.2935758,0.4524734
0.9967295,-0.553256,-14.9374485,0.64478594,0.4785159,-0.57184774,0.16811873
0.6645049,-1.3206661,-15.215931,0.1635673,0.825688,0.29363406,0.45306098
0.9971592,-0.5538785,-14.938828,0.64470327,0.4784568,-0.5718487,0.16860017
0.6655203,-1.320203,-15.21711,0.16330819,0.825417,0.29369545,0.45360813
0.9975183,-0.5530192,-14.939981,0.6446731,0.47850245,-0.5717601,0.1688857
0.66781545,-1.3210524,-15.218262,0.16316253,0.8251087,0.29376054,0.45417887
0.9978294,-0.55367017,-14.94098,0.64465797,0.47841093,-0.57177,0.16916929
0.6685274,-1.3204598,-15.219301,0.16289723,0.82504565,0.29372817,0.45440963
0.9980985,-0.5542333,-14.941844,0.6448688,0.47880912,-0.5710478,0.1696779
0.6691615,-1.3199319,-15.220227,0.16274875,0.82510304,0.2936232,0.4544264
0.99833083,-0.5547193,-14.94259,0.645022,0.4791069,-0.57058483,0.16981247
0.6712625,-1.3194468,-15.221078,0.162662,0.8251991,0.2934462,0.45439723
0.99716145,-0.5551125,-14.943193,0.6453067,0.47944734,-0.5699207,0.16999961
0.6700581,-1.3190589,-15.221758,0.16256815,0.82542205,0.29325008,0.4541525
0.9974968,-0.55414385,-14.943685,0.64540327,0.47970814,-0.5696222,0.16989818
0.6690856,-1.320116,-15.222307,0.16258536,0.8256613,0.29310232,0.4538067
0.9965477,-0.5545719,-14.94409,0.6457515,0.47991613,-0.5690767,0.16981533
0.6682935,-1.3183733,-15.222755,0.16254888,0.8259482,0.29284084,0.4534664
0.9945974,-0.5549268,-14.944426,0.6461682,0.480178,-0.5684681,0.16952851
0.6676429,-1.3169421,-15.223123,0.16254406,0.8262623,0.2925904,0.45305738
0.9929688,-0.5541177,-14.944706,0.6465224,0.48042873,-0.5679639,0.16915695
0.6659294,-1.3169322,-15.223427,0.1625629,0.8266045,0.29233956,0.45258814
0.9915996,-0.5544876,-14.9449415,0.6468298,0.48072973,-0.5674084,0.1689909
0.6645006,-1.316924,-15.22368,0.16261272,0.82691497,0.29205424,0.45218703
0.990441,-0.55380297,-14.945141,0.64698505,0.48111007,-0.56699115,0.1687144
0.66330075,-1.3158567,-15.223893,0.16260397,0.827185,0.2918384,0.4518357
0.9894546,-0.55322003,-14.945311,0.6471373,0.48151025,-0.566547,0.16848078
0.6632941,-1.3159621,-15.224074,0.16260839,0.82739824,0.29167253,0.4515505
0.9886099,-0.55272084,-14.9454565,0.6472478,0.481966,-0.56612223,0.16818047
0.6623314,-1.3150947,-15.224228,0.16253404,0.8276313,0.29149818,0.45126265
0.9870273,-0.5531465,-14.945582,0.6474397,0.4823461,-0.5656582,0.16791357
0.66241705,-1.3152618,-15.2243595,0.16255651,0.82778174,0.29138753,0.4510499
0.98647016,-0.55351484,-14.94569,0.64751023,0.48279977,-0.565227,0.16779013
0.66162705,-1.3154056,-15.224472,0.16257545,0.82791525,0.2912846,0.45086464
0.9852136,-0.55306315,-14.945784,0.6475688,0.48328444,-0.56482935,0.16750692
0.6601234,-1.3147094,-15.224569,0.1625054,0.8280792,0.29122314,0.45062837
0.9841157,-0.5526686,-14.945866,0.6475686,0.48404974,-0.5641982,0.16742535
0.65959644,-1.314884,-15.224654,0.16249126,0.82818544,0.29120722,0.4504486
0.9831524,-0.55232227,-14.945937,0.6475684,0.48467463,-0.5636932,0.16731934
0.6591365,-1.3150363,-15.223988,0.1625454,0.8282477,0.29121098,0.4503121
0.98230356,-0.5520172,-14.946001,0.64756614,0.48512197,-0.5633568,0.16716456
0.65873307,-1.3151699,-15.223403,0.16256474,0.8282964,0.29125538,0.4501868
0.9815527,-0.55174726,-14.945429,0.64756095,0.48547235,-0.5630627,0.16715832
0.6583779,-1.3152875,-15.222888,0.16261259,0.8283357,0.29128072,0.45008087
0.9814834,-0.552105,-14.944921,0.64749247,0.48565617,-0.5629652,0.16721757
0.65898365,-1.316682,-15.222029,0.1628229,0.82827073,0.2913201,0.4500989
0.98136646,-0.55109817,-14.944062,0.64716667,0.48562494,-0.56332326,0.1673638
0.65923715,-1.3166927,-15.22167,0.16290303,0.82822627,0.29134607,0.45013484
0.9813169,-0.55092734,-14.9437,0.64707613,0.4854678,-0.5635286,0.16747856
0.65946364,-1.3167022,-15.221349,0.16298187,0.8281735,0.29135805,0.4501956
0.981759,-0.5512602,-14.943374,0.6469457,0.4853307,-0.5637214,0.16773066
0.66034037,-1.3167186,-15.220803,0.16308326,0.8280672,0.2914051,0.4503241
0.98251814,-0.5509517,-14.942813,0.64668113,0.48503605,-0.56414634,0.16817395
0.660481,-1.3167254,-15.22057,0.1631185,0.8280266,0.29142296,0.4503744
0.98284495,-0.5508189,-14.942572,0.6465685,0.48490566,-0.5643392,0.16833614
0.66072327,-1.3167374,-15.220167,0.16311426,0.82794064,0.29151833,0.4504722
0.9826552,-0.5513455,-14.942152,0.64651597,0.48468366,-0.5645079,0.16861098
0.66082793,-1.3167425,-15.220393,0.16310708,0.8278809,0.29159155,0.4505372
0.98257273,-0.55121696,-14.9423275,0.6464755,0.4846613,-0.5645446,0.16870795
0.660543,-1.3167473,-15.2206,0.16303998,0.82782686,0.29170328,0.45058826
0.9824973,-0.5510994,-14.942488,0.6464091,0.48474374,-0.56452405,0.16879438
0.66064423,-1.3163904,-15.220788,0.16296402,0.82776177,0.29180455,0.45066985
0.98242813,-0.5509917,-14.942635,0.6463612,0.48485732,-0.56445885,0.1688694
0.6607368,-1.3164073,-15.220961,0.16289788,0.82768697,0.29190838,0.4507639
0.98236465,-0.55089283,-14.94277,0.6463,0.48499617,-0.56439924,0.16890414
0.66082156,-1.3164227,-15.221117,0.16281123,0.8276066,0.29202685,0.450866
0.9820149,-0.55109316,-14.942894,0.646295,0.48513928,-0.56426334,0.16896637
0.66097784,-1.3161519,-15.221407,0.16259845,0.827445,0.29225743,0.45109007
0.9819276,-0.5509159,-14.943113,0.64611787,0.48555145,-0.5640796,0.1690733
0.66145223,-1.3161801,-15.221575,0.16245343,0.82725555,0.29246718,0.45135373
0.9816391,-0.55083734,-14.943211,0.64600086,0.4858632,-0.5639116,0.16918527
0.6625633,-1.3157077,-15.221788,0.16222614,0.8269878,0.29275346,0.45174044
0.9816094,-0.55052733,-14.943301,0.64580566,0.4862116,-0.56381005,0.16926791
0.6631742,-1.3157762,-15.222016,0.16191109,0.82669485,0.29314196,0.4521376
0.98158187,-0.5504655,-14.943159,0.6456119,0.48653513,-0.56368774,0.16948469
0.6645478,-1.3158535,-15.222272,0.16157421,0.8262668,0.29359764,0.45274428
0.98155636,-0.550194,-14.9430275,0.6453693,0.48683777,-0.5636292,0.16973402
0.6651607,-1.3152183,-15.221808,0.16118705,0.82585824,0.2940212,0.45335257
0.9817361,-0.5501453,-14.942905,0.6450695,0.4870243,-0.563709,0.17007338
0.6689434,-1.3155051,-15.220795,0.1605988,0.8249029,0.29491347,0.45471883
0.98206615,-0.5500558,-14.942681,0.6444754,0.48716044,-0.56404775,0.17081112
0.6714775,-1.3156538,-15.220269,0.1603658,0.8243619,0.29529178,0.45553607
0.98222584,-0.5500125,-14.942573,0.64421874,0.48693243,-0.5644012,0.17126106
0.6740116,-1.3158023,-15.219744,0.1602714,0.8239074,0.29548964,0.45626262
0.9825745,-0.5499701,-14.942466,0.6438862,0.48667544,-0.5648855,0.17164528
0.6751075,-1.3159398,-15.220505,0.1600711,0.8235667,0.29565302,0.4568419
0.98291624,-0.5499285,-14.942361,0.64365846,0.486325,-0.56532794,0.17203523
0.6761063,-1.3147594,-15.221198,0.15986072,0.8233129,0.29565725,0.45737004
0.98325115,-0.55008,-14.942259,0.6434804,0.4858766,-0.56578654,0.17246042
0.6784193,-1.3164564,-15.221838,0.15994713,0.8230113,0.29578313,0.45780107
0.9833918,-0.5500347,-14.942156,0.6432893,0.4854093,-0.5662903,0.17283498
0.680548,-1.3165196,-15.222427,0.15992607,0.8227906,0.2958076,0.4581889
0.9838508,-0.54997426,-14.942018,0.64302695,0.4848947,-0.56689066,0.17328717
0.6824534,-1.3165762,-15.222954,0.15991703,0.82263404,0.2958333,0.4584566
0.9848302,-0.5502643,-14.9418335,0.642774,0.4842237,-0.56759036,0.17381117
0.68411374,-1.3149667,-15.2234125,0.15991752,0.82256716,0.2957174,0.45865119
0.98553693,-0.5501512,-14.941615,0.6425962,0.48349392,-0.56827015,0.17427853
0.6855365,-1.3153055,-15.223805,0.15995611,0.822458,0.295804,0.45877767
0.9863106,-0.550554,-14.941376,0.642483,0.48269355,-0.56890005,0.17485835
0.6850056,-1.3155742,-15.224117,0.16001609,0.8223783,0.29574892,0.4589352
0.9878122,-0.5510084,-14.941734,0.64206076,0.48141485,-0.5701379,0.17589891
0.684579,-1.31579,-15.224369,0.15997782,0.82234204,0.295685,0.45905453
0.9894619,-0.55150765,-14.942129,0.6416989,0.48014793,-0.57134515,0.17676331
0.6858807,-1.3159761,-15.224585,0.16015282,0.8222501,0.29560536,0.45920947
0.9911894,-0.5528686,-14.942542,0.6413751,0.4790544,-0.57234806,0.17765848
0.68698776,-1.3161343,-15.224769,0.16029185,0.82218397,0.29553166,0.4593269
0.9941132,-0.5533579,-14.942999,0.64091456,0.47801015,-0.57351315,0.17837475
0.6886934,-1.3163785,-15.225052,0.1602857,0.82210267,0.29531386,0.45961443
1.000211,-0.55572027,-14.941584,0.6402737,0.47588068,-0.5756294,0.17954935
0.6893244,-1.3146741,-15.225156,0.16018844,0.8220718,0.29506364,0.45986423
1.0047517,-0.55600655,-14.940887,0.6399449,0.4748641,-0.57673144,0.17987639
0.6898417,-1.3150859,-15.225242,0.16010024,0.8220353,0.29490542,0.46006158
1.0071648,-0.5579032,-14.940267,0.6398751,0.4740727,-0.5773956,0.18008143
0.69213504,-1.317291,-15.225313,0.16016337,0.8218645,0.2949307,0.4603286
1.0092671,-0.5578315,-14.939726,0.6398113,0.4735204,-0.57792073,0.18007709
0.6921231,-1.3172079,-15.22537,0.16005683,0.82183397,0.29483378,0.4604823
1.0129869,-0.55776805,-14.939247,0.639622,0.47326145,-0.5782427,0.1803961
0.6940336,-1.3152183,-15.225419,0.15990493,0.8217142,0.2947278,0.46081647
1.0161637,-0.55771387,-14.938838,0.63959575,0.47307244,-0.5783992,0.18048361
0.6936521,-1.3155382,-15.225456,0.15974192,0.8216124,0.29475757,0.46103525
1.0188019,-0.55766886,-14.938498,0.63953817,0.47300828,-0.5784966,0.18054369
0.69526297,-1.313876,-15.225488,0.15947379,0.82148886,0.29477257,0.4613387
1.0209367,-0.55974877,-14.938223,0.6395837,0.4729828,-0.57836187,0.18087998
0.6965801,-1.3144883,-15.225513,0.15932162,0.82130456,0.29481685,0.4616909
1.0204957,-0.5592659,-14.938014,0.6396536,0.47302288,-0.5782245,0.18096748
0.69764495,-1.3129784,-15.227539,0.15896559,0.82097816,0.29490313,0.4623387
1.0222254,-0.558885,-14.939927,0.63941765,0.4735239,-0.57796836,0.18130875
0.6985008,-1.311765,-15.229166,0.15855852,0.8206915,0.29494068,0.46296293
1.0215396,-0.55860126,-14.941351,0.6393825,0.47398925,-0.57753766,0.18158892
0.6997273,-1.3100259,-15.231499,0.15806772,0.8201706,0.29517466,0.46390393
1.0190983,-0.55822337,-14.943249,0.6391692,0.47468394,-0.5770297,0.18213919
0.7023738,-1.3093909,-15.232351,0.15800692,0.8198137,0.2953882,0.4644192
1.0190609,-0.5580966,-14.943884,0.6390778,0.47489807,-0.5768496,0.18247217
0.70221776,-1.3089052,-15.233002,0.15784764,0.8195681,0.29566514,0.46473056
1.0174239,-0.5579974,-14.944382,0.6390778,0.47513962,-0.57658017,0.18269482
0.7021028,-1.3085475,-15.231405,0.15772848,0.81946784,0.29576555,0.46488392
1.0161288,-0.5579189,-14.944776,0.63913137,0.47535086,-0.5763106,0.18280835
0.70201594,-1.3082774,-15.2302,0.15767607,0.8193349,0.2958126,0.46510586
1.015094,-0.5578562,-14.943641,0.63914835,0.47549132,-0.5761349,0.18293706
0.7019506,-1.3099744,-15.229293,0.15764138,0.8191487,0.2959776,0.46534058
1.0142593,-0.5578056,-14.942724,0.63908756,0.4756931,-0.5759604,0.18317421
0.70190006,-1.3094552,-15.228592,0.15758759,0.8190239,0.29595712,0.46559146
1.0148896,-0.5577644,-14.9419775,0.63897943,0.47580746,-0.5759004,0.18344331
0.70185995,-1.3090426,-15.228034,0.15749024,0.81901056,0.29591233,0.4656764
1.0154068,-0.5577307,-14.941365,0.6388991,0.47585803,-0.5759087,0.18356568
0.7036542,-1.3105291,-15.227574,0.1576484,0.8189396,0.29595312,0.4657217
1.0158539,-0.55770147,-14.940836,0.63879883,0.47588828,-0.5759218,0.18379511
0.7051575,-1.3098841,-15.227188,0.1577034,0.8189449,0.29586026,0.4657529
1.0162472,-0.5589226,-14.940371,0.63875943,0.475718,-0.5760306,0.18403144
0.70637053,-1.3112626,-15.226877,0.15781951,0.8189389,0.2958287,0.46574408
1.0165938,-0.55873615,-14.9399605,0.63879377,0.4756071,-0.57604456,0.18415536
0.7073635,-1.3104539,-15.226623,0.15785812,0.8188853,0.2957776,0.46585768
1.0168984,-0.55857235,-14.939601,0.6387873,0.47545242,-0.57613206,0.18430305
0.7102827,-1.3097634,-15.228477,0.1579038,0.8188805,0.29553726,0.4660031
1.0185456,-0.55842054,-14.939266,0.63864905,0.4753128,-0.57636476,0.18441465
0.710494,-1.3112411,-15.2278805,0.15816277,0.81886214,0.29553014,0.46595207
1.0185933,-0.55963963,-14.938983,0.638722,0.47508365,-0.57643604,0.18452965
0.7106596,-1.3104182,-15.229394,0.15813161,0.81895804,0.2953593,0.46590236
1.020065,-0.5607504,-14.938725,0.638665,0.4748152,-0.5766592,0.1847209
0.71078795,-1.3117146,-15.230567,0.15833995,0.8189129,0.29532516,0.46593255
1.0198941,-0.5602802,-14.938512,0.6386821,0.4745624,-0.5769029,0.18455002
0.71088976,-1.3108225,-15.231498,0.15847248,0.8189524,0.29511356,0.46595225
1.0211706,-0.5612943,-14.939751,0.63862675,0.47427875,-0.57714593,0.18471086
0.7109709,-1.3101118,-15.23224,0.15862681,0.8189166,0.29505357,0.46600062
1.0208486,-0.5621148,-14.940753,0.6386743,0.47389293,-0.5773978,0.1847495
0.7092162,-1.3113873,-15.230988,0.15885031,0.8189528,0.29504713,0.46586493
1.0205858,-0.56149733,-14.94157,0.6386274,0.4737034,-0.57761425,0.1847213
0.7095898,-1.3123701,-15.231748,0.15934917,0.81910497,0.29474485,0.4656183
1.0216601,-0.56095505,-14.942288,0.6386233,0.4731113,-0.57797587,0.18512152
0.7082417,-1.3131361,-15.23234,0.15966761,0.8193103,0.2944797,0.46531567
1.0213022,-0.56050974,-14.942879,0.63877356,0.47262,-0.57813585,0.18535815
0.706172,-1.3127408,-15.233179,0.16025966,0.8196711,0.294055,0.46474496
1.0218337,-0.5621203,-14.94385,0.63915396,0.47164866,-0.5783904,0.18572664
0.7055159,-1.3133433,-15.232073,0.16063203,0.8198568,0.2940477,0.4642932
1.0227193,-0.56278414,-14.944249,0.6391564,0.47101924,-0.578902,0.18572177
0.7036486,-1.313832,-15.231175,0.1608668,0.82009107,0.29408044,0.46377707
1.0222353,-0.56454456,-14.944579,0.6392638,0.47057557,-0.57914764,0.18571082
0.702121,-1.3142319,-15.230441,0.16106148,0.82027096,0.29412767,0.46336126
1.0230596,-0.564883,-14.94488,0.63917583,0.4702509,-0.5795276,0.18565057
0.70206636,-1.3145615,-15.2298355,0.161273,0.82037824,0.29417625,0.46306697
1.0252277,-0.5652046,-14.945165,0.63905114,0.46997923,-0.5798662,0.18571065
0.7008762,-1.3148355,-15.229332,0.16143736,0.82047397,0.29425192,0.4627919
1.0257084,-0.56548554,-14.945415,0.63897073,0.46984443,-0.58000773,0.18588649
0.6998802,-1.3161522,-15.22891,0.16154552,0.820562,0.29433578,0.46254456
1.0261257,-0.5657294,-14.94563,0.63891184,0.4697021,-0.58014446,0.18602182
0.69904107,-1.3162285,-15.228557,0.16159752,0.82057875,0.29445517,0.46242076
1.0264858,-0.5659398,-14.945817,0.6388196,0.46978968,-0.5801015,0.18625116
0.6993111,-1.3162932,-15.228256,0.161502,0.8204918,0.29469708,0.4624544
1.0267951,-0.56612056,-14.945977,0.63876414,0.47000596,-0.5798724,0.18660899
0.6986089,-1.3163483,-15.227999,0.16126864,0.8203006,0.29502735,0.46266437
1.0270598,-0.56627524,-14.946115,0.63867044,0.47007295,-0.57982767,0.18689963
0.6999453,-1.3164365,-15.22759,0.16089526,0.81995815,0.2953865,0.46317184
1.027477,-0.5665191,-14.946332,0.6381611,0.46950886,-0.5806183,0.18760142
0.70088947,-1.3172714,-15.227426,0.1608395,0.81979746,0.2954804,0.46341568
1.0291923,-0.56506467,-14.946418,0.63779145,0.46901426,-0.5812964,0.1879956
0.70171183,-1.3172389,-15.227283,0.1607153,0.81966776,0.29552716,0.46365848
1.0307086,-0.56541336,-14.946492,0.6376157,0.4685917,-0.5816076,0.18868157
0.7024314,-1.3172106,-15.227157,0.16061522,0.8194924,0.2956335,0.4639352
1.0320209,-0.5657152,-14.946558,0.6373219,0.46800098,-0.58216417,0.18942225
0.7030636,-1.3171856,-15.227046,0.16049407,0.81930745,0.29568788,0.46426895
1.0331377,-0.5659721,-14.946613,0.6371657,0.46763256,-0.5824152,0.1900846
0.7036308,-1.3171633,-15.226948,0.16041,0.8190897,0.29580587,0.46460697
1.0323292,-0.5661713,-14.946657,0.6372032,0.46711785,-0.5826364,0.19054607
0.7042092,-1.3178657,-15.226847,0.16035636,0.81886345,0.29593378,0.4649427
1.0333619,-0.56634,-14.946693,0.6371899,0.466696,-0.58284235,0.19099426
0.70563966,-1.3169564,-15.226741,0.16026694,0.81865066,0.2959563,0.4653337
1.0361247,-0.5664892,-14.946726,0.6368497,0.46650675,-0.58320755,0.19147587
0.70615035,-1.3169479,-15.226639,0.1602542,0.81847084,0.29597598,0.46564192
1.0384852,-0.5666167,-14.9467535,0.6366009,0.466148,-0.58367497,0.19175248
0.7076657,-1.3169391,-15.226534,0.16008754,0.81825095,0.29611436,0.46599758
1.0384091,-0.5667178,-14.946775,0.63663715,0.46601284,-0.58370167,0.19187917
0.70914614,-1.315856,-15.22643,0.1599156,0.8180696,0.2961472,0.46635395
1.0383515,-0.56494445,-14.946792,0.6365815,0.4658843,-0.5838915,0.19179848
0.70938027,-1.3149192,-15.227387,0.1597236,0.8179456,0.29620603,0.46659985
1.0383058,-0.565356,-14.946805,0.6365678,0.4656193,-0.58412325,0.19178177
0.7107487,-1.3151498,-15.227177,0.15958309,0.81773657,0.29633257,0.46693388
1.0382701,-0.565676,-14.945067,0.6365073,0.4656097,-0.5841367,0.19196467
0.71081364,-1.3153523,-15.226991,0.15940167,0.81758034,0.29647586,0.46717831
1.0382416,-0.5676436,-14.945386,0.63662213,0.46548092,-0.5840915,0.19203366
0.7120993,-1.3155446,-15.226815,0.15925558,0.8173598,0.29672596,0.46745518
1.0400124,-0.567545,-14.945662,0.63645387,0.4653429,-0.58435154,0.19213502
0.7132776,-1.3157208,-15.22794,0.15920322,0.8171141,0.2968669,0.4678129
1.0415081,-0.56746167,-14.945894,0.636233,0.4653264,-0.58451545,0.19240764
0.71433383,-1.3172089,-15.227617,0.15908724,0.8168982,0.29716414,0.46804067
1.0408792,-0.5673976,-14.946073,0.6362212,0.46545115,-0.584442,0.1923678
0.71393466,-1.3158994,-15.228618,0.15853742,0.81663287,0.29755583,0.4684413
1.0403879,-0.56905293,-14.946212,0.6363712,0.46556193,-0.58415824,0.19246566
0.71486014,-1.3160272,-15.229494,0.15823767,0.81627357,0.2979419,0.46892327
1.0417321,-0.56869787,-14.946331,0.6361532,0.46582326,-0.5842061,0.19240853
0.7156938,-1.3161422,-15.230284,0.15795973,0.81599385,0.29825214,0.46930653
1.042871,-0.5702247,-14.946431,0.636172,0.466089,-0.58392775,0.19254783
0.71643645,-1.3162447,-15.230988,0.15775323,0.8157524,0.29837897,0.4697148
1.0438043,-0.56962657,-14.946514,0.63610375,0.4663273,-0.5838381,0.19246812
0.71861714,-1.3178283,-15.231644,0.15774421,0.8153898,0.29860613,0.47020286
1.0427636,-0.57092446,-14.946577,0.636342,0.46646127,-0.5834323,0.19258623
0.71928084,-1.3175485,-15.232679,0.15747032,0.8152986,0.29865068,0.4704244
1.0397357,-0.5713295,-14.946665,0.63679916,0.46715367,-0.58240026,0.19252083
0.7180841,-1.3160048,-15.233061,0.15730056,0.8155442,0.29836932,0.4702341
1.0379747,-0.5706691,-14.946695,0.6369115,0.4676574,-0.5818383,0.19262527
0.7199469,-1.316133,-15.233384,0.15743029,0.8155919,0.29815385,0.47024462
1.036564,-0.5687092,-14.94672,0.6370108,0.46804613,-0.58145887,0.19249839
0.7187162,-1.314869,-15.233646,0.15732652,0.8159119,0.2978719,0.46990258
1.0354232,-0.5684838,-14.94674,0.63723576,0.46834567,-0.5809573,0.19253957
0.7177135,-1.3151383,-15.23386,0.15741573,0.81610465,0.2976879,0.46965453
1.0332013,-0.5695914,-14.946756,0.6374516,0.4686783,-0.5804127,0.1926586
0.7156553,-1.3141253,-15.234035,0.15731888,0.81638324,0.29747817,0.46933556
1.032601,-0.5680486,-14.94677,0.6375337,0.46902293,-0.5800475,0.19264822
0.7151238,-1.3132865,-15.23418,0.15716729,0.8165761,0.29729643,0.46916607
1.0321035,-0.5679355,-14.94678,0.63765204,0.4693242,-0.57962,0.19280924
0.7157943,-1.3137009,-15.234301,0.1572953,0.816627,0.2972255,0.46907946
1.0327954,-0.56784105,-14.94679,0.6377379,0.4695315,-0.5793352,0.1928765
0.71529925,-1.3140489,-15.234403,0.1573316,0.8167489,0.2971359,0.4689119
1.0323251,-0.56776166,-14.946797,0.6377826,0.46978143,-0.5790679,0.19292283
0.7148807,-1.3143431,-15.2344885,0.15730251,0.81686616,0.2970566,0.46876764
1.0319272,-0.5676945,-14.946805,0.63790685,0.469958,-0.5787527,0.1930279
0.7145247,-1.3136383,-15.234561,0.15735576,0.81694496,0.2969625,0.46867204
1.0306392,-0.5676373,-14.946811,0.63799804,0.47014132,-0.5784996,0.19303872
0.71422005,-1.3139426,-15.234624,0.15748012,0.81703943,0.29681766,0.46855727
1.0304383,-0.5675884,-14.9468155,0.6380585,0.47011465,-0.5784563,0.1930336
0.71395797,-1.3142045,-15.234677,0.15760247,0.81711745,0.29664397,0.46849018
1.031122,-0.56754625,-14.946818,0.638078,0.47007394,-0.57845706,0.19306582
0.7137313,-1.3136119,-15.234724,0.15764874,0.8172202,0.29645854,0.46841273
1.0308998,-0.5675098,-14.946822,0.63815117,0.4699763,-0.5784542,0.19307028
0.71275645,-1.3138748,-15.234764,0.15766837,0.81730306,0.29631808,0.46835038
1.0307066,-0.56747806,-14.946826,0.6382432,0.46986723,-0.5784429,0.19306538
0.7126442,-1.3141046,-15.234799,0.15770523,0.8173451,0.29621643,0.46832898
1.0305377,-0.5674504,-14.946828,0.63824016,0.46980524,-0.5785005,0.19305351
0.7125459,-1.3136038,-15.23483,0.15766416,0.8173617,0.29612994,0.46836844
1.0303897,-0.5674261,-14.946831,0.63820434,0.46960855,-0.57871294,0.19301395
0.71245927,-1.3138298,-15.234857,0.15769805,0.8173284,0.2960579,0.46846068
1.0302591,-0.5674046,-14.946833,0.63817465,0.46940908,-0.5789186,0.19298096
0.71301633,-1.3133961,-15.234881,0.15774061,0.8172611,0.2960087,0.4685949
1.0301437,-0.56738573,-14.9468355,0.6381425,0.46916717,-0.57915485,0.19296664
0.7129087,-1.3130113,-15.234902,0.15770818,0.81721264,0.29600206,0.46869445
1.0306396,-0.56796724,-14.946836,0.63808185,0.46890312,-0.5794361,0.19296469
0.71281284,-1.3126686,-15.234921,0.15767407,0.8171833,0.29597974,0.4687711
1.0305129,-0.56848526,-14.946837,0.6380528,0.4686456,-0.5796791,0.19295642
0.7127272,-1.3129056,-15.23494,0.15764987,0.81713426,0.29600236,0.46885052
1.0303998,-0.56894827,-14.946838,0.63802105,0.46842736,-0.57988536,0.19297153
0.7126504,-1.3126018,-15.234955,0.15756512,0.8170886,0.2960168,0.46894938
1.0308112,-0.56885046,-14.94684,0.63795656,0.468201,-0.58014,0.19296838
0.7130717,-1.3118385,-15.234968,0.15747726,0.8170218,0.2960078,0.46910098
1.0311812,-0.56924987,-14.946841,0.63790685,0.46797752,-0.58034575,0.19305652
0.7134995,-1.311588,-15.2349825,0.15739055,0.8169024,0.2960762,0.46929482
1.031515,-0.56914705,-14.946842,0.6378519,0.46776813,-0.5805462,0.19314298
0.71392137,-1.3118882,-15.234997,0.15735702,0.81677926,0.29622132,0.46942884
1.0318315,-0.5695109,-14.946843,0.63779664,0.467592,-0.580705,0.19327433
0.71433836,-1.3121849,-15.235011,0.15733965,0.8166224,0.29633293,0.4696371
1.0321485,-0.56938994,-14.946845,0.6377692,0.4674106,-0.5808524,0.19336097
0.7147689,-1.3118616,-15.235024,0.1572574,0.81647396,0.29644838,0.46984977
1.0324655,-0.569269,-14.946846,0.63770294,0.46727303,-0.58099407,0.19348586
0.7152064,-1.3115331,-15.235039,0.15694486,0.8161801,0.2966604,0.47033072
1.0322651,-0.5691602,-14.946847,0.63760495,0.46719614,-0.5810989,0.19367959
0.7156227,-1.311922,-15.235053,0.15664619,0.8158424,0.29693007,0.47084582
1.0325593,-0.5690573,-14.946848,0.63744134,0.4671181,-0.5812778,0.19386971
0.7160359,-1.3115568,-15.235065,0.15627423,0.81556404,0.2970311,0.47138754
1.032856,-0.56895345,-14.946849,0.63728184,0.46705988,-0.5814305,0.1940762
0.71735543,-1.3111645,-15.23508,0.15597372,0.8152632,0.29719433,0.4719044
1.033814,-0.568835,-14.946851,0.6371017,0.46696642,-0.58164155,0.19425984
0.7187151,-1.3107603,-15.235095,0.15575695,0.8150061,0.29728937,0.47235996
1.0341029,-0.5687194,-14.946852,0.63697886,0.46687627,-0.581775,0.19447969
0.72137,-1.309971,-15.235125,0.15519086,0.8146679,0.2973196,0.47311005
1.0339919,-0.5685078,-14.946853,0.6370055,0.46660453,-0.5818748,0.19474615
0.721313,-1.3084452,-15.235138,0.15487565,0.8145513,0.2973521,0.47339356
1.0342541,-0.56841916,-14.946853,0.63691974,0.46652052,-0.581959,0.19497593
0.72246975,-1.3095024,-15.235148,0.15484512,0.81435484,0.2975568,0.47361284
1.033906,-0.5689216,-14.946853,0.6369441,0.46650288,-0.581858,0.19524004
0.7222777,-1.309225,-15.235157,0.15475525,0.8142165,0.29768354,0.4738005
1.0341702,-0.56941205,-14.946853,0.63683504,0.46641716,-0.58190984,0.19564551
0.72335845,-1.3089659,-15.235166,0.15486805,0.814026,0.29776102,0.4740422
1.0344254,-0.56926334,-14.946853,0.6367075,0.46638128,-0.5819788,0.195941
0.7243483,-1.3087288,-15.235174,0.15496689,0.81382173,0.2978675,0.47429365
1.0346838,-0.5697868,-14.946853,0.6366588,0.46635196,-0.5818706,0.19648935
0.72898316,-1.3082945,-15.235189,0.15548304,0.81347674,0.2975568,0.47491115
1.0359921,-0.5709372,-14.946856,0.63648367,0.4663825,-0.5816034,0.19777127
0.73088485,-1.3097556,-15.235195,0.15574923,0.81349504,0.29712722,0.4750616
1.0371218,-0.5705692,-14.946856,0.6362897,0.46624473,-0.58173275,0.19833907
0.7308234,-1.3093317,-15.2352,0.15576985,0.8135783,0.29669118,0.47518474
1.0382228,-0.5702105,-14.9468565,0.6362074,0.46608266,-0.5818254,0.19871211
0.73077273,-1.3089817,-15.235205,0.15585954,0.81363297,0.29630166,0.47530472
1.0392787,-0.5698665,-14.9468565,0.6360685,0.46589074,-0.5821011,0.19879904
0.73073083,-1.3086921,-15.235208,0.15591162,0.8136671,0.2959549,0.47544524
1.039151,-0.57061696,-14.9468565,0.6360905,0.4656402,-0.5821975,0.19903314
0.730696,-1.308452,-15.23521,0.15592907,0.813685,0.29565707,0.47559416
1.0390382,-0.5712785,-14.9468565,0.63603806,0.465402,-0.58242756,0.19908477
0.7320527,-1.3066559,-15.235215,0.15597029,0.81349546,0.29529145,0.47613174
1.0399363,-0.5715155,-14.9468565,0.6358259,0.4646998,-0.583158,0.19926459
0.7317951,-1.3051381,-15.235216,0.15585126,0.81343955,0.29510328,0.4763828
1.0408946,-0.5721571,-14.9468565,0.6357629,0.46424386,-0.58355474,0.19936673
0.7315875,-1.3054823,-15.235217,0.15576807,0.8133349,0.2950998,0.4765909
1.0405577,-0.57387275,-14.9468565,0.6358965,0.46371305,-0.58381486,0.19941433
0.7314185,-1.3057625,-15.235218,0.15576874,0.81317645,0.29509762,0.4768621
1.0414836,-0.57424176,-14.946857,0.6358626,0.4632856,-0.5842032,0.19937909
0.7312796,-1.305993,-15.23522,0.15574484,0.81305736,0.2950553,0.4770993
1.0423356,-0.57458127,-14.946857,0.6358583,0.46282598,-0.58455026,0.19944291
0.73272246,-1.3061976,-15.235221,0.15570197,0.8129185,0.2950237,0.47736928
1.043106,-0.5748882,-14.946857,0.635836,0.46235764,-0.5849263,0.1994977
0.7340006,-1.3047214,-15.236878,0.15547994,0.8127525,0.29496497,0.4777606
1.0452249,-0.57373065,-14.946857,0.6355928,0.46203405,-0.58546686,0.19943658
0.7370283,-1.3033592,-15.238409,0.15535004,0.81248456,0.29496562,0.47825783
1.047105,-0.57270366,-14.946857,0.63543725,0.46169305,-0.58592254,0.19938357
0.73960596,-1.3041476,-15.239711,0.15492575,0.811818,0.29567927,0.47908595
1.0472012,-0.5733312,-14.946857,0.63532674,0.4612996,-0.5863235,0.1994681
0.7500954,-1.3054252,-15.241822,0.15266553,0.8088881,0.29956892,0.48233992
1.0489637,-0.5755966,-14.946858,0.6347299,0.4610423,-0.5868353,0.20045531
0.75783217,-1.3059206,-15.2426405,0.15131491,0.80706996,0.3017744,0.48443183
1.050438,-0.57579577,-14.946858,0.63434356,0.46101502,-0.5870883,0.20099963
0.7609716,-1.3062952,-15.24326,0.15038402,0.8058258,0.30331728,0.4858271
1.0537024,-0.57788074,-14.946858,0.63397974,0.4609982,-0.5872341,0.20175867
0.76328546,-1.3065712,-15.243717,0.1497463,0.80491257,0.3042755,0.4869376
1.054429,-0.57765007,-14.946858,0.63376665,0.46102825,-0.5873735,0.20195375
0.7679271,-1.306777,-15.244057,0.14944723,0.80404365,0.3049289,0.4880551
1.0550231,-0.57942677,-14.946858,0.63354784,0.46093342,-0.58753884,0.20237514
0.7682385,-1.304049,-15.244289,0.14892413,0.8037114,0.30515176,0.48862258
1.0554924,-0.5788785,-14.946858,0.63320655,0.46099558,-0.5878045,0.20253015
0.7714054,-1.3050289,-15.244457,0.14894189,0.8033353,0.30529183,0.48914802
1.0558648,-0.57844377,-14.946858,0.6331179,0.4610175,-0.5878472,0.20263337
0.7736417,-1.3057208,-15.2445755,0.1485386,0.80302674,0.30545273,0.48967642
1.0561607,-0.5780981,-14.946858,0.63286704,0.46096706,-0.58809364,0.20281683
0.7751916,-1.303185,-15.2446575,0.14721909,0.80299604,0.30475172,0.49056122
1.0563853,-0.57599676,-14.946858,0.6328303,0.4611306,-0.58798546,0.20287322
0.7762393,-1.2985014,-15.244713,0.1465634,0.80301195,0.30419442,0.49107718
1.0565578,-0.57438236,-14.946858,0.6327697,0.46137285,-0.587909,0.20273295
0.7741058,-1.2982478,-15.244749,0.14613336,0.8030854,0.30389842,0.49126852
1.0566933,-0.57479197,-14.946858,0.63279265,0.4615391,-0.58767444,0.2029629
0.7726739,-1.2980777,-15.244774,0.14605218,0.8031805,0.3036819,0.4912709
1.0568057,-0.5751314,-14.946858,0.63291806,0.46164018,-0.58748597,0.20288767
0.7716929,-1.2979611,-15.24479,0.14591618,0.8032993,0.30353484,0.49120802
1.0568937,-0.57379615,-14.946858,0.63291556,0.46170858,-0.58749783,0.20270556
0.7710077,-1.2954608,-15.244802,0.14561501,0.80356073,0.30335146,0.49098298
1.0554423,-0.57426006,-14.946858,0.6331229,0.46183082,-0.587192,0.20266558
0.77015406,-1.2963728,-15.244816,0.14543012,0.80396503,0.30339044,0.49035156
1.0545835,-0.5749305,-14.946858,0.63362294,0.46187654,-0.5867379,0.20231383
0.7698859,-1.2966591,-15.246999,0.1455284,0.8041016,0.3033026,0.49015278
1.0536525,-0.5738702,-14.946858,0.63389754,0.46181303,-0.58667266,0.20178697
0.7719088,-1.2968868,-15.246496,0.14572544,0.80429125,0.30310217,0.4899069
1.0541271,-0.57423854,-14.946858,0.6340918,0.46167952,-0.5867274,0.20132227
0.7712547,-1.2970538,-15.246127,0.1459381,0.804529,0.3030378,0.4894928
1.0533428,-0.5733663,-14.946858,0.6342223,0.46168974,-0.58672917,0.2008822
0.77076596,-1.2971786,-15.247908,0.14614058,0.8047769,0.30289212,0.48911494
1.0538071,-0.57375735,-14.946858,0.6343748,0.46156904,-0.5867973,0.20047878
0.766692,-1.2954865,-15.246811,0.14662449,0.8054571,0.30236852,0.4881736
1.0535171,-0.5733538,-14.946858,0.63468784,0.46124372,-0.5870245,0.1995692
0.7653466,-1.2958809,-15.2464485,0.14691688,0.8059285,0.3020306,0.48751643
1.052939,-0.57369035,-14.946858,0.63488126,0.46096656,-0.58714855,0.19922908
0.7643029,-1.296187,-15.246168,0.14728306,0.8063634,0.30175614,0.48685634
1.0515339,-0.5739781,-14.946858,0.6350991,0.46075404,-0.5871924,0.19889703
0.76189286,-1.2964271,-15.245947,0.14766088,0.8067843,0.30140015,0.48626474
1.0511909,-0.57336044,-14.946858,0.6352062,0.46052366,-0.5873642,0.19858103
0.7614942,-1.2966175,-15.245772,0.14808619,0.8070676,0.30100134,0.4859123
1.0517162,-0.5736484,-14.946858,0.63532174,0.46027,-0.5875316,0.19830422
0.7597388,-1.2982062,-15.245633,0.14843784,0.8074041,0.30079046,0.48537618
1.0513917,-0.57389855,-14.946858,0.63546705,0.46000093,-0.5876722,0.19804598
0.75832033,-1.2981255,-15.245521,0.14869304,0.8077446,0.3004511,0.4849413
1.0511085,-0.5741169,-14.946858,0.6356135,0.45974815,-0.587746,0.19794399
0.75716406,-1.2980597,-15.245429,0.14897518,0.80815625,0.29988852,0.48451698
1.0508602,-0.57430834,-14.946858,0.6357873,0.45937997,-0.58785856,0.19790639
0.7562138,-1.2980056,-15.245353,0.14920151,0.80851406,0.29949293,0.48409507
1.0506415,-0.57447684,-14.946858,0.63595355,0.45896953,-0.5880406,0.19778387
0.7537353,-1.2979234,-15.244126,0.14954968,0.8091304,0.29874942,0.48341683
1.0508813,-0.5741537,-14.946858,0.6362072,0.4581728,-0.5884471,0.19760595
0.7532971,-1.2968361,-15.243149,0.14969118,0.80933714,0.298447,0.4832135
1.0512666,-0.5743074,-14.946858,0.63619655,0.45780447,-0.5887389,0.19762467
0.7529266,-1.2969198,-15.242322,0.14990187,0.8093726,0.29840153,0.48311692
1.0516108,-0.5744447,-14.946313,0.6361,0.45744324,-0.5890965,0.19770655
0.75261134,-1.2969909,-15.241618,0.15003122,0.8093587,0.2983595,0.48312598
1.0519192,-0.5745678,-14.945825,0.63601434,0.4571677,-0.5893902,0.19774385
0.7523415,-1.2970518,-15.241015,0.15011539,0.8093309,0.29840103,0.48312086
1.0522625,-0.5753143,-14.945282,0.6359045,0.4568886,-0.5896776,0.19788572
0.75296926,-1.2962443,-15.241357,0.15012026,0.80923885,0.29846245,0.48323554
1.0526254,-0.5761029,-14.9453945,0.6358295,0.45663548,-0.5899248,0.19797401
0.75269526,-1.2963626,-15.240836,0.15015884,0.8091464,0.29857475,0.48330897
1.0538051,-0.5761544,-14.945516,0.63568616,0.4565096,-0.59018105,0.19796094
0.75245714,-1.2972416,-15.240383,0.1501943,0.80904657,0.2987181,0.48337647
1.0550289,-0.57620776,-14.945641,0.635507,0.45640606,-0.5904828,0.19787502
0.7529865,-1.297272,-15.240725,0.15020004,0.80889773,0.29889965,0.4835116
1.0552329,-0.5754034,-14.945748,0.6353749,0.45638132,-0.5906873,0.1977456
0.75275034,-1.2979989,-15.240323,0.15015632,0.80881214,0.2990889,0.48355138
1.0554186,-0.57552046,-14.9458475,0.6353767,0.45637554,-0.59069777,0.19772226
0.7525424,-1.2986393,-15.23997,0.15013148,0.8087082,0.29928333,0.4836127
1.0555917,-0.5756296,-14.945939,0.6352568,0.45645976,-0.5907129,0.19786745
0.7529906,-1.2992055,-15.239658,0.15012518,0.80859137,0.29947332,0.48369223
1.0549161,-0.5765491,-14.946017,0.63526416,0.45656666,-0.5905886,0.19796821
0.7533884,-1.2991076,-15.239982,0.15008914,0.8084856,0.29961702,0.48379123
1.0551133,-0.5757797,-14.946087,0.63513905,0.45668563,-0.5906555,0.19789578
0.7531722,-1.2990203,-15.239699,0.15002885,0.8084257,0.29977798,0.48381034
1.0552855,-0.57585317,-14.946146,0.63509154,0.45667604,-0.5907664,0.19773965
0.753521,-1.2989423,-15.239989,0.14994103,0.80833685,0.29999995,0.4838485
1.0554526,-0.5767089,-14.946205,0.63500774,0.45680392,-0.59069055,0.1979396
0.75331885,-1.2993873,-15.239734,0.14988157,0.8081706,0.3003638,0.48391882
1.0556089,-0.5767105,-14.9462595,0.6348897,0.4567691,-0.59085584,0.19790539
0.75362617,-1.2992983,-15.239504,0.149809,0.80799514,0.30068904,0.4840323
1.055752,-0.57671195,-14.945512,0.63464373,0.4567948,-0.59106016,0.19802484
0.75436795,-1.299218,-15.239297,0.14976026,0.80780625,0.30098364,0.4841795
1.0567982,-0.5767134,-14.944739,0.6344006,0.45677412,-0.5913162,0.19808692
0.75459707,-1.2995869,-15.23911,0.14971067,0.8075973,0.30131447,0.4843377
1.0578974,-0.5777561,-14.943929,0.63412046,0.45668688,-0.5915639,0.19844536
0.75480485,-1.2999212,-15.238941,0.14968255,0.8073384,0.3016665,0.48455867
1.0600522,-0.5765274,-14.944268,0.6337656,0.45646474,-0.5921138,0.19845034
0.7549936,-1.3002249,-15.238788,0.14965346,0.80708796,0.3020063,0.48477328
1.0608982,-0.576552,-14.943407,0.63361275,0.45626146,-0.59241253,0.19851421
0.7561301,-1.3005633,-15.238616,0.14960481,0.80676174,0.3023751,0.48510134
1.0616972,-0.5778452,-14.942594,0.6334847,0.45617455,-0.59251875,0.19880505
0.7568568,-1.3003978,-15.238424,0.14953288,0.80651426,0.30264008,0.48536974
1.062373,-0.5764637,-14.941906,0.6333784,0.4560248,-0.59281206,0.19861324
0.7576604,-1.3008523,-15.238212,0.14951687,0.80631155,0.30282342,0.48559684
1.0629351,-0.5753148,-14.942515,0.63322055,0.4559526,-0.5930334,0.19862124
0.7585193,-1.3013381,-15.237985,0.14954913,0.8061287,0.30295756,0.48580697
1.063448,-0.5754955,-14.941841,0.633128,0.45594597,-0.59304976,0.19888254
0.75940984,-1.3018417,-15.23775,0.14971688,0.8059562,0.30304047,0.4859896
1.0653125,-0.5756708,-14.941188,0.63302785,0.45595697,-0.5930385,0.19920944
0.76030844,-1.30235,-15.237514,0.1498287,0.8059083,0.3030049,0.48605677
1.0669451,-0.57442886,-14.942012,0.63285697,0.45589554,-0.5932619,0.19922791
0.76119363,-1.3028507,-15.23728,0.14993103,0.8058867,0.3029608,0.48608857
1.0669452,-0.57613105,-14.941331,0.63287294,0.45592737,-0.59310395,0.1995743
0.7620472,-1.3033336,-15.237055,0.15016104,0.8059222,0.302813,0.48605084
1.0669454,-0.5775824,-14.94075,0.63295186,0.45601052,-0.5929037,0.19972883
0.7617668,-1.3027397,-15.237866,0.15029672,0.80606395,0.30251083,0.48596194
1.0669456,-0.5761688,-14.941575,0.63298154,0.45603767,-0.5928814,0.19963898
0.76152825,-1.3022343,-15.237605,0.15043591,0.80619985,0.3022678,0.48584464
1.0657123,-0.5774738,-14.94102,0.63312644,0.45618102,-0.5925545,0.19982225
0.76132405,-1.3027064,-15.237381,0.15062761,0.8063162,0.30206004,0.48572135
1.0658627,-0.5773829,-14.941732,0.63314205,0.45624354,-0.5924869,0.19983082
0.760289,-1.3022531,-15.237188,0.1507534,0.80650145,0.30179888,0.48553705
1.0648751,-0.5761939,-14.942327,0.6332106,0.45632344,-0.5923686,0.19978203
0.76021,-1.301861,-15.237021,0.15088667,0.80662334,0.30156374,0.4854394
1.0651029,-0.5762527,-14.942824,0.6332159,0.4564679,-0.59223557,0.1998297
0.76014125,-1.3015203,-15.237652,0.15100887,0.80673313,0.30130333,0.48538062
1.064291,-0.57630235,-14.943247,0.6333086,0.45664406,-0.5919798,0.1998912
0.76081795,-1.3019595,-15.237465,0.15116864,0.8068222,0.30110115,0.48530838
1.0636003,-0.5763446,-14.943606,0.6333688,0.45683292,-0.5917456,0.19996205
0.7600118,-1.3016448,-15.238002,0.15125737,0.8069732,0.30079815,0.48521745
1.0630094,-0.5763807,-14.943913,0.6334741,0.45719492,-0.5913097,0.20009074
0.75996655,-1.3020324,-15.238475,0.15136428,0.807076,0.30057746,0.48515004
1.0616395,-0.57641184,-14.944178,0.633578,0.45754164,-0.5909064,0.20016046
0.759295,-1.3017436,-15.238893,0.15140583,0.80719614,0.30033427,0.48508778
1.061273,-0.5764387,-14.9444065,0.63361967,0.45784017,-0.59062856,0.20016621
0.7586989,-1.3020874,-15.239263,0.1515081,0.8072769,0.30013618,0.48504385
1.0609545,-0.5764621,-14.944605,0.6336556,0.4580653,-0.59039795,0.20021738
0.7587379,-1.3023934,-15.2395935,0.15155083,0.8073169,0.29998025,0.48506054
1.0614148,-0.5764825,-14.944778,0.63360095,0.45825037,-0.59029746,0.20026343
0.7587729,-1.3021256,-15.239889,0.15157217,0.80734307,0.29981178,0.4851145
1.0611169,-0.57650036,-14.944931,0.6335865,0.45840675,-0.5901773,0.2003055
0.7582898,-1.3018852,-15.240668,0.15152316,0.8073576,0.29967046,0.48519275
1.0601883,-0.5758497,-14.945065,0.63356906,0.45857677,-0.59005165,0.20034154
0.75883293,-1.3016692,-15.241369,0.15150483,0.8073286,0.29954574,0.48532388
1.0606334,-0.5759075,-14.945183,0.6334976,0.45872384,-0.5899655,0.20048416
0.75885826,-1.3014745,-15.242001,0.15148264,0.80729675,0.29945496,0.48543984
1.060427,-0.57595885,-14.945288,0.63348436,0.45885164,-0.58982736,0.20064026
0.75844014,-1.3008573,-15.242572,0.15140119,0.8072823,0.2993671,0.48554334
1.0602431,-0.57600456,-14.945381,0.6334802,0.45898253,-0.5896788,0.20079067
0.75851655,-1.3005893,-15.24356,0.15130393,0.80721545,0.29925573,0.48575336
1.0599316,-0.5765977,-14.9465685,0.63350606,0.4592044,-0.5893592,0.20113981
0.7585497,-1.3004732,-15.243988,0.1512434,0.8071715,0.29922286,0.48586547
1.0597993,-0.5766043,-14.946584,0.6335257,0.45934686,-0.58917946,0.20127922
0.7589759,-1.3003572,-15.244023,0.15120667,0.80713296,0.29920286,0.4859533
1.0596799,-0.5766103,-14.946597,0.6335109,0.4594953,-0.5890356,0.20140822
0.75899124,-1.300634,-15.244056,0.15127558,0.80714536,0.2991205,0.485962
1.0591298,-0.57617354,-14.946609,0.6334819,0.45976952,-0.58884364,0.20143476
0.7590061,-1.3005129,-15.244087,0.15133643,0.8071726,0.29902688,0.48595545
1.0586314,-0.57619774,-14.946619,0.63346726,0.46011722,-0.58855605,0.20152725
0.7590202,-1.3000112,-15.244118,0.15136363,0.8072212,0.29891682,0.485934
1.0581784,-0.57582074,-14.94663,0.63345605,0.46051294,-0.5882395,0.20158298
0.7590333,-1.3002926,-15.244146,0.15143506,0.8072637,0.29883265,0.48589298
1.0577661,-0.5758565,-14.946639,0.6334889,0.46094033,-0.5878116,0.20175114
0.7590461,-1.3001884,-15.244173,0.15149856,0.8073034,0.29873624,0.48586622
1.0577499,-0.57588917,-14.946648,0.63349426,0.4614064,-0.5873696,0.20195581
0.7590585,-1.2997061,-15.244199,0.1515393,0.80736566,0.2986112,0.48582694
1.0577351,-0.5755769,-14.946654,0.63346875,0.46180004,-0.58704835,0.20207025
0.75870776,-1.2996283,-15.244223,0.15155385,0.8074227,0.2985355,0.48577425
1.0570716,-0.5756158,-14.946662,0.6335841,0.46217796,-0.5866031,0.20213765
0.75842553,-1.2994918,-15.244265,0.15163368,0.8075236,0.2983311,0.48570713
1.0564951,-0.57538503,-14.946673,0.6337181,0.46249416,-0.5861743,0.20223811
0.7584557,-1.2994319,-15.244284,0.15170008,0.80755687,0.2982228,0.48569766
1.0565194,-0.5751453,-14.946679,0.63372636,0.46243912,-0.58621657,0.2022156
0.75822306,-1.2993253,-15.244316,0.15189084,0.8076182,0.29804263,0.4856467
1.0565625,-0.57471985,-14.946689,0.6337411,0.4620953,-0.58650684,0.20211364
0.758255,-1.2995481,-15.24433,0.15202543,0.80763763,0.2979674,0.48561844
1.0568206,-0.5747698,-14.946693,0.6337057,0.4618384,-0.58674806,0.20211154
0.7582862,-1.2994941,-15.244345,0.15214494,0.8076523,0.29789189,0.48560292
1.0568328,-0.574589,-14.946696,0.63370156,0.46157196,-0.58701456,0.20195968
0.7583149,-1.2997022,-15.244357,0.1522905,0.8076505,0.29782802,0.4855995
1.0570596,-0.574637,-14.9467,0.63365215,0.46127164,-0.5873268,0.20189257
0.7586184,-1.2999172,-15.244371,0.15244174,0.8076313,0.29780337,0.4855991
1.0570655,-0.5746815,-14.946704,0.63365865,0.46097466,-0.5875822,0.2018075
0.7586398,-1.2998512,-15.244386,0.15255587,0.8076605,0.29768938,0.48558453
1.0572655,-0.5745284,-14.946708,0.6335883,0.46068177,-0.5879287,0.2016879
0.75866103,-1.299786,-15.244398,0.15265423,0.8076768,0.2976442,0.48555425
1.0574591,-0.5745724,-14.946711,0.6335347,0.4604014,-0.58823264,0.20161006
0.758682,-1.2997212,-15.244411,0.1527723,0.80769205,0.2975932,0.48552296
1.0576489,-0.57461554,-14.946714,0.63350606,0.46010184,-0.5885193,0.20154762
0.7587015,-1.2999383,-15.244423,0.15282443,0.8076896,0.29761332,0.48549825
1.0578349,-0.57465774,-14.946716,0.63346815,0.4598246,-0.588792,0.20150287
0.7587207,-1.299871,-15.244435,0.1528713,0.80770624,0.29761407,0.48545536
1.0578249,-0.57469916,-14.946719,0.6334706,0.45956203,-0.58901525,0.2014421
0.75873965,-1.2998046,-15.244447,0.15288821,0.8077162,0.29761776,0.48543122
1.0580072,-0.57473975,-14.946721,0.63346773,0.45930377,-0.5892403,0.20138179
0.75875837,-1.299739,-15.244458,0.1528411,0.80765796,0.2977634,0.48545358
1.0579938,-0.5747795,-14.946724,0.63345486,0.45910305,-0.58942497,0.20133975
0.7587756,-1.2999548,-15.244193,0.1528283,0.8075843,0.2979176,0.48548555
1.0581728,-0.57481843,-14.946726,0.6334267,0.45893568,-0.58959544,0.20131047
0.7587915,-1.3001537,-15.243948,0.15283176,0.8075036,0.2980495,0.48553783
1.0583483,-0.57485664,-14.946729,0.6333794,0.458815,-0.5897355,0.20132427
0.75880617,-1.3003377,-15.243721,0.15279324,0.80741644,0.29819006,0.48560864
1.058328,-0.5748941,-14.946731,0.63333464,0.4587259,-0.5898533,0.2013229
0.7588197,-1.3002713,-15.243512,0.15273991,0.8073342,0.29829854,0.48569545
1.0583081,-0.5749307,-14.946733,0.6333015,0.45865995,-0.5899364,0.20133425
0.7590572,-1.3002096,-15.243319,0.15267622,0.80722827,0.29843575,0.48580727
1.0586731,-0.57496667,-14.946735,0.63323,0.45861304,-0.5900212,0.20141739
0.7592776,-1.3001524,-15.243353,0.15256464,0.8070994,0.29859293,0.48595983
1.0588745,-0.5750095,-14.946739,0.6331949,0.45860726,-0.59002715,0.20152329
0.7595294,-1.3003368,-15.243392,0.15248974,0.8069728,0.2987229,0.48611367
1.0591097,-0.5750596,-14.946742,0.6331781,0.45860937,-0.59000576,0.20163384
0.75983405,-1.3005599,-15.243439,0.15238549,0.8068651,0.298844,0.4862507
1.0593778,-0.5751167,-14.946746,0.6331594,0.45861274,-0.58999825,0.20170714
0.76066756,-1.3004299,-15.243501,0.15228912,0.80675495,0.29894274,0.48640293
1.0593114,-0.5748567,-14.94675,0.6331667,0.45864627,-0.5899462,0.20175993
0.7610847,-1.3002895,-15.243567,0.15216753,0.80666816,0.299031,0.48653066
1.0592504,-0.57491446,-14.9467535,0.6331708,0.458677,-0.5898832,0.20186132
0.7615151,-1.2996202,-15.243637,0.15205339,0.8065653,0.29910815,0.48668948
1.0595167,-0.57497716,-14.946756,0.6331585,0.45871487,-0.5898336,0.20195863
0.7626752,-1.2994854,-15.243719,0.15196075,0.8064259,0.29922694,0.48687625
1.0594449,-0.57503474,-14.94676,0.63314706,0.45875442,-0.58978844,0.20203687
0.76443803,-1.2998399,-15.243888,0.15180628,0.80610985,0.29945552,0.4873071
1.0596466,-0.5751456,-14.946767,0.63313335,0.45879275,-0.5897338,0.20215221
0.7648396,-1.2996448,-15.243973,0.15167105,0.80596286,0.29956362,0.48752576
1.0599442,-0.5752101,-14.946771,0.633107,0.4588103,-0.5897224,0.202228
0.76522046,-1.2994597,-15.244052,0.15153207,0.80582786,0.29962346,0.4877553
1.0602679,-0.57528025,-14.946775,0.6330924,0.4588329,-0.58970135,0.20228371
0.76557887,-1.2992857,-15.244127,0.15137005,0.8057216,0.29971102,0.48792753
1.0601391,-0.57534385,-14.946779,0.6330938,0.4588663,-0.58964545,0.20236664
0.7659136,-1.299123,-15.244198,0.1512182,0.8056193,0.29973912,0.48812625
1.0596207,-0.5750004,-14.946782,0.63310784,0.45890132,-0.5895962,0.20238698
0.7662174,-1.2980199,-15.244261,0.15112433,0.8056835,0.29958424,0.4881445
1.059149,-0.57506895,-14.946786,0.6332286,0.45895797,-0.58942705,0.2023735
0.76556975,-1.2979839,-15.245223,0.15108858,0.80580014,0.29941043,0.48806947
1.0590807,-0.5751314,-14.946788,0.6333318,0.4590337,-0.58925563,0.2023777
0.7641503,-1.2970905,-15.246051,0.15103914,0.8059453,0.299206,0.48797053
1.0586742,-0.5751885,-14.946791,0.63346666,0.45911595,-0.5890587,0.20234236
0.7629228,-1.2971371,-15.246766,0.15105127,0.8060845,0.29899606,0.48786557
1.0583019,-0.57524085,-14.947121,0.63362086,0.4592145,-0.5888431,0.20226358
0.7626343,-1.2971777,-15.247388,0.15111583,0.8061946,0.29879037,0.48778966
1.0582707,-0.5752889,-14.947422,0.63376814,0.45934924,-0.5886082,0.20217982
0.761643,-1.297213,-15.2479315,0.15120947,0.80631685,0.29860792,0.48767018
1.057947,-0.57533306,-14.9477,0.63397944,0.45954275,-0.58829,0.20200393
0.7614761,-1.297244,-15.248407,0.15135746,0.8064016,0.29847303,0.48756653
1.057649,-0.5750935,-14.947956,0.6342207,0.45985436,-0.5878657,0.20177217
0.76199627,-1.2972713,-15.248827,0.15151832,0.8064917,0.29832202,0.4874602
1.0573741,-0.5748726,-14.948192,0.63453877,0.46030247,-0.5873045,0.20138462
0.76106584,-1.2973168,-15.249526,0.15189616,0.8068222,0.29806942,0.48694992
1.0553312,-0.5739743,-14.948736,0.6362513,0.46276772,-0.58430755,0.19903547
0.7603922,-1.2973359,-15.249819,0.15207064,0.8070747,0.2979827,0.4865299
1.0519367,-0.5727604,-14.950015,0.6378657,0.4653185,-0.581316,0.19666664
0.7587035,-1.2973529,-15.250624,0.15224303,0.8073685,0.29792607,0.48602295
1.0461192,-0.5721322,-14.951803,0.6399969,0.4684293,-0.5774516,0.1937208
0.75770617,-1.2968519,-15.251346,0.15240379,0.80767536,0.29784757,0.48551062
1.0393049,-0.57139635,-14.953897,0.6423083,0.47186878,-0.5732147,0.19027595
0.75631917,-1.2973824,-15.251994,0.15258874,0.8080098,0.29781964,0.48491284
1.0279806,-0.56687474,-14.956242,0.6448159,0.47566405,-0.56860155,0.18614109
0.75485075,-1.2979441,-15.252681,0.15276943,0.8083685,0.29780146,0.4842689
1.0172088,-0.56475157,-14.958472,0.6474409,0.4795171,-0.5637423,0.18187474
0.75165623,-1.2986267,-15.253515,0.15302977,0.80899525,0.29781264,0.48313183
1.0022945,-0.5628211,-14.963059,0.6500561,0.48344538,-0.5586924,0.17768086
0.74741375,-1.2995331,-15.256644,0.15349157,0.81016505,0.29792324,0.48095182
0.98703223,-0.5583262,-14.966865,0.65261626,0.48722777,-0.55377984,0.17328908
0.7436694,-1.3006232,-15.2631235,0.15414287,0.81205827,0.29839498,0.477244
0.96871084,-0.5516062,-14.969825,0.65517426,0.4910597,-0.5487562,0.16874202
0.74128056,-1.3000808,-15.275518,0.15523836,0.81499803,0.2991316,0.4713805
0.95564944,-0.54336005,-14.975391,0.6576044,0.49472174,-0.5437947,0.16460316

