ICVP Direct Stim Program 4.0.1+v4.0.1 - RelativeLocations
Updated at: 2022-08-22--21-12-03
Subject ID: CKT
Tester ID: kstipp
Direct Stimulation Input from the UI

UserID ; Time ; Electrodes ; Frequency (Hz) ; Cathodic Phase Duration (us) ; Train Length (ms) ; Duty On (ms); Duty Off (ms) ; Inter-train Length (ms) ; Amplitude (uA) ; Sent to Gateway ; Response ; Response Latency (ms) ; Response Duration (ms) ; Comments
kstipp ; 2022-08-22--21-12-03 ; 5B03-5B07 , 5B03-5B07-5B00-5B04 ; 200 ; 200 ; 1000 ; 1000 ; 0 ; 0 ; 40 ; True ;  ;  ;  ; couldnt differentiate

Position t,Position u,Position v,Orientation w,Orientation x,Orientation y,Orientation z
0.7008147,-1.2978104,-15.208503,0.12479358,0.8314355,0.3001148,0.45063597
0.9404967,-0.50811803,-14.947526,0.656319,0.52975917,-0.51361746,0.15747286
0.7008646,-1.2966992,-15.208933,0.12461113,0.8313461,0.29997522,0.45094416
0.9406488,-0.5072734,-14.947458,0.6562951,0.5296699,-0.5137651,0.15739131
0.70091945,-1.2948358,-15.209404,0.12438785,0.83125573,0.29978514,0.45129874
0.94078636,-0.50749606,-14.947397,0.6563715,0.5294738,-0.5138619,0.15741663
0.70168227,-1.2936286,-15.209888,0.12416801,0.8311378,0.29961628,0.4516884
0.9409102,-0.508687,-14.947342,0.65641844,0.5292785,-0.5139448,0.15760662
0.70241874,-1.2931995,-15.210357,0.12404689,0.83097166,0.29936904,0.45219103
0.9410229,-0.50976974,-14.948296,0.65651816,0.52883226,-0.51412594,0.15809771
0.7039582,-1.2919683,-15.210826,0.12392548,0.83079064,0.299086,0.45274386
0.942195,-0.50973356,-14.949202,0.65654176,0.52836347,-0.5144607,0.1584778
0.70462596,-1.2907351,-15.2121725,0.12379374,0.8306411,0.29878247,0.45325452
0.942172,-0.510773,-14.950012,0.6565959,0.52793807,-0.51468426,0.1589449
0.7052814,-1.2895247,-15.213492,0.123702765,0.8305121,0.29841518,0.4537573
0.9432756,-0.5106173,-14.950768,0.6566261,0.5274885,-0.51501185,0.15925124
0.7059129,-1.2883582,-15.214764,0.12368039,0.8303993,0.29806015,0.45420304
0.9443088,-0.5116645,-14.951476,0.6568333,0.5268974,-0.5151338,0.15995784
0.7065,-1.2872739,-15.214899,0.123727605,0.83029443,0.2976807,0.45463046
0.9452428,-0.51137996,-14.952116,0.6568968,0.52635676,-0.51546276,0.16041629
0.7070219,-1.2873557,-15.215018,0.12383881,0.8301713,0.29733014,0.45505437
0.94609344,-0.5124067,-14.9527,0.657062,0.52588785,-0.5155398,0.16102841
0.707503,-1.2863493,-15.215129,0.12392755,0.8300711,0.29695672,0.45545673
0.94685817,-0.5133298,-14.953224,0.65722805,0.52544624,-0.5156532,0.16142936
0.70899963,-1.2865365,-15.215226,0.124115124,0.8298989,0.29660586,0.45594764
0.94753796,-0.51415044,-14.95369,0.6573463,0.5250163,-0.51580095,0.16187392
0.70925456,-1.2867017,-15.215312,0.12431195,0.829755,0.29629153,0.4563601
0.94813627,-0.5148727,-14.9541,0.6574731,0.52466774,-0.5158569,0.16231005
0.709488,-1.2857548,-15.21539,0.1244823,0.8296298,0.29595327,0.45676076
0.9501307,-0.5140446,-14.954462,0.65742767,0.5243248,-0.5162016,0.16250643
0.7096844,-1.2870444,-15.215456,0.12473747,0.8294447,0.29574594,0.45716134
0.948951,-0.51616323,-14.954753,0.65756744,0.52399397,-0.516273,0.162781
0.7118936,-1.2871484,-15.215513,0.12502421,0.82921684,0.29545298,0.4576854
0.95081884,-0.51660377,-14.955014,0.6574967,0.5236506,-0.51665634,0.16295548
0.7128897,-1.2861834,-15.215568,0.12537757,0.8290043,0.29508948,0.45820808
0.95411164,-0.5170072,-14.955255,0.6573343,0.5233103,-0.51713246,0.16319336
0.71271044,-1.2853087,-15.215617,0.12562877,0.8288306,0.29483408,0.45861775
0.9537043,-0.5188984,-14.955452,0.65742755,0.5229172,-0.5172999,0.1635467
0.71563673,-1.2847549,-15.216845,0.12654757,0.82827556,0.29362428,0.46014145
0.9560635,-0.5219677,-14.955772,0.65727895,0.52195126,-0.5181628,0.16449541
0.717472,-1.283973,-15.21674,0.12719853,0.8278796,0.29253232,0.4613685
0.9569685,-0.5214558,-14.955895,0.65710616,0.5216547,-0.5185637,0.16486275
0.7204462,-1.2832433,-15.217904,0.12782209,0.82745725,0.29136634,0.46268973
0.96122855,-0.51927525,-14.956,0.656679,0.5214449,-0.51920307,0.16521569
0.7231742,-1.282574,-15.218971,0.12841211,0.8269724,0.29035506,0.4640269
0.96302354,-0.519234,-14.956088,0.6565364,0.52133024,-0.51934475,0.16569796
0.7256361,-1.2819701,-15.219936,0.12895359,0.8264089,0.2894766,0.46542737
0.96269023,-0.51920104,-14.956159,0.6564654,0.5212784,-0.51939243,0.16599299
0.72932106,-1.2814264,-15.220803,0.12951647,0.8259497,0.2885096,0.46668473
0.96242195,-0.5191745,-14.956216,0.65634394,0.521375,-0.51938045,0.16620725
0.7326662,-1.2793587,-15.22159,0.12995861,0.8255362,0.2876605,0.4678165
0.96221334,-0.5174954,-14.956261,0.6562498,0.52137285,-0.51946145,0.16633248
0.7381143,-1.2776871,-15.222873,0.13091351,0.82479924,0.2861194,0.46979105
0.96495336,-0.51663405,-14.956328,0.65618193,0.52116364,-0.5196226,0.16675143
0.74197185,-1.2778189,-15.223371,0.13147618,0.82451874,0.28544322,0.4705371
0.96601844,-0.5170732,-14.956354,0.6561703,0.5210077,-0.51973224,0.16694294
0.74342877,-1.2761289,-15.22379,0.13191189,0.8243634,0.2848695,0.47103465
0.9651839,-0.5174174,-14.956375,0.65628314,0.52079314,-0.51980543,0.1669414
0.7465371,-1.274699,-15.224146,0.1322617,0.8242228,0.28440666,0.47146225
0.96618736,-0.51770866,-14.956393,0.6563599,0.5207022,-0.5197268,0.16716753
0.74717325,-1.2735298,-15.224437,0.13260949,0.82414305,0.28411433,0.47168007
0.96534336,-0.51793706,-14.956408,0.6564276,0.52058953,-0.51968586,0.16737974
0.74768984,-1.2725803,-15.224672,0.1328419,0.82418007,0.28378803,0.47174639
0.9662614,-0.5165144,-14.956418,0.65643936,0.52048284,-0.5197295,0.16752993
0.74809366,-1.2737259,-15.224856,0.1332344,0.8241241,0.28364736,0.4718181
0.9670426,-0.51694936,-14.956427,0.6565402,0.5202344,-0.5198253,0.16760936
0.75030667,-1.2746468,-15.225006,0.13349362,0.8240262,0.28360292,0.47194248
0.96609455,-0.51885486,-14.956434,0.6567006,0.52010685,-0.5196651,0.16787289
0.75020206,-1.2753497,-15.223326,0.13373277,0.82397544,0.28364444,0.47193855
0.96687603,-0.51888794,-14.95644,0.6566534,0.5201009,-0.51962745,0.16819257
0.7519235,-1.2759258,-15.223755,0.13397232,0.8239093,0.28358424,0.47202224
0.96598727,-0.51891416,-14.956445,0.6566901,0.52017534,-0.5195208,0.16814852
0.75152254,-1.2763838,-15.224097,0.13407058,0.8237958,0.28378487,0.47207168
0.9652754,-0.5203684,-14.9564495,0.6567738,0.52019924,-0.51928073,0.16848893
0.751201,-1.2767512,-15.224372,0.1341667,0.8237404,0.2838991,0.4720723
0.96468914,-0.5215659,-14.956453,0.6567989,0.52022475,-0.5191535,0.16870421
0.75095004,-1.2770379,-15.222928,0.13427624,0.82363516,0.28405207,0.47213286
0.9642123,-0.52122146,-14.956455,0.656733,0.5203189,-0.51914746,0.16868904
0.7507447,-1.2772725,-15.223386,0.13424963,0.82352567,0.28433236,0.4721628
0.9638057,-0.5235339,-14.956457,0.6568825,0.5204018,-0.5187656,0.1690258
0.750576,-1.2774651,-15.2237625,0.13408661,0.82347864,0.28450808,0.4721853
0.96476394,-0.5229224,-14.95646,0.6568179,0.5204716,-0.51872075,0.16919935
0.7503367,-1.2805108,-15.224296,0.13391311,0.82331,0.28494257,0.47226664
0.96518147,-0.5232618,-14.956462,0.6568062,0.5205335,-0.5184922,0.16975392
0.7502511,-1.2815996,-15.224487,0.13383047,0.82321334,0.2850227,0.47241014
0.9646738,-0.5227237,-14.956464,0.65674603,0.52058166,-0.51845497,0.16995278
0.74885845,-1.281161,-15.224642,0.13360809,0.8231745,0.2851257,0.47247866
0.9630853,-0.52344584,-14.956465,0.6569009,0.5204493,-0.5183202,0.17017022
0.74898034,-1.2807838,-15.224776,0.13350445,0.82309294,0.28509346,0.47266945
0.9639787,-0.52293897,-14.956466,0.6568446,0.52033114,-0.51846397,0.17031093
0.74908155,-1.2817407,-15.224886,0.13336155,0.8229613,0.2851318,0.4729158
0.96478677,-0.52361506,-14.956467,0.65677345,0.5202755,-0.51851106,0.17061183
0.7504956,-1.2812828,-15.224986,0.13315195,0.8228388,0.2850423,0.4732419
0.96553427,-0.52424043,-14.956469,0.6566883,0.5201388,-0.5187125,0.1707441
0.7517578,-1.280874,-15.225075,0.13295342,0.82268727,0.2849373,0.47362414
0.9650183,-0.52476895,-14.956469,0.6566969,0.5200693,-0.51872826,0.17087463
0.7529032,-1.2776059,-15.225156,0.13258605,0.82270825,0.284628,0.47387668
0.9645866,-0.52303046,-14.956469,0.65663177,0.5200647,-0.51887167,0.17070363
0.75243974,-1.2777244,-15.225223,0.13234675,0.822686,0.2845189,0.47404754
0.96526754,-0.5246949,-14.956469,0.6566605,0.51996607,-0.5188445,0.17097612
0.7534717,-1.2778271,-15.225282,0.1320278,0.82268286,0.2844354,0.47419205
0.96586996,-0.52408355,-14.956469,0.65648985,0.5200272,-0.51900446,0.17095928
0.75431955,-1.2792959,-15.225329,0.13190566,0.82265496,0.28437245,0.47431216
0.96539044,-0.522576,-14.956469,0.6564394,0.52013546,-0.51904225,0.1707091
0.7536718,-1.2778097,-15.225369,0.13162725,0.82276046,0.28418857,0.4743167
0.96498173,-0.52317184,-14.956469,0.65655243,0.5202565,-0.51876736,0.170741
0.75313437,-1.2778924,-15.225403,0.13136332,0.8229199,0.28410783,0.47416168
0.9637382,-0.52368253,-14.956469,0.65669996,0.52042377,-0.5184846,0.17052273
0.7514435,-1.2767099,-15.22543,0.13111924,0.8231453,0.28402025,0.4738904
0.9635153,-0.52327394,-14.956469,0.6567288,0.52065766,-0.5182893,0.17029145
0.75122714,-1.2757022,-15.225452,0.13097966,0.8232818,0.28401223,0.47369662
0.96332216,-0.52372634,-14.956469,0.65682393,0.5208765,-0.517968,0.17023261
0.7522728,-1.2760508,-15.225472,0.1309562,0.82340467,0.2840507,0.47346652
0.9631541,-0.52258825,-14.956469,0.65681577,0.52110046,-0.5178319,0.16999249
0.750397,-1.2777961,-15.225506,0.13125177,0.823884,0.28448364,0.47228944
0.96287817,-0.5207035,-14.956469,0.6565929,0.5219257,-0.51754385,0.16919765
0.7480689,-1.2778685,-15.225518,0.13127622,0.8241587,0.28477424,0.47162774
0.9627644,-0.5205909,-14.956469,0.6564613,0.5223231,-0.51741743,0.16886845
0.74611634,-1.2789986,-15.224459,0.1313838,0.82424855,0.28522456,0.4711685
0.9620399,-0.52111506,-14.956469,0.6564035,0.52265865,-0.51723737,0.16860622
0.74446774,-1.2799529,-15.223565,0.13148388,0.82431227,0.28555506,0.4708287
0.9619889,-0.5203954,-14.956469,0.656285,0.5229412,-0.5171984,0.16831061
0.74499786,-1.2807636,-15.222806,0.131606,0.8242257,0.28585085,0.47076666
0.96194345,-0.5197539,-14.956469,0.65615505,0.52320004,-0.5171836,0.168058
0.74453384,-1.2814565,-15.223073,0.13175774,0.8241458,0.28614628,0.47068465
0.9613679,-0.52024984,-14.956469,0.6561138,0.52335256,-0.51711226,0.16796373
0.744135,-1.2811806,-15.223304,0.13176133,0.82411647,0.2863092,0.47063598
0.96135974,-0.52018666,-14.956469,0.65605605,0.52346253,-0.5170983,0.1678895
0.7446181,-1.2809422,-15.222674,0.13182868,0.8240571,0.2865103,0.4705986
0.9613523,-0.5196471,-14.956469,0.65597856,0.5235247,-0.5171913,0.16771191
0.74542534,-1.282027,-15.221652,0.13208346,0.82393676,0.28688174,0.4705116
0.96133965,-0.51959336,-14.956469,0.6558769,0.5235267,-0.517373,0.16754265
0.7457443,-1.2824697,-15.221235,0.13216394,0.82387364,0.28704172,0.4705018
0.9613342,-0.519984,-14.956054,0.6557548,0.52347463,-0.5175711,0.1675716
0.74535084,-1.2828594,-15.220867,0.13227117,0.8238459,0.28718928,0.47043025
0.9613292,-0.51994604,-14.956072,0.6556511,0.5234188,-0.51777,0.16753747
0.7450032,-1.2832037,-15.220544,0.13234647,0.8238297,0.28727382,0.47038588
0.9613247,-0.51916444,-14.956087,0.6554741,0.52342594,-0.5180153,0.16744907
0.74530345,-1.2835089,-15.220256,0.13244036,0.82380027,0.28738737,0.4703417
0.96167535,-0.5195152,-14.955747,0.655364,0.5233709,-0.51820046,0.1674792
0.74499255,-1.2832025,-15.22,0.1324557,0.8238118,0.28739977,0.47030956
0.96199626,-0.5198361,-14.955435,0.6552511,0.5233083,-0.51838905,0.1675332
0.74471503,-1.282929,-15.219771,0.13249855,0.8238327,0.2874051,0.47025767
0.9622904,-0.51981014,-14.955468,0.6551458,0.5232491,-0.5185944,0.16749391
0.7444664,-1.2832056,-15.219567,0.13257155,0.823831,0.28744066,0.4702182
0.96225625,-0.5197862,-14.955501,0.65504974,0.52316767,-0.5188137,0.1674448
0.744243,-1.2834541,-15.219383,0.13259387,0.8238397,0.28746927,0.47017926
0.9622249,-0.52005327,-14.955241,0.6549754,0.52305967,-0.5190068,0.16747491
0.7440418,-1.283678,-15.219218,0.13263403,0.8238419,0.28753096,0.47012627
0.962196,-0.52029926,-14.955002,0.65488774,0.5229607,-0.5192287,0.16743895
0.7434128,-1.2838802,-15.219068,0.13270447,0.82386863,0.28755468,0.4700451
0.9621693,-0.5202655,-14.954781,0.6548401,0.5228278,-0.5194578,0.16732986
0.7436927,-1.2840635,-15.218931,0.13278723,0.8238703,0.28757524,0.4700062
0.9621447,-0.5199865,-14.954824,0.6547455,0.522672,-0.51978594,0.16716759
0.74394685,-1.2842298,-15.218808,0.13286465,0.82386714,0.2875939,0.46997842
0.9623618,-0.5199632,-14.954625,0.6547026,0.522467,-0.5200723,0.16708544
0.7437948,-1.2839978,-15.218697,0.1329183,0.82388806,0.28760839,0.46991765
0.96233195,-0.5201896,-14.954423,0.65468043,0.52229685,-0.52027076,0.16708632
0.74365604,-1.2845145,-15.218595,0.13307692,0.8239361,0.28765723,0.46975863
0.9623009,-0.520425,-14.954213,0.6546363,0.5223275,-0.52031153,0.1670365
0.74352926,-1.284641,-15.218501,0.13321857,0.8239947,0.2876852,0.46959868
0.96256095,-0.5203832,-14.954282,0.6545439,0.52240866,-0.5203804,0.16693066
0.7434131,-1.2847568,-15.218415,0.13335869,0.8240528,0.28772667,0.46943143
0.9628206,-0.52003956,-14.954351,0.6544671,0.5225158,-0.5204192,0.16677535
0.7429942,-1.2851753,-15.218337,0.1334741,0.8241145,0.2877916,0.46925047
0.9627726,-0.5200102,-14.954414,0.6544279,0.522706,-0.5202981,0.16671062
0.74225473,-1.2861961,-15.218198,0.13370286,0.82422334,0.28803602,0.468844
0.962671,-0.5202775,-14.9538965,0.65435547,0.52351034,-0.5196365,0.16653492
0.74192786,-1.2865148,-15.218137,0.13381854,0.82428753,0.28817427,0.4686132
0.9620016,-0.51992685,-14.953669,0.6543792,0.5241942,-0.5190144,0.16623035
0.74137163,-1.2870636,-15.217826,0.13394743,0.8243636,0.2883125,0.4683574
0.96138626,-0.5199,-14.953754,0.6543857,0.5248451,-0.5184304,0.16597271
0.74083567,-1.2875923,-15.217527,0.13405553,0.8244525,0.28844938,0.46808565
0.9608197,-0.5201561,-14.953552,0.65440464,0.5254938,-0.51781017,0.16578123
0.74007344,-1.2883443,-15.217101,0.13414958,0.82454866,0.28855607,0.4678235
0.96003044,-0.52039224,-14.953367,0.65446043,0.5261087,-0.51719236,0.16553932
0.73915994,-1.2887872,-15.216591,0.13425943,0.8246765,0.2886712,0.46749544
0.9593014,-0.52010363,-14.953196,0.6544822,0.5267181,-0.5166537,0.16519724
0.73811,-1.2892963,-15.216004,0.13438268,0.82484514,0.2888006,0.46708253
0.9586271,-0.5198366,-14.953037,0.65448964,0.5273118,-0.51612467,0.16492723
0.7369488,-1.2898593,-15.215355,0.1344997,0.8250618,0.28893456,0.46658316
0.95775104,-0.51981056,-14.952831,0.6545314,0.52783084,-0.51561105,0.16470762
0.7356513,-1.2912662,-15.21463,0.13467307,0.8252969,0.28909376,0.46601826
0.9566176,-0.5193474,-14.952564,0.6545535,0.52847654,-0.51501834,0.16440338
0.7343257,-1.291839,-15.213888,0.13480297,0.82558733,0.2892329,0.4653796
0.9552339,-0.5182334,-14.952239,0.65447223,0.52926856,-0.5144219,0.16404572
0.7307299,-1.2919503,-15.212442,0.13493356,0.82625175,0.28914812,0.46421373
0.9526981,-0.5169611,-14.950688,0.65432626,0.53066456,-0.5131985,0.16395015
0.7296531,-1.29152,-15.210724,0.13495012,0.8265265,0.28894675,0.46384495
0.9526052,-0.5163247,-14.949551,0.65417325,0.53098816,-0.5129956,0.1641479
0.72975004,-1.2922027,-15.21024,0.13498962,0.8266749,0.2888364,0.46363777
0.95164406,-0.5174421,-14.948437,0.65411556,0.53123206,-0.5127151,0.16446482
0.72868556,-1.2928572,-15.208619,0.13498586,0.82682306,0.2887505,0.46342814
0.95069027,-0.51760143,-14.947331,0.65402967,0.53141695,-0.5125508,0.16472097
0.72889906,-1.2922956,-15.20836,0.13496824,0.8268898,0.2886746,0.46336144
0.94975805,-0.5167274,-14.946251,0.65390193,0.5314886,-0.5125911,0.16487108
0.7282419,-1.2935147,-15.207911,0.1350494,0.8268523,0.2885325,0.4634931
0.94919586,-0.5162662,-14.945322,0.65359896,0.5312162,-0.5131421,0.16523604
0.72961235,-1.2928821,-15.207736,0.13505563,0.82674176,0.28844407,0.4637436
0.9504502,-0.5165573,-14.945482,0.65339255,0.53081584,-0.51373756,0.16548881
0.72971195,-1.2923504,-15.207588,0.13500547,0.826649,0.28835085,0.4639815
0.9505643,-0.51775813,-14.944666,0.65329313,0.530376,-0.5142639,0.16565661
0.73079586,-1.2919006,-15.207463,0.13496837,0.82654256,0.28828564,0.46422228
0.9515675,-0.5178803,-14.944872,0.6531786,0.52993494,-0.5148061,0.16583571
0.7307688,-1.2915177,-15.207356,0.13496442,0.82644576,0.28821856,0.46443748
0.95329094,-0.51712525,-14.94505,0.65300715,0.52950656,-0.5154363,0.16592146
0.73164785,-1.2911899,-15.207267,0.1349161,0.8263469,0.2881477,0.46467134
0.9547817,-0.51647204,-14.945205,0.65285265,0.52904505,-0.51608115,0.16599712
0.73326164,-1.2909077,-15.207188,0.13487923,0.8262336,0.2880812,0.4649246
0.9560775,-0.51668066,-14.945338,0.6527557,0.5286076,-0.5166085,0.16613184
0.73384386,-1.2906635,-15.20712,0.13482313,0.82616323,0.2880112,0.46510932
0.9564715,-0.51686287,-14.945456,0.65273297,0.5281808,-0.51703835,0.16624103
0.7343501,-1.2904512,-15.207061,0.1347878,0.82610035,0.28790933,0.46529433
0.9575178,-0.516322,-14.945558,0.65265566,0.52777815,-0.5175238,0.16631287
0.73479223,-1.2902656,-15.207009,0.13476102,0.82606,0.2877852,0.4654505
0.95843935,-0.51584566,-14.945648,0.6526121,0.52738005,-0.51797706,0.16633557
0.7351802,-1.290801,-15.2069645,0.13472696,0.826011,0.28769985,0.4656
0.95925415,-0.5160568,-14.945727,0.65257525,0.5270003,-0.5183889,0.16640033
0.735522,-1.2906095,-15.206925,0.13468504,0.82600045,0.28754815,0.4657246
0.95997727,-0.51684487,-14.945798,0.65258074,0.52661914,-0.5187316,0.16651826
0.7358243,-1.2898101,-15.20689,0.13464226,0.82600063,0.2873819,0.46583927
0.96062136,-0.5169761,-14.945861,0.65256953,0.52628934,-0.51905864,0.1665856
0.73576856,-1.2890313,-15.207399,0.13462351,0.82609576,0.2869009,0.46597236
0.9617127,-0.51617026,-14.945968,0.65259737,0.5256113,-0.51969117,0.16664483
0.7349335,-1.2889748,-15.207883,0.13465999,0.82619184,0.28657815,0.46599013
0.96217656,-0.5168064,-14.946013,0.6526487,0.5252711,-0.5199441,0.16672741
0.73469794,-1.2884109,-15.208316,0.1346929,0.8262804,0.28624392,0.46602902
0.9625948,-0.51738,-14.946055,0.6527126,0.52495,-0.52015996,0.16681553
0.73475915,-1.2874465,-15.209057,0.13482812,0.826531,0.28535387,0.4660913
0.96331555,-0.51752675,-14.946968,0.6528039,0.52428335,-0.52069414,0.16688836
0.7341252,-1.2865931,-15.209374,0.13491102,0.8267438,0.28470317,0.46608788
0.9636269,-0.5175901,-14.947362,0.6528749,0.523897,-0.52099395,0.16688804
0.7335505,-1.2862375,-15.209663,0.13501671,0.82702315,0.28394505,0.46602422
0.96391046,-0.5180264,-14.947342,0.65297824,0.52351046,-0.52123976,0.16692929
0.73342544,-1.2855172,-15.209925,0.13518812,0.8273009,0.28309247,0.4660002
0.96416914,-0.5177052,-14.947683,0.6530323,0.5231256,-0.5215637,0.16691236
0.73293424,-1.2852384,-15.210163,0.13535905,0.827658,0.28218046,0.4658696
0.9644058,-0.5177532,-14.947995,0.6531113,0.52272236,-0.5218522,0.16696508
0.7320442,-1.2843884,-15.210595,0.13576902,0.8284527,0.2803498,0.46544287
0.96513,-0.51815176,-14.9485445,0.653284,0.5219051,-0.52242196,0.16706443
0.73198485,-1.2841555,-15.210806,0.13602462,0.8287713,0.27953517,0.46529076
0.9650106,-0.5181793,-14.948787,0.6534324,0.52156377,-0.52256984,0.16708733
0.73090035,-1.2828467,-15.211079,0.13612609,0.8292384,0.2786617,0.46495268
0.96545726,-0.5182046,-14.949009,0.6534785,0.5212221,-0.52283984,0.16712864
0.7303244,-1.2825911,-15.211363,0.13639191,0.82952857,0.27805567,0.46472004
0.96560484,-0.51822805,-14.948951,0.65361774,0.52088845,-0.522977,0.16719534
0.729044,-1.2823099,-15.211675,0.13661243,0.82984203,0.27754202,0.46440256
0.9657413,-0.51799846,-14.949148,0.65369856,0.52057695,-0.52318233,0.16720697
0.7278788,-1.2817518,-15.212295,0.13720654,0.8302853,0.2766143,0.4639885
0.96659696,-0.51805997,-14.9495735,0.6537594,0.51947975,-0.5240806,0.16756773
0.727299,-1.2806741,-15.212603,0.13737997,0.8305384,0.27615288,0.46375903
0.9671391,-0.51847553,-14.949843,0.65381545,0.51867104,-0.52470636,0.16789609
0.72674245,-1.2804772,-15.212898,0.13761148,0.8306928,0.27580628,0.4636199
0.9677492,-0.5185021,-14.950148,0.6537616,0.51790196,-0.5255015,0.16799256
0.7262131,-1.2802899,-15.21318,0.13788874,0.83074856,0.27548882,0.4636264
0.9684174,-0.5185312,-14.95048,0.6537849,0.51717216,-0.52613956,0.16815329
0.72473264,-1.2801037,-15.21346,0.13798824,0.830838,0.27526316,0.4635706
0.96911794,-0.519122,-14.95027,0.65379196,0.5164967,-0.5266941,0.16846561
0.7243431,-1.2799314,-15.213719,0.13810724,0.83085585,0.2750522,0.46362844
0.9705948,-0.51979554,-14.950707,0.653767,0.51575017,-0.527377,0.1687128
0.72398496,-1.279773,-15.213958,0.13820627,0.8308135,0.2749544,0.46373284
0.972183,-0.51973504,-14.951178,0.6537235,0.5151985,-0.52792805,0.16884343
0.7246399,-1.2786736,-15.214162,0.13817655,0.8307308,0.2748668,0.46394172
0.9748658,-0.51966864,-14.951695,0.65354526,0.5147283,-0.52852374,0.16910394
0.7242582,-1.278647,-15.21435,0.13819958,0.8306586,0.27477846,0.4641164
0.9764688,-0.5216334,-14.951184,0.6535163,0.5142959,-0.5288683,0.16945373
0.7262373,-1.2777566,-15.214648,0.1382767,0.8303619,0.27475446,0.46463826
0.9794261,-0.521072,-14.951387,0.6531655,0.5139084,-0.529626,0.16961555
0.72576994,-1.2778141,-15.2147665,0.13821058,0.8302211,0.27492046,0.46481135
0.97954476,-0.52083516,-14.950856,0.6529668,0.5139623,-0.52978426,0.16972262
0.72616595,-1.2778641,-15.2148695,0.13817748,0.830032,0.27504754,0.4650837
0.97964835,-0.52062863,-14.950393,0.6528439,0.5140862,-0.52978736,0.16981073
0.72570276,-1.2770655,-15.21497,0.13808998,0.82993084,0.27515867,0.46522427
0.9797361,-0.5193843,-14.95,0.6526464,0.5142343,-0.52991027,0.16973773
0.72610617,-1.2771783,-15.215056,0.13805403,0.82980376,0.27529997,0.465378
0.98095065,-0.5193455,-14.950763,0.65246314,0.5143617,-0.53001153,0.16974065
0.72722185,-1.2765119,-15.215131,0.13796403,0.8296632,0.27541614,0.46558645
0.9808914,-0.519312,-14.950312,0.65239614,0.5145599,-0.52986956,0.16984022
0.7281974,-1.2766556,-15.215197,0.13791254,0.82952285,0.27556166,0.4657658
0.9819944,-0.52043873,-14.949897,0.6522851,0.5147031,-0.5297972,0.17005855
0.7283642,-1.2767817,-15.215255,0.13791315,0.82943165,0.2756792,0.46585846
0.98300236,-0.5214684,-14.949516,0.6521735,0.51483816,-0.52973515,0.17027093
0.72851133,-1.2762375,-15.215304,0.13782991,0.82940114,0.27568364,0.46593478
0.98391473,-0.5224005,-14.949172,0.6521189,0.51495945,-0.5296471,0.17038722
0.72926426,-1.2763785,-15.215349,0.13786064,0.82931757,0.27575964,0.4660295
0.9847245,-0.5219588,-14.950136,0.6519745,0.5150491,-0.5297415,0.1703749
0.7287501,-1.2759123,-15.215389,0.13783278,0.82932276,0.2757745,0.46601975
0.9854404,-0.5215685,-14.950988,0.6519642,0.51510596,-0.5297061,0.17035243
0.7288587,-1.2754763,-15.215426,0.1377876,0.8293064,0.2758139,0.46603885
0.98748374,-0.52258843,-14.950395,0.6518924,0.5151378,-0.52971005,0.17051907
0.7283229,-1.2750263,-15.215466,0.13777556,0.8293064,0.27582136,0.466038
0.98785365,-0.5234648,-14.949885,0.6518863,0.5151812,-0.5296255,0.17067373
0.7278221,-1.2752552,-15.215502,0.13783945,0.8292958,0.27583152,0.46603188
0.98817146,-0.52421784,-14.95084,0.65189403,0.5151784,-0.5295715,0.17082033
0.7280076,-1.2748119,-15.215536,0.1379566,0.82927203,0.275784,0.46606782
0.98843056,-0.52217954,-14.951616,0.65182793,0.5152381,-0.52965194,0.17064287
0.7275206,-1.275059,-15.215568,0.13807432,0.82927155,0.27577338,0.46604007
0.9886532,-0.52174985,-14.952284,0.6517437,0.5152848,-0.5297029,0.1706654
0.72771627,-1.2752776,-15.215596,0.13823693,0.8292448,0.27575997,0.46604738
0.9888426,-0.5226885,-14.951549,0.65171707,0.5153259,-0.5296514,0.17080262
0.7272778,-1.2754796,-15.215622,0.13834631,0.8292653,0.27569434,0.4660173
0.98900634,-0.5234998,-14.952217,0.651686,0.5153782,-0.52963597,0.17081134
0.72683,-1.27501,-15.215649,0.13840501,0.8293285,0.27557328,0.46595907
0.9879017,-0.5229268,-14.952766,0.65166116,0.51543695,-0.5296411,0.17071277
0.7263801,-1.2745382,-15.215675,0.13849773,0.82938534,0.27549273,0.46587774
0.9881647,-0.52127546,-14.95322,0.6515736,0.51551384,-0.52972144,0.17056535
0.7259349,-1.2740711,-15.215703,0.13863513,0.82957757,0.27534738,0.46558046
0.98726565,-0.52213544,-14.953599,0.6516929,0.5154706,-0.5296075,0.17059445
0.725532,-1.2744193,-15.215726,0.13885298,0.8297929,0.27514613,0.46525082
0.9875733,-0.5228573,-14.9539175,0.6517079,0.5154202,-0.5296522,0.17055087
0.7259235,-1.2739785,-15.215747,0.13909972,0.829981,0.2748985,0.46498787
0.98784703,-0.5224369,-14.9542,0.65174526,0.51531833,-0.5297531,0.1704022
0.7246374,-1.2735232,-15.21577,0.13925412,0.8302496,0.2746754,0.46459362
0.9870688,-0.5230913,-14.954438,0.6519019,0.5151719,-0.52973074,0.17031531
0.7243183,-1.2739418,-15.21579,0.13945606,0.8304671,0.2745017,0.46424702
0.9873789,-0.52367145,-14.95465,0.6519739,0.51503456,-0.5297748,0.17031771
0.7221927,-1.2743617,-15.21581,0.13962518,0.83070296,0.27438292,0.46384415
0.9876627,-0.52420235,-14.9548435,0.65205234,0.5148775,-0.52983564,0.17030305
0.72113264,-1.274756,-15.215828,0.139807,0.8308304,0.27425072,0.46363935
0.9869332,-0.52368265,-14.955008,0.65207505,0.51474154,-0.5299718,0.1702036
0.7200925,-1.2741262,-15.215847,0.13994005,0.83094436,0.2741283,0.46346745
0.9872333,-0.5232371,-14.955148,0.6520051,0.5145692,-0.5302344,0.17017466
0.72017926,-1.2735603,-15.215863,0.14007175,0.83093786,0.27406308,0.4634779
0.987509,-0.52470994,-14.955278,0.65207386,0.5143113,-0.53034544,0.17034501
0.720253,-1.2740502,-15.215878,0.14018926,0.8308714,0.2740518,0.46356812
0.98776346,-0.52510643,-14.955398,0.65212613,0.5140969,-0.5304502,0.17046592
0.7212377,-1.2744687,-15.215889,0.14029957,0.8307622,0.27404281,0.4637358
0.98798954,-0.52450794,-14.955504,0.6520636,0.5138994,-0.5307297,0.17043063
0.72120786,-1.274828,-15.215899,0.14033282,0.83068323,0.27406418,0.4638545
0.98819125,-0.5239738,-14.9556,0.6520222,0.513629,-0.5310197,0.17050084
0.72201395,-1.2751383,-15.215908,0.14037484,0.83054715,0.27396187,0.4641458
0.9894132,-0.5244738,-14.955692,0.6519132,0.51241773,-0.53222716,0.17079711
0.7227134,-1.2754076,-15.215915,0.14037172,0.8304468,0.27388966,0.46436885
0.9905484,-0.5249383,-14.954714,0.6517415,0.51136976,-0.533292,0.1712711
0.72407407,-1.2756424,-15.215922,0.14045936,0.83025604,0.27392837,0.4646605
0.9929099,-0.52662075,-14.954936,0.6515801,0.5103722,-0.5342853,0.17176409
0.7252657,-1.275848,-15.215928,0.1405065,0.83013725,0.27385235,0.4649033
0.99517244,-0.5269037,-14.955148,0.65146655,0.50946134,-0.5352204,0.17198735
0.7256362,-1.2753513,-15.215933,0.14045903,0.8300867,0.27377003,0.4650564
0.9958101,-0.52715415,-14.955336,0.65142435,0.50864506,-0.53603315,0.17203179
0.7259633,-1.2749126,-15.215938,0.14037316,0.8300168,0.273693,0.4652522
0.9977671,-0.52597684,-14.954103,0.6511917,0.5080685,-0.5368181,0.17216933
0.72625333,-1.2751352,-15.21594,0.14032991,0.8299515,0.2736756,0.46539202
0.9995179,-0.5263862,-14.953002,0.6510859,0.5075444,-0.53734785,0.17246239
0.7259304,-1.2753334,-15.215944,0.14024502,0.8299143,0.2736742,0.46548486
0.9995393,-0.526726,-14.952087,0.65111864,0.50717103,-0.537638,0.17253262
0.72674584,-1.2749584,-15.215948,0.14015783,0.82981575,0.27360025,0.46573007
1.0027142,-0.52704453,-14.952806,0.6509389,0.50683516,-0.53809136,0.17278406
0.7264275,-1.2746224,-15.21595,0.1400544,0.8297871,0.27352488,0.4658566
1.0055736,-0.5273315,-14.953455,0.6508384,0.5065259,-0.53843963,0.1729852
0.72713774,-1.2743207,-15.215953,0.13995038,0.82973737,0.2734486,0.46602127
1.0080774,-0.5293906,-14.954023,0.65088403,0.50626886,-0.53848416,0.17342673
0.7277775,-1.2745223,-15.215955,0.13993517,0.8297105,0.27339497,0.4661051
1.0083025,-0.52925444,-14.954484,0.6509888,0.50602764,-0.5385259,0.17360726
0.72835535,-1.2742548,-15.215958,0.13984856,0.8296873,0.27335334,0.4661967
1.0103779,-0.5291393,-14.954874,0.6508936,0.5059302,-0.5386471,0.17387183
0.72845155,-1.2740124,-15.21596,0.13973178,0.8297092,0.2733426,0.4661991
1.0101657,-0.53089535,-14.955181,0.6510444,0.5058151,-0.5384812,0.17415585
0.72894466,-1.2737925,-15.2159605,0.13965812,0.8297275,0.27328122,0.46622473
1.0099968,-0.53229314,-14.955425,0.651184,0.5057186,-0.5383913,0.17419215
0.72900784,-1.2735922,-15.215961,0.13957489,0.8297612,0.27322876,0.4662203
1.0098614,-0.53341407,-14.955621,0.651275,0.5056833,-0.53830034,0.17423579
0.7290655,-1.2734098,-15.215963,0.13952138,0.8297958,0.27315378,0.4662187
1.0097547,-0.5325521,-14.955776,0.6513955,0.5056306,-0.53821063,0.17421553
0.72877043,-1.2732431,-15.215964,0.13947123,0.8298437,0.2731093,0.46617442
1.009668,-0.53358305,-14.955901,0.6515579,0.505449,-0.5382015,0.17416306
0.72883064,-1.2730904,-15.215965,0.1394511,0.8298732,0.27300015,0.46619183
1.0095992,-0.5327255,-14.956001,0.65165347,0.505452,-0.53814465,0.17397256
0.72889215,-1.2729343,-15.215966,0.13937575,0.8299402,0.27290052,0.46615344
1.0079525,-0.532053,-14.9560795,0.6517415,0.5054482,-0.538101,0.1737888
0.7289553,-1.2727741,-15.215968,0.13934751,0.82997733,0.2728594,0.46611992
1.0081604,-0.5315199,-14.956142,0.6516927,0.505461,-0.53814316,0.17380391
0.7290198,-1.2726105,-15.215969,0.13928507,0.8300522,0.27275637,0.46606556
1.0083286,-0.5310889,-14.956192,0.65172946,0.50554746,-0.5379898,0.17388952
0.7286744,-1.2724483,-15.21597,0.13918965,0.8301778,0.27268854,0.46590987
1.0084705,-0.5307253,-14.956235,0.65189123,0.50561,-0.53772265,0.17392747
0.7283231,-1.2722833,-15.216407,0.13914503,0.8303353,0.27263027,0.46567664
1.0072141,-0.5318027,-14.956268,0.6522039,0.5057881,-0.537129,0.1740717
0.7274921,-1.2721133,-15.216856,0.13907832,0.83052623,0.2725769,0.46538723
1.0061907,-0.53137785,-14.9576,0.65239465,0.5058462,-0.536834,0.17409845
0.72718686,-1.2724055,-15.216816,0.13910285,0.8306826,0.27253854,0.46512318
1.0065875,-0.53102887,-14.958692,0.6525205,0.5058334,-0.5367192,0.17401786
0.7262952,-1.2716638,-15.21731,0.13902327,0.83089834,0.27242038,0.46483085
1.0057405,-0.5307401,-14.959597,0.6526488,0.5058181,-0.5365724,0.17403354
0.72596914,-1.2714905,-15.217813,0.13900903,0.8310496,0.2723677,0.46459535
1.0050343,-0.5304992,-14.960349,0.6528785,0.5057841,-0.53629667,0.17412083
0.72563976,-1.2713153,-15.21832,0.13899283,0.8311883,0.2723359,0.4643708
1.0044413,-0.5313579,-14.960982,0.6531241,0.5057625,-0.53591937,0.17442416
0.7246071,-1.2711344,-15.218844,0.1389121,0.8313685,0.27227637,0.4641071
1.0029323,-0.5320836,-14.961517,0.65339875,0.5057886,-0.53551096,0.1745738
0.7234699,-1.2701137,-15.219423,0.13873488,0.8315568,0.27221155,0.46386084
1.0026065,-0.5317433,-14.961972,0.653386,0.50588673,-0.5354008,0.17467502
0.72326213,-1.2707874,-15.219925,0.13877606,0.8316371,0.27221423,0.46370304
1.0023279,-0.5305427,-14.962361,0.6534422,0.50599974,-0.53523546,0.174644
0.72221977,-1.2706143,-15.220421,0.13873374,0.8317915,0.27214766,0.46347767
1.0020882,-0.53037405,-14.962696,0.6534447,0.5061427,-0.5350662,0.17473914
0.72119343,-1.2704438,-15.220908,0.13873029,0.83194643,0.27209,0.4632344
1.0018809,-0.53104913,-14.962986,0.6534711,0.5063099,-0.5347895,0.17500266
0.72027117,-1.2711866,-15.221348,0.13869847,0.83207756,0.2721076,0.462998
1.0001411,-0.5316357,-14.963237,0.6535508,0.5065398,-0.53442526,0.17515281
0.71937335,-1.2709479,-15.221774,0.13867022,0.8322595,0.27201292,0.46273512
1.0001042,-0.53214777,-14.963456,0.6534904,0.50673324,-0.534255,0.17533758
0.7185139,-1.2707194,-15.222183,0.13871351,0.83242714,0.27189022,0.46249261
0.999368,-0.5318929,-14.963649,0.6534851,0.50691944,-0.53407353,0.17537227
0.7177549,-1.2715286,-15.222543,0.1387288,0.8325572,0.27181134,0.4623002
0.9987198,-0.53166854,-14.963818,0.6535433,0.50710416,-0.5338258,0.17537546
0.71589434,-1.2712128,-15.2228985,0.13861033,0.8327678,0.27172804,0.46200532
0.9981469,-0.5314702,-14.963968,0.6535788,0.50729114,-0.5336065,0.17537008
0.71419406,-1.2720745,-15.223224,0.13852629,0.83297807,0.2716223,0.46171355
0.9976385,-0.5312942,-14.964101,0.6536207,0.5074654,-0.5333622,0.17545252
0.7112178,-1.271634,-15.223545,0.13828331,0.83327854,0.27144447,0.46134862
0.99718595,-0.532284,-14.964219,0.653675,0.5076305,-0.53307843,0.17563501
0.7098935,-1.2699051,-15.222497,0.13786416,0.8338056,0.27092105,0.46082902
0.9967816,-0.5320791,-14.96378,0.65368056,0.5077526,-0.53294635,0.17566264
0.7072856,-1.2697436,-15.221547,0.13738744,0.8343421,0.2705223,0.46023428
0.9969366,-0.5324128,-14.9633875,0.6537185,0.5077758,-0.5328614,0.17571202
0.70644766,-1.2681643,-15.220717,0.1369781,0.83474696,0.27013254,0.4598511
0.9970759,-0.53320426,-14.963034,0.6537657,0.5077799,-0.5327706,0.17579988
0.7041437,-1.2667255,-15.219962,0.1366642,0.83518535,0.26972005,0.4593903
0.9967347,-0.5334508,-14.962715,0.6538142,0.5077742,-0.5327129,0.17581072
0.7037559,-1.2670529,-15.2193365,0.13660136,0.8355037,0.2693906,0.45902333
0.99686974,-0.5336736,-14.962427,0.65383136,0.507753,-0.53271896,0.17578971
0.70343345,-1.2673252,-15.218817,0.13644686,0.8358262,0.2691706,0.4586109
0.9969921,-0.5338755,-14.962167,0.6538357,0.5077032,-0.53276366,0.17578208
0.69974935,-1.2642074,-15.218322,0.1360528,0.83620656,0.26890406,0.45819095
0.99670297,-0.5340589,-14.96193,0.6538948,0.5076502,-0.5327603,0.17572562
0.69835126,-1.2632934,-15.217899,0.13587536,0.8363587,0.26885402,0.45799518
0.99682003,-0.5342259,-14.962094,0.6538965,0.5075708,-0.5328452,0.17569064
0.6971604,-1.2606915,-15.217539,0.135719,0.8364989,0.2686867,0.45788357
0.9965655,-0.53437823,-14.961883,0.6539529,0.5074865,-0.5328755,0.17563252
0.6979758,-1.2621529,-15.217262,0.13588934,0.83652633,0.2687479,0.45774707
0.9966761,-0.5338311,-14.962033,0.6539453,0.5074022,-0.53298616,0.17556871
0.6969654,-1.263291,-15.217046,0.13589372,0.83662605,0.26888606,0.45748237
0.9964513,-0.53365594,-14.962171,0.6539808,0.50729877,-0.533051,0.17553864
0.6961127,-1.262576,-15.216865,0.13589641,0.83672017,0.26901814,0.45723155
0.9965548,-0.5334952,-14.962297,0.6539963,0.5071924,-0.5331249,0.17556392
0.69703543,-1.2636068,-15.216721,0.13607128,0.8367413,0.26914388,0.45706692
0.99664986,-0.53364164,-14.962414,0.654034,0.507047,-0.53319114,0.17564203
0.6962546,-1.2644241,-15.216607,0.13611622,0.8368412,0.269277,0.45679218
0.9967374,-0.53405607,-14.962521,0.6540894,0.5068643,-0.5332369,0.17582418
0.6955999,-1.2651095,-15.216512,0.13625412,0.83687425,0.26943803,0.4565957
0.9965192,-0.5345076,-14.962636,0.6541998,0.50666505,-0.5332248,0.1760242
0.6950494,-1.2656857,-15.216433,0.13640162,0.8368937,0.2695215,0.45646653
0.9966309,-0.5346416,-14.962758,0.65425646,0.506464,-0.5332777,0.17623208
0.69458574,-1.2661711,-15.216366,0.13654333,0.8369597,0.26951203,0.45630872
0.9964087,-0.5344399,-14.962871,0.6543517,0.50627,-0.53331375,0.17632657
0.692605,-1.2666006,-15.216306,0.13656782,0.837148,0.2693813,0.45603317
0.99620473,-0.5342547,-14.962975,0.6544287,0.5060962,-0.53333557,0.17647369
0.69251907,-1.2669563,-15.216256,0.13651168,0.8372574,0.2693273,0.45588112
0.99601716,-0.53437734,-14.963069,0.6545762,0.5058782,-0.533267,0.1767588
0.6907924,-1.2656229,-15.216213,0.13632524,0.8374421,0.26915836,0.45569733
0.9961534,-0.5348826,-14.9631815,0.6547118,0.50568694,-0.5331548,0.177142
0.6910051,-1.2661508,-15.216178,0.13639408,0.8374927,0.26910415,0.45561567
0.9959121,-0.5350169,-14.963297,0.65486526,0.50556016,-0.5329907,0.17743029
0.6895412,-1.2666049,-15.216147,0.13631527,0.83761656,0.26896128,0.45549598
0.9956665,-0.53515357,-14.963414,0.6550163,0.5054329,-0.53286433,0.17761439
0.68827623,-1.2652799,-15.216122,0.13609102,0.83783436,0.26873472,0.45529607
0.9954172,-0.53529227,-14.963532,0.65515804,0.50540507,-0.5326331,0.17786443
0.6872242,-1.2659171,-15.216099,0.13601793,0.837981,0.2685613,0.45515043
0.9951367,-0.5359506,-14.963667,0.6552356,0.50549126,-0.5323429,0.178202
0.6880576,-1.2664127,-15.216083,0.13593724,0.83826363,0.26808557,0.45493445
0.994859,-0.53607774,-14.963799,0.6552523,0.5058351,-0.5319464,0.1783487
0.68708074,-1.2651519,-15.216068,0.13557592,0.83860743,0.2677148,0.4546269
0.99457884,-0.53676575,-14.963372,0.6552957,0.5061515,-0.5315128,0.17858438
0.6843979,-1.2640278,-15.216056,0.13539714,0.8389383,0.2674218,0.454242
0.99367636,-0.5374757,-14.962932,0.6553446,0.50645965,-0.5311067,0.17873953
0.68403894,-1.2649125,-15.216045,0.13544194,0.8391266,0.2671097,0.4540645
0.99404967,-0.53752583,-14.963129,0.65525436,0.50673956,-0.53092533,0.17881574
0.6837445,-1.2638445,-15.216037,0.13530234,0.8393107,0.2667868,0.45395565
0.9932431,-0.5370009,-14.963304,0.65519106,0.5070683,-0.5306971,0.17879318
0.6815919,-1.2629248,-15.21603,0.13519748,0.83938986,0.2667197,0.45387998
0.9930633,-0.53707284,-14.962919,0.6551302,0.5073311,-0.5304989,0.17885906
0.68175673,-1.2622166,-15.214202,0.1350394,0.8393811,0.26645732,0.4540973
0.9923572,-0.5371403,-14.962559,0.65506977,0.5076062,-0.53029275,0.17891122
0.6836149,-1.2616712,-15.212795,0.13503216,0.8392995,0.2663915,0.45428866
0.9922346,-0.5366902,-14.962235,0.65496486,0.50784874,-0.53018594,0.17892349
0.6834175,-1.2628912,-15.213343,0.1350368,0.8392728,0.2663659,0.45435163
0.991637,-0.53677064,-14.961943,0.6549092,0.50808245,-0.53003144,0.17892183
0.68326205,-1.2607268,-15.213775,0.13484046,0.83932036,0.26629123,0.454366
0.99102914,-0.53685254,-14.961646,0.6548726,0.508305,-0.5298412,0.1789866
0.6846227,-1.2604893,-15.214119,0.13472569,0.83933985,0.26618516,0.4544262
0.9904111,-0.5369358,-14.961345,0.65484345,0.50850725,-0.5296663,0.17903674
0.6843056,-1.2602986,-15.214395,0.13464536,0.83942723,0.26604378,0.45437142
0.9903901,-0.5370137,-14.9610615,0.65474874,0.5086957,-0.5295886,0.17907771
0.68403935,-1.2601384,-15.213239,0.13460872,0.8394535,0.2661443,0.45427477
0.98976743,-0.5370929,-14.960774,0.65470934,0.50887805,-0.52944285,0.17913425
0.68381,-1.2600003,-15.21364,0.13456482,0.83946276,0.26602542,0.45434034
0.98978496,-0.5371666,-14.960506,0.65462583,0.5091029,-0.529293,0.17924371
0.6849508,-1.2598884,-15.213966,0.13449998,0.8393934,0.26610273,0.45444247
0.9891106,-0.53794026,-14.960216,0.6545693,0.50936365,-0.5290815,0.17933351
0.6846146,-1.2584956,-15.214241,0.13429202,0.83941245,0.26604664,0.45450163
0.9884536,-0.5379659,-14.96066,0.654516,0.5095972,-0.52891546,0.17935456
0.6843218,-1.25859,-15.21448,0.13424678,0.8393235,0.26608726,0.45465538
0.98857105,-0.53798896,-14.960352,0.65440786,0.509841,-0.52880865,0.17937094
0.6840614,-1.2573286,-15.214692,0.13403092,0.8392891,0.266091,0.45478016
0.98789537,-0.53881156,-14.96003,0.6543542,0.51008046,-0.5286126,0.1794637
0.6838387,-1.2575877,-15.214874,0.13394564,0.83915067,0.26614043,0.455032
0.98725826,-0.53876615,-14.9605465,0.6542696,0.5102887,-0.52851105,0.17947975
0.68364775,-1.2578095,-15.215031,0.1339615,0.83882546,0.2662204,0.45557973
0.986656,-0.5387232,-14.960186,0.65417534,0.5103852,-0.5285434,0.1794532
0.6847571,-1.2579911,-15.215158,0.13415349,0.8385253,0.2662356,0.4560667
0.98694056,-0.5386859,-14.959875,0.6540391,0.5104547,-0.52865136,0.1794342
0.6856722,-1.258141,-15.215263,0.13421679,0.8382888,0.26626554,0.45646527
0.98720443,-0.5394672,-14.959587,0.65391535,0.5105127,-0.52872753,0.17949611
0.6875751,-1.2582655,-15.215352,0.13445915,0.83802164,0.2663086,0.4568591
0.98665875,-0.53859633,-14.960112,0.6537955,0.51057756,-0.52884376,0.17940535
0.68808293,-1.2583698,-15.215425,0.13453548,0.8378592,0.26632854,0.4571229
0.9869185,-0.5385721,-14.959832,0.6536884,0.5106007,-0.5289535,0.17940676
0.6885109,-1.2584577,-15.215487,0.13468051,0.83773726,0.26626003,0.45734364
0.9871464,-0.5378513,-14.960287,0.6535922,0.5106028,-0.5290925,0.17934085
0.68887377,-1.2585322,-15.21554,0.1347977,0.83765113,0.26623595,0.45748067
0.9866776,-0.5385527,-14.960021,0.6535472,0.51057875,-0.52916896,0.17934786
0.6891835,-1.2585957,-15.215584,0.13494185,0.8375907,0.26613295,0.45760888
0.98626345,-0.5378966,-14.959785,0.65350616,0.5105266,-0.5292993,0.17926148
0.69033307,-1.2586502,-15.215623,0.13515042,0.8375071,0.26609194,0.45772412
0.9865021,-0.5373146,-14.959577,0.6534446,0.5104484,-0.5294896,0.17914656
0.69048506,-1.2586973,-15.215655,0.13536842,0.8375027,0.26600206,0.45771995
0.9867146,-0.5379482,-14.959391,0.6534075,0.5103705,-0.5296231,0.17910929
0.69061685,-1.258738,-15.215684,0.135516,0.83751357,0.2659212,0.45770338
0.9869044,-0.53742003,-14.959772,0.6533431,0.510314,-0.5297843,0.17902824
0.68997383,-1.2595314,-15.215709,0.13565238,0.8375555,0.26590714,0.45759445
0.9865547,-0.53746647,-14.959594,0.6533241,0.5102444,-0.5298895,0.17898442
0.69013107,-1.2595057,-15.215731,0.13582122,0.83759123,0.26583877,0.45751867
0.98722786,-0.5375082,-14.959928,0.65327555,0.51015836,-0.530053,0.17892294
0.6895854,-1.2594831,-15.21575,0.13594423,0.83764994,0.26574692,0.4574281
0.9873655,-0.53801477,-14.960227,0.6532607,0.51009053,-0.53014845,0.17888783
0.6897536,-1.2588136,-15.215766,0.13597982,0.83772916,0.2656009,0.4573573
0.9874898,-0.53758156,-14.960499,0.6532269,0.51005524,-0.53025407,0.1787985
0.68928534,-1.259455,-15.215781,0.13612613,0.8377929,0.26553652,0.45723438
0.98760253,-0.53761226,-14.960745,0.65321267,0.5100187,-0.53031963,0.1787604
0.68886906,-1.2594386,-15.215795,0.13618247,0.8378869,0.26542968,0.45710716
0.98730284,-0.53804225,-14.9605665,0.6532383,0.5099797,-0.53034025,0.1787169
0.68849766,-1.2599812,-15.215806,0.13630791,0.83799183,0.26536027,0.45691776
0.987412,-0.53805166,-14.960786,0.65325004,0.5099447,-0.5303708,0.17868358
0.6886945,-1.2599376,-15.2158165,0.13641806,0.83808327,0.26527554,0.4567664
0.9871314,-0.53806084,-14.9609995,0.65327233,0.5099177,-0.5303836,0.17864113
0.68836844,-1.2598984,-15.215826,0.13650031,0.8382107,0.26515654,0.45657697
0.9868387,-0.5380704,-14.961222,0.6532903,0.509895,-0.53039443,0.17860763
0.68803644,-1.2598586,-15.215836,0.1365562,0.8383685,0.26499045,0.45636687
0.986973,-0.5380791,-14.961424,0.65328926,0.5098771,-0.5304194,0.17858848
0.68769836,-1.259818,-15.215846,0.13663086,0.8384768,0.26487502,0.4562127
0.9870969,-0.5380872,-14.961612,0.6532994,0.5098527,-0.5304295,0.17859136
0.68735826,-1.2597771,-15.215857,0.13670646,0.838585,0.2647091,0.45608732
0.9872099,-0.53772664,-14.961783,0.6533014,0.5098459,-0.5304416,0.17856675
0.68764913,-1.2597408,-15.215866,0.13675837,0.8385983,0.2646626,0.4560743
0.9869637,-0.5377468,-14.96159,0.65331554,0.5098423,-0.5304199,0.17859052
0.68760514,-1.2602147,-15.215881,0.13683128,0.838557,0.2646498,0.45613584
0.98683953,-0.5377969,-14.961561,0.6533321,0.50983876,-0.53037596,0.17867
0.6878415,-1.2601604,-15.215887,0.13683459,0.8384981,0.2646228,0.4562587
0.98694557,-0.53749526,-14.961711,0.6533405,0.5098358,-0.53035647,0.17870565
0.68805414,-1.2605947,-15.215893,0.1368465,0.83843565,0.2646724,0.45634118
0.987043,-0.5378216,-14.961546,0.65335596,0.5098364,-0.5303131,0.17877604
0.688246,-1.2605275,-15.215898,0.13683334,0.83837605,0.2647075,0.45643422
0.9868277,-0.5378365,-14.961694,0.65337235,0.5098442,-0.5302686,0.17882596
0.6884196,-1.2609026,-15.215902,0.13685727,0.8383202,0.264719,0.4565229
0.9865876,-0.53821427,-14.961498,0.6533925,0.5098619,-0.5302009,0.17890291
0.6879295,-1.2607617,-15.215119,0.13671705,0.83835626,0.26467064,0.45652682
0.9861019,-0.5382194,-14.961102,0.65339243,0.50995517,-0.53004014,0.17911315
0.6877137,-1.2606997,-15.215155,0.13673058,0.83834845,0.2645868,0.45658576
0.98585534,-0.538222,-14.960899,0.6533812,0.5100498,-0.5299075,0.17927694
0.68749565,-1.261036,-15.214791,0.13678208,0.8383142,0.26459676,0.4566274
0.98560625,-0.53822464,-14.960697,0.6533583,0.5101555,-0.52976197,0.17949015
0.6872698,-1.2613844,-15.214415,0.13686346,0.83828187,0.26464352,0.45663524
0.9858073,-0.5386622,-14.9605055,0.653313,0.5102983,-0.52955633,0.17985527
0.6870332,-1.2617493,-15.214019,0.13693726,0.8382563,0.26463026,0.45666778
0.9855515,-0.5386439,-14.960313,0.65324205,0.5105234,-0.52932537,0.18015383
0.6872688,-1.262079,-15.213662,0.13698815,0.838214,0.26465926,0.45671347
0.9852747,-0.5391443,-14.960106,0.6531628,0.5108093,-0.5289873,0.180623
0.6870419,-1.2619425,-15.213773,0.1369685,0.838199,0.26467347,0.45673847
0.9855201,-0.53909975,-14.959919,0.6529906,0.51117474,-0.52867675,0.18112074
0.6872674,-1.261819,-15.213442,0.13694829,0.8381763,0.26464844,0.4568008
0.98527193,-0.5385903,-14.959751,0.65282047,0.5116111,-0.52831745,0.18154983
0.6874721,-1.261707,-15.213141,0.13693143,0.8381486,0.2646696,0.45684436
0.9850373,-0.53857523,-14.959592,0.6526474,0.5120848,-0.5278593,0.18216822
0.6880472,-1.261605,-15.212868,0.13694146,0.8380814,0.2646873,0.45695442
0.98480135,-0.53856003,-14.959432,0.6524963,0.51257205,-0.5274181,0.18261619
0.6882019,-1.2615123,-15.212989,0.13690913,0.8380258,0.26471373,0.4570508
0.9839617,-0.53854316,-14.959253,0.65233177,0.51307255,-0.52696246,0.18311325
0.6886943,-1.2614274,-15.212749,0.13689525,0.83795106,0.26477534,0.45715615
0.9837314,-0.53915393,-14.959072,0.6521727,0.5135134,-0.5265481,0.1836356
0.6888115,-1.2613499,-15.212527,0.13683872,0.8378686,0.2648944,0.4572553
0.9834986,-0.5397714,-14.958887,0.6518188,0.5140102,-0.52625805,0.18433186
0.68923575,-1.2612786,-15.212326,0.1368419,0.83773386,0.26503745,0.45741832
0.98393834,-0.5390259,-14.958726,0.651264,0.5144177,-0.5263555,0.18487711
0.6896255,-1.2612132,-15.21214,0.13683996,0.8376259,0.26515043,0.45755112
0.9843281,-0.5389783,-14.957969,0.6508437,0.5146751,-0.5264125,0.185478
0.6899842,-1.2614388,-15.211684,0.13685408,0.83750933,0.26529458,0.45767677
0.98467475,-0.5389359,-14.957295,0.65043396,0.51504064,-0.5263849,0.18597765
0.6903635,-1.2616775,-15.211513,0.13688807,0.83740556,0.26538324,0.45780498
0.98553735,-0.5388981,-14.956695,0.65003496,0.5151809,-0.5266041,0.18636353
0.6904353,-1.2615732,-15.210895,0.13687344,0.83731407,0.26548398,0.45791832
0.98578405,-0.53886425,-14.956158,0.6498057,0.5152326,-0.5267611,0.18657601
0.6909467,-1.2614648,-15.210689,0.13687569,0.83721435,0.26555172,0.45806065
0.9855063,-0.53883386,-14.955674,0.6496895,0.5152034,-0.52687943,0.18672736
0.69198656,-1.2613486,-15.210469,0.13687965,0.83709884,0.26560304,0.45824087
0.98573047,-0.5388065,-14.955238,0.6494901,0.5152313,-0.52702564,0.18693154
0.6936658,-1.262234,-15.209984,0.13688801,0.8368621,0.2657026,0.45861283
0.9866485,-0.5392369,-14.954396,0.64912236,0.5151052,-0.5274656,0.18731497
0.6949447,-1.2620131,-15.209723,0.13686498,0.83669657,0.2657401,0.45889986
0.986811,-0.5391911,-14.954495,0.6489959,0.51512164,-0.52760124,0.18732606
0.6962871,-1.2625703,-15.20945,0.13687567,0.83647215,0.2658167,0.45926136
0.98697007,-0.53914636,-14.954121,0.64889264,0.5150967,-0.5276965,0.18748376
0.69675153,-1.2622794,-15.2091875,0.13683629,0.8362626,0.26583606,0.45964327
0.98756224,-0.5391059,-14.95423,0.64870906,0.51506954,-0.5278721,0.18769966
0.69719464,-1.262002,-15.208936,0.13677524,0.83603984,0.26582548,0.46007258
0.98767245,-0.53864324,-14.95433,0.64856553,0.5150486,-0.52808744,0.18764725
0.6985884,-1.262674,-15.208684,0.13679606,0.8357655,0.26580602,0.46057597
0.98817724,-0.53862786,-14.954421,0.64840555,0.51501137,-0.5282383,0.18787745
0.6989015,-1.2623215,-15.208451,0.13670766,0.835597,0.26571158,0.46096215
0.98786765,-0.538614,-14.954503,0.6483785,0.5150557,-0.5282361,0.18785554
0.7001253,-1.2610633,-15.209196,0.13657475,0.8354434,0.2655135,0.46139395
0.9883159,-0.53823596,-14.954578,0.64820206,0.51506895,-0.5284299,0.18788272
0.70027155,-1.2608874,-15.209835,0.13647209,0.83534425,0.2653662,0.4616884
0.9883784,-0.5382375,-14.954646,0.6481373,0.5150923,-0.5284692,0.18793191
0.70039755,-1.2598797,-15.210384,0.13628158,0.8352909,0.26517344,0.46195173
0.9881061,-0.53823894,-14.954708,0.6482425,0.51503223,-0.52842796,0.18784933
0.7005066,-1.2590076,-15.210859,0.13606766,0.8352997,0.26489308,0.46215993
0.9881694,-0.5379271,-14.954765,0.6481925,0.51504225,-0.5285136,0.18775319
0.7014394,-1.2573614,-15.211304,0.13585046,0.83529663,0.26456785,0.46241546
0.98822755,-0.53764045,-14.954819,0.64827436,0.51502967,-0.5284585,0.18766056
0.7006703,-1.2575115,-15.21169,0.13572466,0.83533156,0.26443303,0.46246648
0.9879985,-0.5376592,-14.954866,0.6483512,0.51512575,-0.5282633,0.18768111
0.70074946,-1.2576423,-15.212027,0.13568188,0.8353125,0.26426256,0.4626109
0.9877873,-0.5376766,-14.954911,0.64842963,0.5151864,-0.5281254,0.18763165
0.70081884,-1.2570446,-15.212321,0.13561247,0.8353858,0.2639915,0.46265364
0.9878473,-0.53743744,-14.954952,0.64844644,0.51529324,-0.5280049,0.18761912
0.70020306,-1.2571955,-15.212581,0.1355925,0.8354489,0.2638649,0.4626177
0.98766047,-0.53745866,-14.954991,0.6485388,0.5154633,-0.5276939,0.1877075
0.70030224,-1.2566857,-15.21281,0.13545382,0.8354741,0.26369703,0.4627087
0.9874875,-0.5374783,-14.955026,0.6485694,0.5158033,-0.5273438,0.18765198
0.70101863,-1.2562226,-15.2130165,0.13539796,0.8353962,0.2635264,0.46296284
0.9875458,-0.5372778,-14.955059,0.6485171,0.516133,-0.52713734,0.18750602
0.70046496,-1.2558112,-15.2132015,0.13524438,0.83541083,0.26346785,0.46301454
0.9873922,-0.53729945,-14.95509,0.6485398,0.5164004,-0.5268565,0.18748091
0.70116717,-1.255407,-15.213383,0.13518018,0.8353793,0.26336434,0.4631491
0.9872493,-0.5371222,-14.955117,0.64845663,0.51669085,-0.526742,0.18728986
0.70120126,-1.255023,-15.213555,0.13509835,0.83542216,0.26318982,0.46319497
0.98730534,-0.5369531,-14.955145,0.64837176,0.5169206,-0.52668935,0.18709782
0.70194364,-1.2546227,-15.213735,0.13511917,0.8354254,0.26304948,0.46326265
0.9873602,-0.5369796,-14.955172,0.6482883,0.51707304,-0.5266742,0.18700853
0.7019245,-1.254249,-15.213902,0.13510577,0.83556443,0.26280254,0.46315598
0.98741394,-0.5368133,-14.955197,0.64824843,0.51721185,-0.526686,0.18672921
0.7019066,-1.2538997,-15.21406,0.13511215,0.8357208,0.26249567,0.46304598
0.9874667,-0.5366504,-14.955223,0.64816636,0.5173508,-0.5267444,0.18646438
0.7018909,-1.2542753,-15.214197,0.13519089,0.8358446,0.26233616,0.46289
0.9873261,-0.53649074,-14.955248,0.64816767,0.51744914,-0.5267431,0.18619026
0.7018764,-1.253944,-15.214324,0.13522767,0.83594793,0.26221132,0.46276316
0.9871883,-0.53652656,-14.955273,0.6480983,0.51750666,-0.5268233,0.18604523
0.70186275,-1.253632,-15.214443,0.13531925,0.8360212,0.2620312,0.46270612
0.98702973,-0.53634197,-14.9553,0.64805305,0.5175428,-0.5269398,0.18577175
0.7018507,-1.2540092,-15.214549,0.1354332,0.8360642,0.26194996,0.4626411
0.9868697,-0.536389,-14.955329,0.64800775,0.5175352,-0.5270286,0.18569896
0.7018401,-1.2543434,-15.2146435,0.13553736,0.836065,0.261918,0.4626273
0.9867062,-0.53643703,-14.9553585,0.64792275,0.5174591,-0.52725154,0.18557489
0.70124155,-1.2534622,-15.214726,0.13547882,0.8361134,0.26179218,0.4626282
0.98651534,-0.53620046,-14.955392,0.64787745,0.5173842,-0.5274368,0.18541588
0.701268,-1.2532302,-15.214803,0.13553372,0.83603406,0.26176026,0.4627735
0.9862976,-0.5359305,-14.955431,0.64779437,0.51731557,-0.52764076,0.18531685
0.7007465,-1.2530229,-15.21487,0.13553418,0.8359991,0.261775,0.46282822
0.9860548,-0.5356296,-14.955474,0.64774716,0.51721364,-0.52785367,0.18516025
0.70079863,-1.2528317,-15.214932,0.13555849,0.8358794,0.26178738,0.46303025
0.9857897,-0.535301,-14.955522,0.6476727,0.5171006,-0.5280952,0.18504736
0.70151323,-1.2519559,-15.215006,0.13550876,0.83573914,0.26175815,0.46331427
0.9855353,-0.5354426,-14.955567,0.6476941,0.51690483,-0.52828795,0.18496929
0.70304656,-1.2517678,-15.215084,0.13564488,0.8353781,0.26173154,0.46394023
0.9861731,-0.5355707,-14.955174,0.6475719,0.51635617,-0.52897644,0.18496162
0.7045328,-1.2523853,-15.21516,0.1357709,0.835,0.26176253,0.46456602
0.9871639,-0.53527457,-14.954817,0.64740944,0.5158735,-0.5296493,0.1849518
0.70608765,-1.2521186,-15.2152405,0.13583256,0.8347572,0.26162404,0.4650621
0.98806477,-0.5350053,-14.9544935,0.64728755,0.5153999,-0.5302681,0.18492605
0.707651,-1.2518505,-15.214306,0.13591196,0.83444136,0.2615928,0.46562296
0.9888857,-0.53475994,-14.954198,0.64717203,0.5149543,-0.5308636,0.184863
0.7091829,-1.2515879,-15.213391,0.1359322,0.83417195,0.26150858,0.4661469
0.98963547,-0.5348894,-14.953928,0.64708406,0.51453954,-0.5313829,0.18483412
0.7106411,-1.2513378,-15.2137165,0.13590893,0.8339174,0.26145676,0.46663794
0.9903215,-0.53500783,-14.953682,0.6469902,0.5140725,-0.53197306,0.1847647
0.71199954,-1.2511048,-15.214019,0.13598827,0.83369845,0.26136073,0.46705958
0.9916662,-0.53470933,-14.95336,0.64682204,0.5135223,-0.5327265,0.18471238
0.7119062,-1.2496234,-15.214283,0.13580899,0.83361393,0.2612963,0.4672987
0.9926111,-0.5349009,-14.9530115,0.64675653,0.5129239,-0.5333963,0.1846714
0.7130848,-1.2508756,-15.214508,0.13586827,0.8334066,0.2612731,0.46766406
0.9936904,-0.5344971,-14.952613,0.6466145,0.5122822,-0.5342198,0.18456967
0.7141583,-1.2506975,-15.214713,0.13580826,0.83328736,0.26107368,0.46800524
0.99487185,-0.5340551,-14.952176,0.6464926,0.5116208,-0.5350354,0.18446897
0.71377915,-1.2505488,-15.214884,0.13579187,0.83317024,0.26105362,0.4682297
0.9960592,-0.5344033,-14.951738,0.64639443,0.5109845,-0.5357561,0.18448482
0.71476567,-1.2504144,-15.215038,0.13573425,0.83303714,0.26087528,0.46858242
0.9972857,-0.53387094,-14.951285,0.6461799,0.51052177,-0.5364944,0.18437165
0.71714246,-1.2502881,-15.215184,0.13572963,0.8327903,0.260839,0.46904254
0.9984589,-0.5333617,-14.951794,0.6460226,0.51009095,-0.5370871,0.18438993
0.717723,-1.2501786,-15.215309,0.13565944,0.832633,0.26077473,0.46937764
0.9996175,-0.5328587,-14.951265,0.64587414,0.5097497,-0.5375635,0.18446495
0.71822315,-1.250084,-15.215418,0.13553351,0.8325213,0.2608158,0.46958938
1.0006901,-0.5323931,-14.951844,0.64573324,0.5094177,-0.53803337,0.18450537
0.7186552,-1.2484566,-15.215511,0.13527198,0.8324758,0.26060238,0.46986383
1.0016361,-0.53304183,-14.952354,0.6455924,0.5092315,-0.5382909,0.18476093
0.71902597,-1.2470601,-15.215592,0.13509066,0.8323772,0.2604153,0.4701942
1.001426,-0.5325763,-14.952793,0.64558333,0.50907344,-0.5384291,0.1848259
0.719342,-1.2458699,-15.21566,0.13502689,0.83233154,0.26014727,0.47044164
1.0022959,-0.53214294,-14.953201,0.64543945,0.5089928,-0.5385774,0.18511799
0.7196095,-1.2448622,-15.215718,0.13489202,0.83227736,0.26003546,0.47063813
1.003064,-0.5328184,-14.953562,0.6453435,0.5089097,-0.53861904,0.18555935
0.72159606,-1.2439706,-15.21577,0.13483103,0.8321168,0.25988677,0.47102147
1.003773,-0.5323444,-14.953894,0.6452137,0.50886804,-0.53874516,0.1857588
0.7214715,-1.2432433,-15.215812,0.1348216,0.8320299,0.25983965,0.4712037
1.004422,-0.53191054,-14.954198,0.6450161,0.50887823,-0.538791,0.18628357
0.7231975,-1.2426181,-15.215848,0.13480476,0.8319616,0.25959602,0.47146332
1.0050112,-0.53151655,-14.954474,0.6448929,0.5088371,-0.53884757,0.18665832
0.7245762,-1.243928,-15.215877,0.13469802,0.8318841,0.25967035,0.4715896
1.0068338,-0.53114223,-14.954738,0.64468586,0.508887,-0.53884655,0.1872395
0.7257369,-1.2431542,-15.2159,0.13450992,0.83180356,0.25955915,0.47184637
1.0085235,-0.5307952,-14.954981,0.6445438,0.50890607,-0.53881335,0.1877716
0.72483885,-1.2425607,-15.2159195,0.13418594,0.83179045,0.25955033,0.47196656
1.0086243,-0.53180087,-14.953889,0.6444444,0.5090123,-0.5386243,0.18836606
0.7259314,-1.2420616,-15.215935,0.1339071,0.83150154,0.2597071,0.47246835
1.0087087,-0.5326437,-14.952975,0.64429504,0.509162,-0.5384011,0.1891088
0.72501415,-1.2416786,-15.215946,0.13359582,0.8312723,0.25990734,0.47284958
1.0087804,-0.5333589,-14.9522,0.6440918,0.5093028,-0.53829485,0.18972385
0.7260485,-1.2413566,-15.215958,0.13351285,0.8309623,0.26002625,0.47335234
1.0088435,-0.5327581,-14.951515,0.6438245,0.50951785,-0.5382127,0.1902861
0.7269092,-1.2410889,-15.215965,0.13351601,0.83068854,0.26024848,0.4737097
1.0102255,-0.53219515,-14.950875,0.6435559,0.5096099,-0.5382727,0.19077769
0.727618,-1.2408682,-15.215973,0.13342696,0.8304079,0.26037982,0.47415444
1.0114524,-0.5330571,-14.950306,0.6432751,0.50979507,-0.5382542,0.19128135
0.73007876,-1.2425804,-15.215979,0.13364613,0.8301163,0.26042935,0.47457585
1.0125608,-0.53240246,-14.949792,0.6429669,0.50995106,-0.53833866,0.19166385
0.73219526,-1.2400066,-15.215983,0.13357615,0.82999647,0.26018283,0.47494027
1.0120952,-0.5318733,-14.950739,0.6426339,0.5101716,-0.5384268,0.19194607
0.73185015,-1.239998,-15.215986,0.13342804,0.83003587,0.25996053,0.47503483
1.0117154,-0.5327354,-14.950216,0.6424878,0.51031345,-0.5383208,0.19235522
0.7315893,-1.2399913,-15.217876,0.13333555,0.83003384,0.25973997,0.47518498
1.0114033,-0.53221524,-14.951017,0.64227134,0.51045316,-0.5383559,0.19260846
0.7313872,-1.2399863,-15.219341,0.13310552,0.83008784,0.25960416,0.47522935
1.0111446,-0.5329518,-14.95168,0.64214313,0.51065344,-0.5382394,0.1928306
0.7310956,-1.2384976,-15.221455,0.13310222,0.8300316,0.2588064,0.47576338
1.0107473,-0.53309554,-14.952697,0.6419335,0.5108344,-0.538253,0.19301158
0.73099035,-1.2370023,-15.2222185,0.13320315,0.8300276,0.25838575,0.4759706
1.0105938,-0.5326344,-14.95309,0.6418951,0.5108853,-0.5382462,0.19302316
0.7309071,-1.2375284,-15.222821,0.13312587,0.82994694,0.25815824,0.4762562
1.0095123,-0.53414375,-14.953424,0.6419698,0.510964,-0.5380499,0.19311418
0.72922045,-1.2363179,-15.223291,0.13307755,0.8299292,0.25787428,0.47645447
1.0094899,-0.53362906,-14.953711,0.64183146,0.5110282,-0.5381993,0.19298786
0.72788846,-1.2353617,-15.223663,0.13291727,0.8298773,0.25771317,0.47667655
1.0103288,-0.5340442,-14.953958,0.64167565,0.5111088,-0.53829014,0.19303851
0.72682583,-1.2331355,-15.225424,0.1325892,0.8298228,0.2574453,0.47700745
1.0094241,-0.5335881,-14.954171,0.641624,0.51112175,-0.53840417,0.19285809
0.7273959,-1.2327063,-15.226934,0.13249767,0.8295137,0.25752515,0.47752708
1.0094119,-0.5339661,-14.954356,0.64160955,0.5111308,-0.53841937,0.1928395
0.7278572,-1.2337776,-15.228159,0.13250448,0.82925195,0.25759813,0.47794035
1.0094013,-0.53356045,-14.954518,0.641541,0.51116633,-0.53853387,0.1926539
0.731485,-1.23321,-15.229329,0.13169959,0.8274528,0.25763422,0.4812503
1.009392,-0.5332046,-14.95466,0.6414214,0.5110349,-0.5389772,0.19216056
0.73491347,-1.2308689,-15.230436,0.1313188,0.826191,0.2575548,0.48355916
1.0100744,-0.5321876,-14.95479,0.6412105,0.5108633,-0.53957635,0.1916381
0.73786056,-1.2307663,-15.231387,0.13112773,0.8250715,0.2579453,0.485311
1.0107685,-0.53191024,-14.954923,0.6410752,0.5107108,-0.54001445,0.19126289
0.7424519,-1.230678,-15.232206,0.13096495,0.8242006,0.25814584,0.48672625
1.0124015,-0.53161156,-14.955066,0.6409141,0.5105358,-0.5404649,0.19099802
0.7485955,-1.2306026,-15.232905,0.1308844,0.82347405,0.25837564,0.4878542
1.0130464,-0.53036255,-14.955206,0.64072335,0.51035047,-0.54099876,0.19062106
0.75372046,-1.2281219,-15.233489,0.13049519,0.82309115,0.25842288,0.48857924
1.013669,-0.52915704,-14.95534,0.64058745,0.51017195,-0.5414338,0.19032012
0.75768465,-1.2287017,-15.233939,0.13051389,0.82265085,0.2585422,0.48925224
1.0154638,-0.52793425,-14.955478,0.640389,0.5099625,-0.54199225,0.1899595
0.7606915,-1.2291416,-15.2342825,0.1305387,0.822229,0.25874373,0.48984772
1.0171524,-0.5280292,-14.955606,0.64021486,0.5096649,-0.54254526,0.18976633
0.76034063,-1.2269305,-15.2345295,0.13024421,0.82210827,0.25877425,0.49011263
1.0161827,-0.5281077,-14.955713,0.6401979,0.5094262,-0.5428662,0.18954672
0.7600841,-1.2253143,-15.234712,0.13004428,0.8221894,0.2585525,0.49014676
1.0164988,-0.5281731,-14.954679,0.64011943,0.5091342,-0.5432876,0.1893891
0.76248056,-1.2240808,-15.23485,0.13023512,0.82190144,0.25865185,0.49052635
1.016784,-0.5270839,-14.954893,0.63998026,0.5088912,-0.54373044,0.1892411
0.76168066,-1.2256875,-15.234946,0.13035536,0.82185847,0.2588701,0.4904514
1.0182645,-0.527284,-14.955093,0.6398148,0.5086348,-0.5441739,0.18921563
0.7635792,-1.2243991,-15.235019,0.13041516,0.821702,0.25871062,0.4907815
1.019623,-0.5274676,-14.9552765,0.6396536,0.508387,-0.54461974,0.18914387
0.7625348,-1.2258722,-15.235069,0.13058442,0.8216026,0.2586784,0.49092004
1.0208522,-0.5276338,-14.955441,0.63943434,0.508176,-0.5450515,0.18920828
0.76409215,-1.2269564,-15.235107,0.13077751,0.82127637,0.25888506,0.49130544
1.0219501,-0.52778214,-14.955589,0.63933545,0.5080759,-0.5452493,0.18924177
0.76527274,-1.2277783,-15.235135,0.13096415,0.8210971,0.25898293,0.49150372
1.02292,-0.5279132,-14.955721,0.63922244,0.507993,-0.5454392,0.18929873
0.763913,-1.2283701,-15.235155,0.13079058,0.8211748,0.25875255,0.4915415
1.0237683,-0.5280279,-14.955834,0.63916636,0.5079207,-0.54557955,0.18927772
0.7629181,-1.2267036,-15.23517,0.13050435,0.82116586,0.2586554,0.4916836
1.0245135,-0.52661425,-14.9559355,0.6390651,0.5078938,-0.5457282,0.18926327
0.76423097,-1.2274952,-15.235182,0.13059632,0.8208474,0.25868475,0.49217528
1.0251604,-0.52538675,-14.956022,0.6388718,0.50803864,-0.5457496,0.18946502
0.765263,-1.2281175,-15.235191,0.13059378,0.8205767,0.25866663,0.4926366
1.0257018,-0.5259188,-14.956095,0.63883984,0.50815904,-0.545635,0.18958025
0.7660731,-1.2286059,-15.235198,0.13064112,0.8202605,0.25881845,0.4930706
1.0246515,-0.5263422,-14.956154,0.63878244,0.5082454,-0.54560035,0.1896418
0.766715,-1.2268634,-15.235205,0.13051945,0.82010406,0.25852278,0.49351808
1.0252216,-0.5266867,-14.956201,0.63867307,0.50834817,-0.5455904,0.18976308
0.7694175,-1.2276579,-15.235209,0.13049302,0.8196048,0.25849342,0.494369
1.0257206,-0.5255243,-14.956242,0.63852507,0.50849986,-0.5455985,0.18983153
0.7715948,-1.2260145,-15.235212,0.13029857,0.8192992,0.25809917,0.49513227
1.0261539,-0.5245149,-14.956278,0.6383789,0.50862783,-0.54556096,0.19008772
0.770987,-1.224793,-15.235215,0.13015918,0.81917584,0.25785106,0.49550223
1.0265144,-0.5251536,-14.956308,0.63835514,0.50867236,-0.5455032,0.19021432
0.775243,-1.2237906,-15.235217,0.13002847,0.81887156,0.25703415,0.49646297
1.026825,-0.5241986,-14.956334,0.638301,0.5087136,-0.54551697,0.19024602
0.77866006,-1.2204498,-15.237755,0.1298701,0.8188652,0.25592214,0.49708903
1.0287263,-0.523332,-14.956358,0.6382291,0.50861317,-0.5456735,0.19030698
0.7786398,-1.2180213,-15.237096,0.12950082,0.81921655,0.2551852,0.49698523
1.0286896,-0.5241915,-14.956377,0.6382777,0.5083989,-0.5457491,0.19049962
0.778625,-1.2162393,-15.236612,0.12958911,0.819406,0.25433183,0.4970874
1.0286587,-0.52336514,-14.956392,0.638345,0.5081561,-0.54593194,0.19039789
0.77861404,-1.2149247,-15.236256,0.12961696,0.81960344,0.25381655,0.49701798
1.0302753,-0.5226279,-14.956406,0.6383146,0.5079305,-0.546192,0.19035621
0.7762575,-1.213997,-15.236003,0.12960216,0.81988716,0.253308,0.49681336
1.0299748,-0.5203987,-14.956418,0.63826203,0.50765914,-0.5465905,0.1901121
0.77964556,-1.2110302,-15.239795,0.12944727,0.8203396,0.25175864,0.49689445
1.0326334,-0.5199595,-14.956435,0.6382092,0.5069351,-0.5474913,0.18962891
0.77938104,-1.208663,-15.241049,0.12923117,0.82058465,0.2512847,0.49678585
1.0319144,-0.5198022,-14.956442,0.63835084,0.5064087,-0.54797137,0.18917179
0.77918196,-1.2068809,-15.241993,0.12904762,0.8207638,0.2509839,0.4966897
1.0330486,-0.51790565,-14.956449,0.6383259,0.50603473,-0.54849553,0.18873686
0.7767631,-1.207887,-15.242666,0.12886119,0.8209597,0.25109744,0.49635687
1.0322572,-0.5181055,-14.956453,0.63843006,0.5055754,-0.5489738,0.18822451
0.77500945,-1.2064534,-15.243155,0.12859263,0.82123095,0.25106925,0.49599195
1.033314,-0.5165413,-14.956456,0.6383966,0.50523144,-0.54949766,0.18773235
0.7757733,-1.2074528,-15.243515,0.12868568,0.8213759,0.2512378,0.49564224
1.0341847,-0.51699764,-14.95646,0.63852316,0.5048954,-0.5497674,0.18741618
0.77439165,-1.2081993,-15.243784,0.1288473,0.8215419,0.25153983,0.49517176
1.033204,-0.51901037,-14.956462,0.6387455,0.5045231,-0.54999083,0.18700516
0.7733457,-1.2087643,-15.243987,0.12885875,0.8217414,0.2517575,0.49472696
1.0340078,-0.51901764,-14.956464,0.6386544,0.50429416,-0.5504016,0.18672456
0.7725437,-1.2091976,-15.244143,0.12891398,0.8218842,0.2519835,0.49436006
1.0331501,-0.5205197,-14.956465,0.63872445,0.5040547,-0.5506079,0.18652323
0.7742271,-1.2097976,-15.244359,0.12936047,0.8218553,0.2525383,0.49400836
1.033127,-0.5201278,-14.956467,0.6387352,0.5037534,-0.5510196,0.18608446
0.7713045,-1.2116091,-15.243058,0.12975094,0.82218564,0.2540136,0.4925979
1.0344143,-0.5198506,-14.95647,0.63875484,0.5035835,-0.5511926,0.18596421
0.7709735,-1.2142675,-15.241947,0.13008314,0.8223577,0.25492424,0.49175182
1.0349488,-0.5197355,-14.95647,0.6387527,0.50359005,-0.5512616,0.18574941
0.7707036,-1.2164347,-15.241041,0.13036467,0.8224666,0.25561014,0.4911387
1.0353843,-0.5209658,-14.95647,0.63882565,0.5036438,-0.55113465,0.18572956
0.7669677,-1.2196919,-15.239679,0.13064206,0.8227342,0.25667557,0.49006003
1.0360509,-0.52284956,-14.95647,0.6390036,0.50377077,-0.55088496,0.18551333
0.76608866,-1.2209233,-15.239164,0.13078049,0.8228473,0.25699395,0.4896662
1.0377029,-0.52231246,-14.95647,0.63879746,0.5040453,-0.5509213,0.18536974
0.76535004,-1.2219582,-15.238731,0.13092043,0.8229349,0.25731122,0.48931468
1.036465,-0.5218744,-14.95647,0.63883007,0.504271,-0.55071336,0.18526122
0.7647253,-1.2228333,-15.238365,0.13099675,0.82301915,0.257632,0.4889837
1.0354474,-0.52274215,-14.95647,0.6389068,0.5045294,-0.55041426,0.18518218
0.7641937,-1.223578,-15.238054,0.13100554,0.82312477,0.25782192,0.4887034
1.034604,-0.5222947,-14.95647,0.63883835,0.5048262,-0.5502364,0.18513803
0.76166445,-1.224764,-15.237559,0.13104016,0.8234732,0.25806344,0.48797908
1.0333084,-0.5236468,-14.95647,0.63886875,0.50540304,-0.5497575,0.18488193
0.76065236,-1.2252386,-15.237361,0.13105899,0.82366484,0.25808638,0.4876384
1.0328078,-0.52316904,-14.95647,0.63889074,0.50567067,-0.5495677,0.18463801
0.76054794,-1.2256511,-15.237188,0.13104972,0.82382643,0.25811377,0.48735344
1.0323819,-0.52276236,-14.95647,0.6388627,0.50590855,-0.5494465,0.1844436
0.7597201,-1.2252748,-15.237039,0.1309947,0.82404447,0.25809655,0.48700863
1.0329198,-0.5224142,-14.95647,0.63885844,0.50612193,-0.5493024,0.18430258
0.758994,-1.2256445,-15.236906,0.13097532,0.82427347,0.25802624,0.4866635
1.0325253,-0.5221146,-14.95647,0.638918,0.50627536,-0.54915386,0.18411776
0.75768954,-1.2253053,-15.23679,0.13091671,0.824522,0.25795016,0.4862982
1.0313693,-0.52266985,-14.95647,0.6391006,0.5063705,-0.54891527,0.18393335
0.756536,-1.2256368,-15.236687,0.13090432,0.8247894,0.25787893,0.48588583
1.0303644,-0.5231527,-14.95647,0.63925225,0.5064604,-0.5487143,0.18375836
0.75611216,-1.2259313,-15.236595,0.13089071,0.8250032,0.2578093,0.48556334
1.0309567,-0.52283925,-14.95647,0.6393239,0.50650316,-0.54862094,0.18367018
0.7557346,-1.2261934,-15.236514,0.13086697,0.8252093,0.25774097,0.4852557
1.030778,-0.5225643,-14.95647,0.6394225,0.50655806,-0.5485047,0.18352233
0.75485575,-1.2264277,-15.2359,0.13082077,0.8254153,0.25769725,0.48494098
1.0306207,-0.52232206,-14.95647,0.63945425,0.50660676,-0.5484649,0.18339625
0.7533594,-1.2263379,-15.235831,0.1307245,0.8257927,0.2575508,0.48440185
1.030358,-0.52191764,-14.95647,0.63961697,0.5065828,-0.5483341,0.18328613
0.75318485,-1.2260675,-15.235802,0.13057096,0.82593477,0.25751033,0.4842224
1.0302479,-0.52231705,-14.95647,0.63976085,0.5064869,-0.5482576,0.18327796
0.752586,-1.225823,-15.235775,0.13045382,0.8259826,0.25749862,0.48417887
1.0301495,-0.52213365,-14.95647,0.6398331,0.506368,-0.5482751,0.1833016
0.7524622,-1.2260205,-15.235751,0.13040562,0.8259613,0.257521,0.48421627
1.0295478,-0.52248263,-14.95647,0.6399244,0.50625205,-0.54826987,0.18331897
0.75174886,-1.2264045,-15.235704,0.13027474,0.8258438,0.25764185,0.48438752
1.0299107,-0.5230794,-14.95647,0.6399607,0.5060323,-0.5483715,0.18349473
0.751647,-1.2266054,-15.23568,0.13025007,0.8257239,0.25770453,0.48456526
1.0302862,-0.5228951,-14.956909,0.6399459,0.5059405,-0.5484494,0.18356648
0.7520196,-1.2272509,-15.236122,0.13023965,0.82558256,0.25778827,0.48476428
1.0302083,-0.522728,-14.95689,0.63993776,0.50587004,-0.54849595,0.18365048
0.7519152,-1.2269521,-15.236522,0.13013044,0.8254461,0.2578432,0.4849966
1.0305349,-0.5225763,-14.957271,0.63990337,0.50580823,-0.54855925,0.18375117
0.7522398,-1.2266811,-15.236884,0.13000841,0.8252949,0.257876,0.48526913
1.0308324,-0.5228154,-14.957239,0.6398589,0.5058082,-0.5485533,0.1839238
0.75213647,-1.2264351,-15.237214,0.12989016,0.82517433,0.25792563,0.4854794
1.0307453,-0.52267516,-14.957211,0.6398314,0.50579965,-0.54854965,0.18405363
0.7524207,-1.226211,-15.2375145,0.12978218,0.8250324,0.25798947,0.4857156
1.0306656,-0.5225468,-14.957525,0.63981247,0.505815,-0.5485229,0.18415698
0.75291735,-1.2254779,-15.237697,0.12946787,0.8247856,0.2581389,0.486139
1.0305257,-0.5226346,-14.957458,0.63978356,0.50586295,-0.54842114,0.18442887
0.75281036,-1.2256423,-15.237613,0.12936348,0.82466054,0.25824824,0.48632085
1.030464,-0.52252585,-14.957428,0.63975716,0.5059313,-0.54834574,0.18455705
0.7530202,-1.2257934,-15.237536,0.12926337,0.8245229,0.25836745,0.4865175
1.0304073,-0.5227031,-14.957401,0.63973844,0.5060214,-0.54823875,0.1846928
0.7532132,-1.2256395,-15.237467,0.12915844,0.8243909,0.2584978,0.48669988
1.0300914,-0.52286667,-14.957376,0.63975257,0.5061095,-0.54810137,0.18481041
0.75366914,-1.2257757,-15.237402,0.1290816,0.8242409,0.25863552,0.4869011
1.0300499,-0.52301776,-14.957352,0.6397483,0.50621486,-0.5479745,0.18491241
0.7535613,-1.2256374,-15.237342,0.12894118,0.8240886,0.25878385,0.48711717
1.0297736,-0.5229197,-14.95733,0.63975006,0.5063335,-0.54783946,0.18498181
0.753608,-1.225636,-15.237235,0.12881397,0.8238337,0.2588849,0.48752812
1.0292803,-0.52274454,-14.957291,0.6397506,0.5065638,-0.5475832,0.18510813
0.75374347,-1.2255206,-15.237188,0.12882873,0.8237877,0.25877807,0.4876587
1.0292637,-0.5228702,-14.9572735,0.6397354,0.5066403,-0.54749835,0.18520191
0.75419664,-1.2257292,-15.237104,0.1289327,0.82371527,0.25851473,0.4878932
1.029041,-0.5225287,-14.957241,0.6396733,0.50675493,-0.54739654,0.18540373
0.7541067,-1.2256285,-15.237066,0.12900034,0.82372755,0.25827867,0.4879796
1.0290302,-0.5224592,-14.957226,0.63961333,0.5067559,-0.54739445,0.18561435
0.754404,-1.2255307,-15.237222,0.1290701,0.8237222,0.25803494,0.48809916
1.0290196,-0.52239114,-14.957211,0.63956946,0.5066959,-0.54742783,0.18583035
0.7545031,-1.2252426,-15.237373,0.12912667,0.82374626,0.2577631,0.48818713
1.0290091,-0.5225166,-14.957195,0.63954455,0.506572,-0.5474926,0.18606317
0.75460017,-1.2251526,-15.23733,0.12922937,0.82377166,0.25752735,0.48824155
1.028999,-0.52263963,-14.957182,0.6395156,0.5063856,-0.5476189,0.18629797
0.75469536,-1.2250644,-15.23748,0.12934111,0.82379735,0.25727478,0.48830166
1.0287967,-0.5227602,-14.957168,0.639482,0.5061684,-0.5477846,0.18651664
0.75459635,-1.2247857,-15.237627,0.12943219,0.8238522,0.2570009,0.4883293
1.028983,-0.52287835,-14.957153,0.6394143,0.50586516,-0.54805434,0.18677862
0.7546916,-1.2245125,-15.237772,0.12955654,0.823888,0.25673875,0.48837382
1.0291655,-0.52299416,-14.957139,0.6393163,0.50551784,-0.548405,0.18702477
0.75459266,-1.224437,-15.237721,0.12969597,0.82395774,0.25646767,0.48836154
1.0293443,-0.5231076,-14.957127,0.639218,0.5050617,-0.54884404,0.18730527
0.75449574,-1.2243631,-15.237671,0.12988341,0.8240286,0.2561792,0.48834348
1.029712,-0.5232188,-14.957113,0.63905257,0.504575,-0.5493836,0.18759978
0.7544008,-1.2244829,-15.237621,0.13011724,0.82412493,0.25586635,0.48828268
1.0298798,-0.52332777,-14.957101,0.6389532,0.5040378,-0.5499013,0.18786518
0.7543077,-1.2246002,-15.237574,0.13036847,0.82423097,0.25555336,0.4882006
1.0302367,-0.52362674,-14.9570875,0.638827,0.50349075,-0.55041826,0.18824667
0.7542165,-1.2247154,-15.237526,0.13063574,0.824363,0.2552206,0.48808038
1.0303941,-0.5237276,-14.957076,0.6387099,0.50296104,-0.5509787,0.18842052
0.7539348,-1.2246358,-15.23748,0.1308729,0.82455593,0.2548894,0.487864
1.0309376,-0.5241839,-14.957057,0.6386246,0.5024865,-0.55141664,0.18869445
0.75385106,-1.2245579,-15.237436,0.13113678,0.8247621,0.25454184,0.48762602
1.0316445,-0.52437276,-14.957032,0.6385726,0.50195515,-0.5519184,0.18881826
0.75357676,-1.2246737,-15.237391,0.13137642,0.825004,0.25423452,0.48731253
1.0319725,-0.5250784,-14.957005,0.6386615,0.50152975,-0.5521777,0.18888967
0.7531156,-1.2247874,-15.237348,0.13162817,0.8252645,0.25395072,0.48695135
1.0330132,-0.5259507,-14.956969,0.63866585,0.5012131,-0.5524527,0.1889113
0.75304824,-1.2247064,-15.237306,0.13187292,0.82549566,0.25363967,0.48665527
1.0342082,-0.52695227,-14.956929,0.6386583,0.5009732,-0.5526863,0.18888985
0.7527424,-1.2246125,-15.237256,0.13210204,0.82572365,0.25336704,0.48634836
1.0345384,-0.5270974,-14.95689,0.63868386,0.50085044,-0.55280656,0.18877709
0.75233924,-1.2241813,-15.237192,0.1322547,0.8259464,0.2531193,0.48605764
1.0357772,-0.52724487,-14.956852,0.6387003,0.50076306,-0.55289966,0.18868056
0.7519014,-1.2244027,-15.237122,0.13243869,0.826096,0.25298342,0.48582393
1.0360018,-0.52738184,-14.956816,0.6386762,0.5007695,-0.5529536,0.18858661
0.75182045,-1.2242651,-15.23705,0.132382,0.82612985,0.25298995,0.48577833
1.0362037,-0.5275049,-14.957704,0.6386827,0.50103295,-0.55274665,0.18847172
0.7512996,-1.2241081,-15.236969,0.13225086,0.82616943,0.25306892,0.48570564
1.0346279,-0.5284853,-14.957592,0.6388546,0.5012797,-0.5523567,0.18837601
0.7512328,-1.2243766,-15.236894,0.13217022,0.82613885,0.2532147,0.48570362
1.0349289,-0.52850103,-14.958326,0.63887095,0.5015939,-0.5520467,0.18839346
0.7511681,-1.2242181,-15.23724,0.13203242,0.8261022,0.25335658,0.4857295
1.0351901,-0.5285147,-14.958963,0.6388959,0.50195646,-0.55168957,0.18838932
0.75061,-1.2240422,-15.237138,0.13183142,0.82607204,0.25350472,0.48575816
1.034668,-0.52852654,-14.958769,0.6389886,0.5022809,-0.55129063,0.1883777
0.7505682,-1.2243476,-15.237045,0.13167913,0.8260152,0.25369996,0.48579422
1.0342107,-0.528537,-14.9593115,0.6390047,0.50262684,-0.55097216,0.1883322
0.7505298,-1.2246275,-15.23696,0.13148846,0.82594144,0.25393823,0.48584667
1.0338085,-0.52786934,-14.959111,0.63898736,0.50307584,-0.55059123,0.18830605
0.7499719,-1.2244189,-15.236868,0.13117985,0.8258967,0.25416028,0.48589012
1.0334532,-0.5279227,-14.958936,0.6390393,0.503537,-0.5501165,0.18828464
0.74995977,-1.2242204,-15.236779,0.1308772,0.8258308,0.25439247,0.48596206
1.0325276,-0.5267484,-14.958779,0.6390515,0.5040362,-0.54968417,0.18817046
0.75044155,-1.2240419,-15.236699,0.1305592,0.82575595,0.25461364,0.486059
1.0322844,-0.52628404,-14.95864,0.63904124,0.50446934,-0.5493026,0.18815875
0.7504077,-1.2238811,-15.236628,0.13022965,0.8257092,0.25483683,0.48610976
1.0320672,-0.52642065,-14.958515,0.6390978,0.50484633,-0.5488767,0.18819846
0.7503763,-1.2237321,-15.236561,0.12991208,0.8256561,0.2550609,0.4861674
1.0318727,-0.5260194,-14.958405,0.6391289,0.50520676,-0.54849595,0.18823543
0.75034577,-1.2235873,-15.236496,0.12961109,0.8255946,0.25527892,0.48623788
1.031698,-0.5256589,-14.958304,0.6391393,0.5055417,-0.54815555,0.18829249
0.75031614,-1.2234466,-15.236433,0.12929286,0.82553065,0.25545937,0.48633638
1.0315406,-0.52580684,-14.958214,0.6391525,0.50584584,-0.5478344,0.18836534
0.7507404,-1.2233198,-15.236377,0.1289913,0.8254504,0.25561842,0.486469
1.0313985,-0.5259405,-14.958133,0.6391521,0.5061203,-0.5475439,0.18847421
0.75069606,-1.2232047,-15.236325,0.12871645,0.8253595,0.25576392,0.48661962
1.0308433,-0.5260615,-14.958059,0.6392082,0.506337,-0.54725134,0.18855195
0.75146985,-1.2231004,-15.236278,0.12845705,0.8252494,0.25587192,0.48681813
1.0307444,-0.5257661,-14.957993,0.6392039,0.5065413,-0.5470468,0.18861094
0.7517871,-1.2226188,-15.236236,0.1281714,0.82516205,0.25594285,0.48700413
1.0302695,-0.5258823,-14.9579315,0.6392605,0.50667685,-0.5468252,0.18869826
0.7523781,-1.2209716,-15.237305,0.12713607,0.82474905,0.2558893,0.48800215
1.0301405,-0.5257326,-14.958173,0.63913167,0.50647086,-0.54718655,0.1886395
0.7527363,-1.2199733,-15.238185,0.1263101,0.82441306,0.255837,0.48881117
1.0300841,-0.52583337,-14.958446,0.63906586,0.50637156,-0.5473599,0.18862632
0.7537221,-1.2188525,-15.239173,0.12548667,0.8239651,0.2556868,0.48985606
1.0303459,-0.5252987,-14.9586935,0.63896364,0.5062541,-0.5476082,0.18856713
0.75413716,-1.2175758,-15.240297,0.12458948,0.8235112,0.2554358,0.49097797
1.0305865,-0.52510524,-14.958922,0.63888186,0.50616103,-0.54778516,0.18857992
0.75458944,-1.2161845,-15.241524,0.1236932,0.82302994,0.2551076,0.49218085
1.030808,-0.52464414,-14.959134,0.63880223,0.5060563,-0.5479825,0.18855749
0.7559976,-1.2147483,-15.24279,0.122813076,0.82243884,0.25476873,0.49356276
1.0307434,-0.52448785,-14.959329,0.6387481,0.50597996,-0.5481002,0.18860346
0.7575002,-1.2121023,-15.244141,0.12194024,0.8218957,0.2542841,0.49493194
1.0309391,-0.5243435,-14.959508,0.63868606,0.50589293,-0.5482445,0.18862759
0.75901765,-1.2094301,-15.245503,0.121080115,0.82135123,0.25377914,0.49630424
1.0308775,-0.52421004,-14.959674,0.6386408,0.5058283,-0.5483437,0.18866555
0.7618816,-1.2068646,-15.246813,0.12025181,0.8207753,0.25317356,0.49776566
1.0308205,-0.5240864,-14.959827,0.63861406,0.50578725,-0.5483901,0.18873203
0.76453936,-1.2044837,-15.248029,0.11949439,0.82022417,0.25259078,0.49915063
1.0310007,-0.52372426,-14.959982,0.63855624,0.5057691,-0.54846257,0.1887657
0.7688071,-1.20048,-15.250921,0.11882032,0.8196384,0.25187084,0.50063545
1.0312139,-0.5235843,-14.960165,0.63851774,0.5057609,-0.5484878,0.18884467
0.7707357,-1.1968918,-15.253512,0.11818175,0.81912726,0.25126797,0.5019244
1.0314796,-0.5230393,-14.960393,0.63848263,0.50577444,-0.5485,0.18889117
0.77243507,-1.1916481,-15.255797,0.117593184,0.8186277,0.25053105,0.5032443
1.0317962,-0.52239,-14.960665,0.63844544,0.50578487,-0.54851997,0.18893132
0.77779925,-1.1917022,-15.255512,0.11729143,0.8180065,0.25009292,0.50454104
1.032132,-0.5222126,-14.960954,0.63842505,0.50581586,-0.54849446,0.18899101
0.7800996,-1.1896199,-15.257403,0.11701711,0.81751776,0.24960423,0.5056377
1.0319484,-0.52205306,-14.960728,0.63841945,0.5058595,-0.54844826,0.18902738
0.78416246,-1.1879385,-15.258931,0.11676379,0.8170643,0.24909614,0.50667876
1.0323411,-0.52063686,-14.961069,0.6383996,0.50592273,-0.54841334,0.18902646
0.787543,-1.1817764,-15.260201,0.116405904,0.8167157,0.24847133,0.507629
1.0327916,-0.519012,-14.961461,0.6383863,0.50599813,-0.54836005,0.189024
0.7901713,-1.1794469,-15.261189,0.11625471,0.8163729,0.24806519,0.5084131
1.0324557,-0.51826334,-14.96107,0.6384055,0.50610775,-0.5482369,0.18902318
0.7896599,-1.1776962,-15.261932,0.11612976,0.81618816,0.24776147,0.50888604
1.0321245,-0.5175252,-14.96149,0.63842773,0.5062261,-0.5481162,0.18898095
0.78927785,-1.1763883,-15.262487,0.116203785,0.8161266,0.2473159,0.50918454
1.0318017,-0.51680565,-14.9619,0.638456,0.50637615,-0.54795885,0.18894014
0.78658456,-1.1754544,-15.262884,0.11617001,0.8162503,0.24714087,0.5090789
1.0314904,-0.51611215,-14.962294,0.63848674,0.50653535,-0.5477895,0.18890063
0.78699374,-1.1747491,-15.263184,0.11649646,0.8163028,0.24676618,0.5091019
1.0302056,-0.5144525,-14.96268,0.6385169,0.5067371,-0.5475937,0.18882474
0.78523886,-1.175656,-15.263552,0.117610276,0.8169763,0.24613443,0.50807035
1.0277904,-0.51347303,-14.9633875,0.6385638,0.50733316,-0.5470455,0.18865493
0.78590256,-1.1771461,-15.263665,0.118579544,0.81747276,0.2459846,0.50711817
1.0268837,-0.5130628,-14.963662,0.63857836,0.5076892,-0.5467426,0.18852554
0.78434104,-1.1782439,-15.26375,0.119396254,0.8180275,0.2457283,0.50615543
1.0270607,-0.51161224,-14.963927,0.6385628,0.5080247,-0.54651004,0.18834896
0.78317404,-1.1790643,-15.263813,0.120087236,0.81849444,0.24565305,0.5052728
1.0262094,-0.51238734,-14.964152,0.6386016,0.50835776,-0.5461765,0.1882863
0.78229,-1.1815363,-15.26201,0.12095848,0.81884813,0.24578357,0.5044277
1.0254148,-0.5110251,-14.964362,0.6386006,0.50872856,-0.54588664,0.1881284
0.7798538,-1.1834325,-15.260627,0.12166525,0.81924975,0.24600267,0.5034979
1.0247011,-0.5108521,-14.96455,0.63865036,0.50909877,-0.5454886,0.18811288
0.77796274,-1.1882448,-15.257883,0.12261464,0.81976014,0.24660696,0.50213945
1.0230991,-0.5117039,-14.964709,0.63888496,0.5096005,-0.5447384,0.18813166
0.77489173,-1.1904354,-15.255731,0.12331568,0.8202302,0.24718665,0.5009137
1.0217352,-0.51242906,-14.964846,0.6390926,0.5102076,-0.5438958,0.18821895
0.7709485,-1.192173,-15.254022,0.12393203,0.82071024,0.24772696,0.49970683
1.0205674,-0.51305,-14.964061,0.6393417,0.5109235,-0.54290503,0.18829143
0.77065384,-1.1949968,-15.252654,0.12463836,0.8210144,0.24832664,0.4987329
1.019562,-0.5135846,-14.964241,0.6395749,0.5116752,-0.5418846,0.18839763
0.7690552,-1.1986402,-15.251548,0.12523834,0.8212841,0.24902913,0.49778748
1.0186918,-0.51404727,-14.963584,0.6396933,0.5125555,-0.5408443,0.18859187
0.76645905,-1.2016116,-15.250646,0.12573788,0.8215674,0.2497339,0.49683997
1.017935,-0.51444966,-14.963013,0.6399032,0.51340413,-0.53977185,0.18864371
0.7655521,-1.2040548,-15.248675,0.12616555,0.82175475,0.25048062,0.49604523
1.0172739,-0.51480114,-14.962514,0.64006895,0.5142373,-0.5387437,0.18875106
0.7636342,-1.2060795,-15.247044,0.1265763,0.82191175,0.2513005,0.49526525
1.0159967,-0.51510966,-14.962076,0.64038616,0.5150264,-0.53757584,0.1888533
0.7620333,-1.2077695,-15.245681,0.1269236,0.8220149,0.25211266,0.4945919
1.0155139,-0.5147026,-14.961674,0.64053786,0.5157456,-0.53674126,0.18875042
0.7617403,-1.2091899,-15.244535,0.12729101,0.8220804,0.25291297,0.49397978
1.0143198,-0.51503044,-14.961283,0.640828,0.51636416,-0.53582996,0.18866351
0.76149255,-1.2113916,-15.2435665,0.12771747,0.82204527,0.25378692,0.49347946
1.0132328,-0.51604164,-14.960926,0.64120036,0.5169082,-0.5348342,0.18873401
0.7593816,-1.2170655,-15.241793,0.12897989,0.82218343,0.2556721,0.4919455
1.0113213,-0.51708263,-14.961351,0.6420923,0.51784927,-0.5328338,0.18877995
0.75667197,-1.2210203,-15.240273,0.13011082,0.8223404,0.2573194,0.4905243
1.0081941,-0.51728237,-14.96183,0.64276654,0.51856065,-0.53139514,0.1885875
0.75433946,-1.2252822,-15.238965,0.13119447,0.8224696,0.25885895,0.48920736
1.004976,-0.51860225,-14.962323,0.6433718,0.5189812,-0.53027886,0.18850876
0.7523213,-1.2297844,-15.237834,0.13225554,0.8225552,0.2602508,0.4880379
1.001786,-0.5199107,-14.962812,0.6438157,0.5193542,-0.5293904,0.18846355
0.7503094,-1.2342722,-15.235819,0.13343558,0.8226573,0.2617712,0.48672977
1.0001613,-0.5197922,-14.963265,0.64392364,0.51961046,-0.5290674,0.1882949
0.7491708,-1.2392117,-15.233602,0.13485532,0.8227301,0.26350188,0.48527932
0.99726206,-0.52250963,-14.963679,0.64411557,0.519745,-0.52864724,0.18844746
0.7479675,-1.2457114,-15.231258,0.13638729,0.822797,0.26534265,0.4837323
0.9961737,-0.5234388,-14.964042,0.6441817,0.51975334,-0.5285892,0.18836078
0.74527955,-1.252231,-15.228908,0.13789363,0.8228514,0.26711,0.4822377
0.9952475,-0.52422947,-14.962896,0.6442392,0.51979107,-0.52850264,0.18830304
0.74274385,-1.2583812,-15.226689,0.13935259,0.8229251,0.26872852,0.4807913
0.99288434,-0.52493757,-14.961871,0.6441972,0.5199341,-0.5284729,0.18813495
0.7403645,-1.2722625,-15.22291,0.14204817,0.8229144,0.27130073,0.47857103
0.99207634,-0.52874005,-14.960333,0.6437579,0.5202518,-0.5286605,0.18823376
0.7382919,-1.2755816,-15.221456,0.14290403,0.822946,0.27212793,0.47779167
0.99176586,-0.5287289,-14.959742,0.6433445,0.5205808,-0.5288319,0.18825616
0.7386942,-1.2803986,-15.220264,0.14373693,0.82292855,0.27267912,0.4772573
0.9915059,-0.53017527,-14.959247,0.6429669,0.52098703,-0.5287975,0.18851882
0.7390176,-1.284271,-15.219307,0.14439625,0.82281506,0.2730828,0.47702292
0.9912857,-0.5299473,-14.958828,0.64262414,0.52140695,-0.5288404,0.18840584
0.7370894,-1.2851231,-15.218556,0.14471784,0.8227619,0.27325347,0.47691953
0.99110496,-0.5283553,-14.958484,0.64224386,0.5218803,-0.5288668,0.1883177
0.7377801,-1.2857815,-15.217977,0.14500555,0.8226212,0.27339637,0.4769929
0.9909505,-0.52840096,-14.958189,0.64207155,0.522335,-0.5286086,0.18836981
0.7361238,-1.2862935,-15.2175255,0.14515008,0.82251257,0.27336672,0.47715324
0.9908222,-0.5270702,-14.957946,0.64170957,0.52286017,-0.5285768,0.18823566
0.737033,-1.2866861,-15.21718,0.14530869,0.82233614,0.27331522,0.4774385
0.9907122,-0.5272975,-14.957735,0.6415945,0.52331495,-0.52830625,0.18812355
0.7377027,-1.2848992,-15.216926,0.1453708,0.82219833,0.27311528,0.4777712
0.99061793,-0.5274923,-14.957556,0.64143395,0.5237736,-0.52806777,0.18806455
0.7382284,-1.2855753,-15.216725,0.14545864,0.8220738,0.27290994,0.478076
0.98910844,-0.5262413,-14.957395,0.6413242,0.5243034,-0.527836,0.18761258
0.73864084,-1.2861054,-15.216569,0.14552504,0.82194465,0.27275386,0.4783669
0.98777574,-0.5251368,-14.957253,0.6410897,0.52492774,-0.52767617,0.18711719
0.7389556,-1.2865102,-15.218475,0.145615,0.8218322,0.27257535,0.47863442
0.98811185,-0.52423775,-14.957138,0.6408667,0.52543896,-0.52764946,0.18652071
0.74093,-1.283656,-15.220992,0.14605625,0.8215938,0.27177784,0.479362
0.9842796,-0.5211354,-14.9569435,0.6409715,0.5279287,-0.52646667,0.18242735
0.7407861,-1.282708,-15.2218275,0.14630641,0.8215385,0.27122787,0.479692
0.9819521,-0.51744986,-14.956862,0.64135355,0.5300722,-0.5251525,0.17861666
0.7423249,-1.2819705,-15.222477,0.14651036,0.8214263,0.27073354,0.4801009
0.9759563,-0.5139693,-14.956785,0.64190656,0.53213185,-0.5236017,0.1750226
0.7419577,-1.2829852,-15.223003,0.14676008,0.8213014,0.2703978,0.48042753
0.9706847,-0.5109091,-14.954637,0.64252466,0.53405094,-0.5219249,0.1718896
0.7431976,-1.2822572,-15.223418,0.1469418,0.82115734,0.27004778,0.480815
0.966269,-0.5083457,-14.952838,0.6429479,0.53590846,-0.5203432,0.16930202
0.74418795,-1.2802222,-15.22375,0.14709704,0.8210621,0.26972464,0.48111132
0.96020025,-0.5014124,-14.953746,0.6433263,0.53777844,-0.5188865,0.16638054
0.7463676,-1.2813432,-15.224018,0.14747459,0.820905,0.26943293,0.4814272
0.9553904,-0.49845603,-14.951927,0.6441239,0.5398747,-0.51671994,0.16321862
0.7481407,-1.2809433,-15.224235,0.14782298,0.8208395,0.26911977,0.48160723
0.951711,-0.49619448,-14.950537,0.64485455,0.54147255,-0.5149476,0.16062118
0.7483489,-1.2806152,-15.224413,0.14814597,0.8208497,0.26883426,0.48165008
0.9461267,-0.4916923,-14.952251,0.6459174,0.5425404,-0.5132781,0.15807056
0.748521,-1.280344,-15.225745,0.14847517,0.82089865,0.26852384,0.48163825
0.9420149,-0.4883772,-14.953514,0.64702463,0.54331285,-0.51170707,0.1559684
0.7497892,-1.280118,-15.226853,0.1488271,0.8209726,0.26828527,0.4815367
0.93909556,-0.48893493,-14.954411,0.6484027,0.54358774,-0.51021594,0.15416224
0.750853,-1.2809972,-15.227784,0.14926636,0.82105935,0.26803908,0.48138988
0.937027,-0.48637086,-14.955045,0.64976543,0.5436003,-0.50900304,0.15237977
0.7507361,-1.2807242,-15.22857,0.14985225,0.8212255,0.26762486,0.48115483
0.93248695,-0.48453596,-14.955499,0.6513183,0.5433452,-0.50777286,0.15075582

