ICVP Direct Stim Program 4.0.1+v4.0.1 - RelativeLocations
Updated at: 2022-08-22--20-52-18
Subject ID: CKT
Tester ID: kstipp
Direct Stimulation Input from the UI

UserID ; Time ; Electrodes ; Frequency (Hz) ; Cathodic Phase Duration (us) ; Train Length (ms) ; Duty On (ms); Duty Off (ms) ; Inter-train Length (ms) ; Amplitude (uA) ; Sent to Gateway ; Response ; Response Latency (ms) ; Response Duration (ms) ; Comments
kstipp ; 2022-08-22--20-52-18 ; 1C00-1C01-1C04-1C05 , 1C00-1C01-1C04-1C05-1500-1501-1504-1505 ; 200 ; 200 ; 1000 ; 1000 ; 0 ; 0 ; 40 ; True ;  ;  ;  ; moved left. 1st single phosphene. slight pea sized space then 4 peas in diamond

Position t,Position u,Position v,Orientation w,Orientation x,Orientation y,Orientation z
0.5883521,-1.2784306,-15.170594,0.11353988,0.87448764,0.2665089,0.38904133
1.0217574,-0.4927317,-14.96585,0.60497946,0.5700011,-0.51850575,0.20062508
0.5889137,-1.2791396,-15.170399,0.11355284,0.8744981,0.2666259,0.38893384
1.0213732,-0.49368143,-14.965881,0.60512686,0.57020456,-0.5180743,0.20071737
0.58873296,-1.2797633,-15.170226,0.11353591,0.87451977,0.26677403,0.38878852
1.021057,-0.4932413,-14.965907,0.60511696,0.57047284,-0.5178099,0.20066684
0.58857334,-1.2796733,-15.1700735,0.11344883,0.87457347,0.2667994,0.3886757
1.0207897,-0.49286926,-14.96593,0.6050706,0.570718,-0.5176038,0.2006411
0.5890409,-1.2802025,-15.16933,0.11349001,0.8745664,0.2668331,0.38865647
1.0205654,-0.49255705,-14.964816,0.6049927,0.5709648,-0.5174468,0.20057903
0.5888783,-1.2806733,-15.168668,0.11354551,0.87455773,0.26687846,0.38862854
1.0203749,-0.4922918,-14.963869,0.6049735,0.57111025,-0.51733667,0.20050722
0.58873314,-1.2799945,-15.1680765,0.113460176,0.8745569,0.26685068,0.38867435
1.0213225,-0.49205,-14.963007,0.6048615,0.57123816,-0.51732564,0.2005086
0.5885959,-1.2799039,-15.167518,0.113449164,0.8745413,0.2668355,0.38872313
1.0210483,-0.49184397,-14.962273,0.6047393,0.5713901,-0.517272,0.2005829
0.5884647,-1.2798172,-15.166983,0.11338514,0.87452275,0.26681376,0.38879845
1.0208126,-0.49166682,-14.96164,0.6046005,0.57146174,-0.51734495,0.20060915
0.5883388,-1.279734,-15.166471,0.113376044,0.87446994,0.26682428,0.38891268
1.02168,-0.49150342,-14.961057,0.60446995,0.5714588,-0.5174772,0.20066972
0.5887673,-1.2802007,-15.166011,0.113368355,0.8744091,0.26681715,0.38905674
1.0224736,-0.49135384,-14.960524,0.60433996,0.5714557,-0.517596,0.20076384
0.58919543,-1.2800943,-15.165554,0.113361664,0.87430304,0.2668149,0.38929826
1.0220766,-0.49229172,-14.960075,0.6042743,0.57142085,-0.5176439,0.20093673
0.58901703,-1.2793887,-15.165703,0.11323214,0.87423855,0.26677978,0.38950482
1.0227985,-0.49097797,-14.95967,0.6041131,0.5713755,-0.5178422,0.20103954
0.590118,-1.2793237,-15.165213,0.113161854,0.8741046,0.26680642,0.38980767
1.0234497,-0.4919895,-14.959305,0.6040438,0.5712295,-0.5179953,0.20126848
0.59117204,-1.2792615,-15.165399,0.11310947,0.87396127,0.26683354,0.39012548
1.0240407,-0.49178213,-14.958973,0.6039978,0.5711441,-0.51805013,0.2015072
0.5921867,-1.2792016,-15.165579,0.1130813,0.8737712,0.2669477,0.39048117
1.0245687,-0.49273542,-14.958677,0.6039567,0.570977,-0.5181629,0.20181386
0.5924389,-1.2797925,-15.165737,0.11305725,0.87358576,0.26707882,0.39081326
1.0239292,-0.49353376,-14.95843,0.6039212,0.570892,-0.5181868,0.20209916
0.593937,-1.280335,-15.165882,0.11307428,0.87334746,0.26723623,0.39123315
1.0256203,-0.4931384,-14.958197,0.60376614,0.5707919,-0.5183426,0.20244507
0.59548545,-1.2801949,-15.166033,0.11298319,0.8728656,0.26756355,0.39210987
1.0259657,-0.4939416,-14.95799,0.6037257,0.57055885,-0.51853955,0.20271832
0.59946376,-1.2799014,-15.167195,0.11284187,0.8716664,0.2683824,0.39425287
1.0255339,-0.49411896,-14.957666,0.60370666,0.57021564,-0.5188382,0.2029762
0.6030339,-1.2797493,-15.168254,0.11287106,0.870783,0.2689086,0.39583507
1.0248238,-0.49370232,-14.958565,0.60375696,0.57005316,-0.51899475,0.20288308
0.60545415,-1.2796006,-15.169289,0.11280194,0.8699106,0.26943615,0.39741105
1.0251995,-0.49432907,-14.959333,0.6037265,0.5698443,-0.51923084,0.20295613
0.6077722,-1.2794582,-15.170279,0.112764426,0.86902905,0.26997915,0.39897877
1.0255382,-0.4948941,-14.960027,0.6036826,0.5696904,-0.5194458,0.20296876
0.6099488,-1.2793245,-15.171209,0.11271879,0.8682514,0.27042013,0.40038365
1.0258415,-0.494415,-14.960648,0.60372645,0.56958896,-0.5195558,0.2028413
0.6119273,-1.279203,-15.173336,0.1125375,0.8676156,0.2708542,0.401518
1.0251644,-0.49400648,-14.961177,0.603806,0.5694893,-0.5196219,0.20271505
0.61517054,-1.2790891,-15.175332,0.11238268,0.8669758,0.27118927,0.40271524
1.0254726,-0.49276733,-14.961631,0.6038301,0.5694646,-0.5197191,0.20246322
0.61659765,-1.2789888,-15.177088,0.11228622,0.8665826,0.27139497,0.40344933
1.025755,-0.49252936,-14.962046,0.60385513,0.5693999,-0.51980835,0.2023417
0.61934376,-1.2803828,-15.178642,0.11234913,0.8661648,0.27159184,0.40419573
1.0260144,-0.49231082,-14.962429,0.60385543,0.5693355,-0.51991093,0.20225836
0.61872005,-1.2786494,-15.179917,0.1121093,0.8659947,0.2716331,0.4045989
1.025374,-0.4921229,-14.962757,0.6039184,0.56934845,-0.51989526,0.2020739
0.6212035,-1.278612,-15.181065,0.11205555,0.86565554,0.2717981,0.40522835
1.0248203,-0.49196035,-14.963041,0.6039379,0.56936,-0.5199278,0.20189923
0.6233397,-1.2801358,-15.182052,0.11207548,0.86538625,0.27197015,0.4056821
1.0259873,-0.4918074,-14.963308,0.60381854,0.56935835,-0.520098,0.20182288
0.625206,-1.279845,-15.182914,0.11196856,0.86521584,0.2719572,0.4060836
1.0262115,-0.4916655,-14.963556,0.6037642,0.5694327,-0.5201363,0.2016768
0.6267755,-1.2812414,-15.18364,0.11200558,0.8650314,0.27194804,0.40647236
1.0273657,-0.49152514,-14.963801,0.6036809,0.56952786,-0.52016145,0.2015924
0.62644136,-1.2807658,-15.184232,0.111756265,0.8649088,0.2719418,0.40680587
1.0265843,-0.49140477,-14.964011,0.6037124,0.56968445,-0.5200094,0.20144808
0.6296068,-1.2786105,-15.18476,0.11148558,0.86468863,0.27185705,0.40740436
1.0267538,-0.49129972,-14.964195,0.6036793,0.5698666,-0.51985574,0.20142862
0.6287682,-1.2769033,-15.185179,0.11114667,0.8645656,0.2719059,0.40772524
1.0269079,-0.49035475,-14.964362,0.60358125,0.5700751,-0.5197708,0.20135179
0.63154465,-1.2771783,-15.18554,0.11103544,0.86430657,0.27185568,0.40833783
1.0270488,-0.48949075,-14.964515,0.6034693,0.570361,-0.5196012,0.20131522
0.63207006,-1.2756371,-15.18584,0.11074988,0.8641771,0.27187878,0.40867388
1.0263615,-0.48955202,-14.964647,0.60352314,0.5705526,-0.5193181,0.20134147
0.6343355,-1.2761638,-15.18609,0.110665865,0.8640587,0.27192357,0.40891725
1.0265343,-0.48960593,-14.964764,0.603506,0.57077366,-0.51907307,0.201398
0.6343478,-1.2765868,-15.186292,0.110340044,0.8640548,0.2718372,0.40907085
1.0266955,-0.48965624,-14.964871,0.6034535,0.5709984,-0.51885617,0.20147699
0.63435763,-1.2769277,-15.186456,0.11009342,0.8641879,0.27167794,0.4089619
1.0260863,-0.48895037,-14.964967,0.60345936,0.5712909,-0.51846963,0.20162538
0.6343656,-1.2754188,-15.186586,0.10969253,0.8643769,0.27147147,0.40880725
1.0255527,-0.4883321,-14.96505,0.6034642,0.5715252,-0.5181463,0.20177816
0.63437206,-1.2741945,-15.186693,0.10945274,0.864518,0.2713039,0.40868446
1.0250834,-0.48846492,-14.965122,0.60351485,0.57170266,-0.51783067,0.20193405
0.63437706,-1.2749387,-15.1850815,0.10944148,0.864557,0.27132604,0.40859017
1.0246689,-0.48793942,-14.965187,0.6035251,0.57183635,-0.5176018,0.20211178
0.6327701,-1.2755209,-15.18543,0.10927391,0.86469185,0.27131572,0.40835655
1.0243015,-0.48747358,-14.965244,0.60357606,0.57193995,-0.51737666,0.2022426
0.6330297,-1.2759814,-15.1841755,0.10922872,0.8647315,0.2713087,0.4082893
1.0239748,-0.48763922,-14.965295,0.6036564,0.57198226,-0.5171734,0.20240287
0.63481164,-1.276376,-15.18466,0.10926149,0.86470664,0.27142572,0.40825543
1.024234,-0.4877871,-14.965341,0.60369635,0.57197803,-0.51704365,0.20262729
0.63326675,-1.27669,-15.183564,0.10918952,0.8648157,0.27145258,0.40802574
1.0239427,-0.4884431,-14.965382,0.60378885,0.57196903,-0.51687413,0.20280913
0.63343275,-1.2755349,-15.182684,0.10905976,0.86489475,0.27141,0.40792117
1.0236812,-0.488535,-14.965418,0.60386133,0.5719538,-0.51673335,0.20299524
0.63357085,-1.274574,-15.181952,0.10911785,0.86490905,0.27136368,0.4079062
1.0239179,-0.48814526,-14.965451,0.6038814,0.57197255,-0.51662076,0.2031692
0.63510025,-1.2751364,-15.181308,0.10931872,0.8649268,0.27125424,0.40788755
1.0241318,-0.4882421,-14.965481,0.60397494,0.5719322,-0.5164871,0.2033447
0.63643676,-1.2756277,-15.180745,0.10942267,0.8649602,0.27117264,0.4078431
1.0243275,-0.48833066,-14.9655075,0.6040514,0.5719229,-0.51633763,0.2035229
0.6392213,-1.2745217,-15.180227,0.10940533,0.86499447,0.27100846,0.40788424
1.0240958,-0.4888203,-14.965532,0.604141,0.5719157,-0.51616627,0.20371212
0.63999873,-1.275153,-15.181353,0.109406844,0.8651261,0.27074593,0.40777907
1.023885,-0.48887688,-14.965554,0.60422266,0.5719303,-0.5159818,0.2038958
0.6406517,-1.2756834,-15.182298,0.109421976,0.8651972,0.2705057,0.40778366
1.0236928,-0.48892844,-14.965574,0.60431194,0.5719718,-0.5157589,0.20407884
0.6396856,-1.2731344,-15.18305,0.10923235,0.8653964,0.2701214,0.40766641
1.0235174,-0.48897552,-14.965593,0.60439515,0.57202977,-0.5155169,0.20428151
0.6382651,-1.270599,-15.184155,0.10892136,0.86576223,0.269448,0.40741825
1.0225704,-0.48969722,-14.965626,0.6046504,0.5722555,-0.5148256,0.20463696
0.63643944,-1.2703553,-15.184563,0.108893044,0.8659357,0.26914206,0.40725958
1.0221542,-0.48971355,-14.96564,0.60478,0.5724153,-0.5144258,0.20481226
0.63617706,-1.2701553,-15.184897,0.108854264,0.8660914,0.2688266,0.40714723
1.022057,-0.48972857,-14.965652,0.6048329,0.57260466,-0.5140657,0.2050311
0.6347847,-1.2699897,-15.185174,0.10875024,0.86630344,0.26844445,0.4069759
1.0219675,-0.4897424,-14.965665,0.60492426,0.57281053,-0.51365036,0.20522708
0.6347401,-1.2687353,-15.185405,0.1087031,0.86649287,0.2680207,0.40686446
1.0216268,-0.48975518,-14.965676,0.60498214,0.5730784,-0.5132236,0.20537613
0.6347015,-1.2676492,-15.185606,0.108632125,0.86671954,0.2675438,0.4067144
1.021312,-0.49001205,-14.965687,0.6051065,0.57335305,-0.5127137,0.20551667
0.63358325,-1.2658515,-15.185937,0.10842609,0.8672753,0.26639515,0.4063386
1.0207502,-0.48979428,-14.965706,0.6051809,0.57397866,-0.5118557,0.20569016
0.6316652,-1.2651573,-15.185062,0.10833395,0.86759776,0.26567382,0.40614706
1.0202892,-0.48980355,-14.9657135,0.6052562,0.5742614,-0.5114503,0.20568758
0.6309845,-1.2645665,-15.18527,0.10821186,0.86788404,0.2649819,0.40602002
1.0200604,-0.4896126,-14.965722,0.6052573,0.57447493,-0.5111986,0.20571421
0.631311,-1.2631334,-15.185451,0.1081168,0.8680973,0.2643029,0.40603176
1.0198448,-0.48962474,-14.965729,0.6052794,0.5746273,-0.51096076,0.20581456
0.6306928,-1.2618486,-15.184702,0.10805358,0.86833227,0.26362488,0.4059872
1.0196333,-0.48963663,-14.965736,0.6053109,0.5746822,-0.51082444,0.205907
0.63104683,-1.2615945,-15.184019,0.10806673,0.8684749,0.26308116,0.4060312
1.0194128,-0.48985362,-14.965743,0.60537964,0.5746159,-0.51075965,0.20605026
0.63047904,-1.2613763,-15.183433,0.10808901,0.8686414,0.26253912,0.40601996
1.0191544,-0.48986292,-14.965752,0.6054549,0.57447976,-0.5107923,0.20612757
0.6299821,-1.2611853,-15.183759,0.10813648,0.86875206,0.26210406,0.40605158
1.0188546,-0.4901653,-14.965762,0.6055948,0.57421327,-0.5108968,0.20620044
0.6303793,-1.2610058,-15.184065,0.10829203,0.86874366,0.26174968,0.40625668
1.0191326,-0.49044386,-14.965772,0.6057012,0.57387644,-0.51108503,0.20635903
0.62989396,-1.2608482,-15.184334,0.1083379,0.86876565,0.26144868,0.40639117
1.0191258,-0.49070084,-14.965779,0.6058221,0.57351565,-0.5113158,0.20643544
0.6302656,-1.261504,-15.184567,0.10844205,0.86869776,0.26126254,0.4066282
1.0193696,-0.49068832,-14.965788,0.60588044,0.5731714,-0.51160276,0.20650953
0.63061416,-1.2613088,-15.184787,0.10846546,0.86859477,0.26112983,0.40692702
1.0193577,-0.49091423,-14.965795,0.60603607,0.5727759,-0.511822,0.20660701
0.63094354,-1.2611245,-15.184994,0.10850927,0.8684908,0.261003,0.4072185
1.0195723,-0.4911235,-14.965802,0.6061397,0.5723696,-0.51210976,0.2067156
0.6320651,-1.2617832,-15.18518,0.10863666,0.86830425,0.2610583,0.40754685
1.0195558,-0.49133164,-14.965809,0.6062276,0.5719973,-0.5123881,0.20679875
0.6330892,-1.2623848,-15.18535,0.1088227,0.86806697,0.2611267,0.40795875
1.0197642,-0.4915296,-14.965815,0.60626894,0.5716157,-0.5127426,0.20685434
0.63319594,-1.2629071,-15.185498,0.108902894,0.8678317,0.2612648,0.40834916
1.0199574,-0.49150062,-14.96582,0.6062613,0.5712528,-0.5131338,0.20690839
0.6341507,-1.262579,-15.185644,0.10892547,0.86761034,0.26125517,0.40881944
1.0201371,-0.49147367,-14.965827,0.6062544,0.5708835,-0.5135337,0.20695604
0.63608533,-1.2622422,-15.185796,0.10904118,0.86731845,0.26135752,0.40934214
1.0203042,-0.4916408,-14.965831,0.60626626,0.5705006,-0.5139047,0.20705633
0.63591874,-1.2619402,-15.185931,0.10901806,0.8671286,0.26148757,0.40966737
1.020472,-0.49180847,-14.965836,0.60621065,0.5701006,-0.51437175,0.20716119
0.63676447,-1.2616527,-15.18606,0.1090785,0.86687803,0.26159796,0.41011095
1.0208696,-0.4919893,-14.965842,0.60616076,0.5696242,-0.5149169,0.20726323
0.63929045,-1.2622017,-15.1862955,0.10922616,0.86624336,0.26200622,0.4111507
1.0219039,-0.49245968,-14.966116,0.60605395,0.5685019,-0.5162277,0.20739658
0.6398093,-1.2629268,-15.186391,0.1093112,0.8659067,0.26228458,0.41165948
1.022612,-0.4932018,-14.966115,0.60605234,0.5677973,-0.5169669,0.20749013
0.64266443,-1.2636427,-15.187656,0.10951028,0.8654697,0.26252505,0.41237158
1.0234934,-0.49412546,-14.96666,0.6061141,0.5667916,-0.51794595,0.20761776
0.6454093,-1.264331,-15.188873,0.10962204,0.8651583,0.26268303,0.4128944
1.0252099,-0.49521065,-14.966619,0.6060786,0.5657352,-0.5190763,0.20777896
0.6465377,-1.2649449,-15.189959,0.10975113,0.86495,0.2627087,0.41328007
1.02704,-0.49558622,-14.967357,0.6060341,0.5647314,-0.52018327,0.20787157
0.6475604,-1.2641144,-15.190942,0.10980286,0.8647798,0.26269612,0.41363043
1.028021,-0.49596238,-14.968096,0.6060464,0.5637475,-0.52126276,0.20780213
0.6470606,-1.2634203,-15.191765,0.10973102,0.86472476,0.2626131,0.41381717
1.0299745,-0.49634597,-14.968849,0.6060384,0.56271565,-0.5223279,0.20794755
0.64802754,-1.262797,-15.192503,0.10982233,0.86463827,0.26255333,0.41401136
1.0319139,-0.49672678,-14.969598,0.60602945,0.5617679,-0.52327996,0.20814277
0.64745253,-1.2622803,-15.193115,0.10986644,0.8646513,0.26244557,0.41404077
1.0351615,-0.4983513,-14.970377,0.6060584,0.5607883,-0.52422345,0.20832585
0.64697117,-1.2618476,-15.193627,0.10992767,0.8646822,0.26233524,0.4140301
1.0369172,-0.49990165,-14.971121,0.6062857,0.5598828,-0.5248928,0.20841405
0.6465611,-1.2601467,-15.194064,0.10989478,0.8647836,0.26214403,0.4139481
1.0385406,-0.50133526,-14.971808,0.60651964,0.5590249,-0.5254908,0.20852974
0.64495975,-1.2600206,-15.194421,0.110044494,0.86488396,0.2619478,0.41382286
1.0400028,-0.5026264,-14.972427,0.6066746,0.55831933,-0.5260141,0.20864975
0.64484125,-1.2599167,-15.1947155,0.11029763,0.86499816,0.26164615,0.4137076
1.0430498,-0.5055146,-14.973002,0.60678524,0.55755854,-0.52660197,0.20887952
0.64360046,-1.2609725,-15.194961,0.11051901,0.86512625,0.26146582,0.41349465
1.0439088,-0.50800425,-14.973497,0.6069365,0.55681753,-0.5271556,0.2090202
0.643647,-1.2607712,-15.195166,0.11075243,0.8652302,0.26118392,0.4133928
1.046465,-0.5082782,-14.973917,0.6069553,0.5562153,-0.52773803,0.2090993
0.64265525,-1.2616323,-15.195338,0.111012,0.86531246,0.26105407,0.41323295
1.0485942,-0.5085063,-14.974265,0.6070209,0.55556995,-0.5283155,0.20916614
0.6418141,-1.2613833,-15.195485,0.11112508,0.8654089,0.2608725,0.4131153
1.0484239,-0.50868917,-14.974545,0.6070522,0.55502975,-0.5287818,0.20933104
0.64202696,-1.261171,-15.195609,0.11130597,0.86544824,0.26070917,0.4130874
1.0482854,-0.5107358,-14.9747715,0.6070999,0.55452967,-0.52919763,0.20946732
0.64220953,-1.2609886,-15.195716,0.111432254,0.8654772,0.26056272,0.41308492
1.048173,-0.5123949,-14.9749565,0.6071799,0.5541275,-0.5294848,0.20957363
0.64152735,-1.2608314,-15.195809,0.11150779,0.8655305,0.26045,0.41302392
1.0500063,-0.51180416,-14.975104,0.60699505,0.5537783,-0.53003204,0.20964892
0.64173764,-1.2606924,-15.195891,0.11159316,0.86553264,0.26031795,0.41307962
1.0515264,-0.51330835,-14.975227,0.60697675,0.55344695,-0.5303596,0.2097485
0.6419404,-1.2597018,-15.19597,0.11161265,0.86556935,0.26018,0.41308436
1.0527213,-0.5125131,-14.975324,0.6068717,0.55315155,-0.53079003,0.20974305
0.6421282,-1.2596554,-15.196042,0.111712396,0.86555904,0.2601395,0.41310447
1.0536647,-0.51188517,-14.9754,0.60696244,0.5527351,-0.5311291,0.20972025
0.6423017,-1.2596123,-15.196111,0.11182966,0.8655129,0.260061,0.41321898
1.0544333,-0.5133871,-14.975462,0.6070802,0.5523164,-0.5313905,0.20981993
0.6434095,-1.259571,-15.196175,0.111927375,0.8654421,0.25999072,0.41338497
1.0571718,-0.51462746,-14.975513,0.6069166,0.5519994,-0.5317977,0.21009547
0.6455583,-1.2595296,-15.196239,0.112074815,0.8653184,0.25990853,0.41365558
1.0572076,-0.51560163,-14.975554,0.6069357,0.55153376,-0.5322389,0.21014592
0.6464226,-1.2594931,-15.195267,0.112218164,0.8651957,0.25993726,0.41385517
1.0594165,-0.51638496,-14.975588,0.6067428,0.5506359,-0.5332929,0.21038583
0.6471558,-1.2604407,-15.194442,0.11246038,0.8650546,0.2600087,0.4140396
1.0633135,-0.5148068,-14.975612,0.60645455,0.5498684,-0.5343139,0.21063295
0.6488256,-1.2613088,-15.1936865,0.11281945,0.8648058,0.26017052,0.41435972
1.0663785,-0.51578987,-14.973408,0.6062813,0.54912716,-0.5351689,0.21089472
0.6493279,-1.261087,-15.193004,0.11296819,0.86468834,0.2602331,0.41452515
1.0687709,-0.5165572,-14.971686,0.60631,0.5484528,-0.53569037,0.21124285
0.649762,-1.2618663,-15.192413,0.11317829,0.86454177,0.26036876,0.41468832
1.0706247,-0.51715183,-14.970353,0.60613114,0.5479605,-0.53631973,0.21143681
0.6501424,-1.2625492,-15.1918955,0.113370195,0.8644057,0.2605011,0.41483635
1.0744518,-0.5176203,-14.969302,0.6059595,0.54733837,-0.53712124,0.21150601
0.6515511,-1.2621876,-15.191387,0.11354639,0.8642719,0.26047814,0.41508138
1.0773009,-0.5156322,-14.968519,0.6057276,0.54681855,-0.5379207,0.21148293
0.65412116,-1.2624818,-15.190458,0.11382699,0.8639852,0.2604952,0.41559035
1.0793619,-0.5171006,-14.967475,0.605659,0.54544955,-0.5393953,0.21145888
0.6552587,-1.2632705,-15.190048,0.11398155,0.8638488,0.2605452,0.4158002
1.0810139,-0.5152425,-14.967137,0.6055434,0.5448327,-0.54024345,0.21121469
0.6576647,-1.264027,-15.189653,0.114092365,0.8636646,0.26056516,0.4161397
1.0822896,-0.51618564,-14.966877,0.6054682,0.5442316,-0.5409691,0.21112254
0.6584473,-1.2633475,-15.190655,0.11405524,0.86361027,0.26044253,0.41633934
1.0856531,-0.51450485,-14.96668,0.6051304,0.5435456,-0.5420386,0.21111503
0.6591355,-1.2627499,-15.190153,0.113997966,0.86355245,0.26038837,0.41650876
1.0857822,-0.5156402,-14.966531,0.605146,0.5427179,-0.54292417,0.21092425
0.6597367,-1.262228,-15.189716,0.114017285,0.86345834,0.26042438,0.4166761
1.0883601,-0.51652044,-14.966415,0.60510606,0.54205656,-0.5435467,0.21113604
0.66180295,-1.2617491,-15.189314,0.11405446,0.863341,0.26032913,0.4169686
1.0903193,-0.5171894,-14.966329,0.60494256,0.5414333,-0.5443002,0.21126248
0.66535646,-1.2629621,-15.188944,0.11427568,0.8630805,0.2605072,0.41733578
1.0917863,-0.51769036,-14.966263,0.6048856,0.54075617,-0.54501706,0.21131173
0.6666732,-1.2639884,-15.188631,0.114280194,0.86295456,0.26061967,0.41752478
1.092873,-0.5180614,-14.966215,0.6047078,0.540256,-0.54557765,0.2116529
0.6677789,-1.26485,-15.188368,0.114388205,0.8627766,0.26078743,0.4177583
1.096271,-0.51572263,-14.96618,0.60434455,0.53990334,-0.54628295,0.21177149
0.6705921,-1.2637653,-15.188137,0.114327595,0.8625836,0.26090914,0.4180972
1.0988199,-0.51665354,-14.966153,0.60415775,0.53941846,-0.546937,0.21185158
0.6710221,-1.2647246,-15.187951,0.114319965,0.8623727,0.26120296,0.41835076
1.097992,-0.5173082,-14.966134,0.6042143,0.5388493,-0.54740685,0.2119251
0.67136437,-1.2636876,-15.189605,0.11425275,0.862146,0.26139513,0.4187162
1.1000556,-0.51779515,-14.96612,0.6040541,0.5384295,-0.5479129,0.21214099
0.67352164,-1.2646817,-15.190998,0.11436428,0.8618205,0.26168278,0.41917598
1.1015679,-0.51815194,-14.96611,0.6039288,0.5379121,-0.5484214,0.21249634
0.67733985,-1.2675078,-15.192187,0.11468473,0.86111706,0.2621025,0.42027023
1.1026644,-0.5184107,-14.966104,0.6041775,0.53630394,-0.5495187,0.2130187
0.68054193,-1.2656999,-15.193184,0.11461825,0.86064297,0.26229337,0.4211397
1.1093043,-0.51860553,-14.966098,0.6040863,0.5351724,-0.5505374,0.21349227
0.6809581,-1.2663723,-15.193963,0.114639185,0.8602751,0.26249406,0.42176017
1.1110592,-0.5217019,-14.966094,0.60425496,0.5341575,-0.55117625,0.2139077
0.6812806,-1.2648308,-15.194567,0.11464607,0.85983384,0.262662,0.42255268
1.1094033,-0.520928,-14.966092,0.60419774,0.5336755,-0.5516598,0.21402599
0.6836871,-1.2657161,-15.195059,0.11469904,0.8593265,0.26281235,0.42347598
1.1110582,-0.5232137,-14.966089,0.60427034,0.53307074,-0.5519587,0.21455681
0.68342125,-1.2643008,-15.195431,0.114666216,0.85885507,0.26295844,0.42434964
1.112199,-0.5220123,-14.968865,0.60423386,0.5325907,-0.55236524,0.2148053
0.6876705,-1.2631115,-15.1957445,0.1148009,0.85821176,0.26315653,0.42549032
1.115856,-0.5211415,-14.968046,0.6037837,0.5321771,-0.5530039,0.21545188
0.68869853,-1.2644398,-15.195985,0.11478372,0.8576565,0.2634633,0.4264238
1.1156096,-0.5233257,-14.967478,0.6036411,0.53190494,-0.55324495,0.21590431
0.6943896,-1.265538,-15.196184,0.11487358,0.85696846,0.26371467,0.42762572
1.1182898,-0.5249147,-14.969923,0.60338634,0.5314188,-0.55381674,0.21634728
0.6988303,-1.2613459,-15.198864,0.11477919,0.8561201,0.2635499,0.429448
1.120206,-0.5260507,-14.971671,0.6032746,0.53052276,-0.5544175,0.21731713
0.70223236,-1.2607573,-15.200917,0.114706844,0.85542035,0.2634204,0.43093866
1.1215585,-0.5268526,-14.972905,0.6032444,0.5297258,-0.555042,0.21775036
0.70473915,-1.2629817,-15.20243,0.11480095,0.85496795,0.26361772,0.43169007
1.1225047,-0.52741355,-14.973769,0.6031849,0.52901673,-0.5556057,0.21820101
0.70658606,-1.2619137,-15.203545,0.1147168,0.8547118,0.26335284,0.43238088
1.1262403,-0.5278129,-14.974383,0.60318595,0.5285081,-0.55596364,0.2185184
0.70791245,-1.2638526,-15.204345,0.114887506,0.85446036,0.2631458,0.43295825
1.1288525,-0.5312344,-14.974813,0.60323036,0.5279414,-0.5562941,0.21892434
0.7088701,-1.2625333,-15.204924,0.11466488,0.8544753,0.26247713,0.43339324
1.1275337,-0.5304346,-14.975089,0.60354984,0.5272618,-0.5567838,0.21843629
0.70858234,-1.2566322,-15.205591,0.114776805,0.85448974,0.26119104,0.43411157
1.1289704,-0.5295249,-14.975402,0.60378206,0.5257293,-0.558147,0.218009
0.70926505,-1.2548584,-15.208209,0.11505249,0.85458654,0.26038253,0.4343337
1.1305941,-0.52926016,-14.975493,0.6041267,0.5245058,-0.5590687,0.21763955
0.70977116,-1.2559366,-15.210149,0.11559518,0.85455227,0.25997904,0.43449873
1.1317247,-0.5290758,-14.975557,0.6043861,0.52349675,-0.5598469,0.21734822
0.7055848,-1.2544323,-15.211534,0.11612534,0.8552248,0.259751,0.4331686
1.1296263,-0.5317937,-14.978437,0.60536146,0.52176404,-0.5606193,0.21680817
0.70236427,-1.2545897,-15.211578,0.11685767,0.855951,0.2597043,0.43156222
1.1252835,-0.53485686,-14.981683,0.6064029,0.5203408,-0.5610821,0.21612029
0.6983277,-1.2555225,-15.2105255,0.11711802,0.85631734,0.25968853,0.43077368
1.1251152,-0.5357234,-14.982601,0.6067823,0.5198756,-0.5611111,0.21609956
0.69712275,-1.2562288,-15.209729,0.117293894,0.85654306,0.2596979,0.43027106
1.1275022,-0.5363926,-14.98331,0.6064642,0.5196944,-0.56154776,0.21629378
0.6961985,-1.2567705,-15.209118,0.11755349,0.85666335,0.25975826,0.42992428
1.1293079,-0.53689885,-14.983847,0.60653675,0.5194981,-0.5615843,0.21646723
0.6971526,-1.2571911,-15.208644,0.11769276,0.85675263,0.25975576,0.42970973
1.1306527,-0.5372759,-14.984246,0.6063637,0.51943517,-0.5617915,0.21656568
0.6963135,-1.257521,-15.208272,0.11761651,0.8569194,0.25986,0.42933476
1.1316078,-0.53754365,-14.981964,0.60619754,0.51943284,-0.56202847,0.21642128
0.69564813,-1.2577828,-15.207976,0.11767978,0.857013,0.25994056,0.4290819
1.1322973,-0.53773695,-14.980317,0.6062065,0.51947165,-0.5619779,0.21643427
0.6951152,-1.2579924,-15.207739,0.11766552,0.857122,0.25990888,0.42888722
1.1328001,-0.537878,-14.9791155,0.6060516,0.5194573,-0.5621561,0.21643983
0.6946844,-1.2568004,-15.207548,0.11755082,0.8572951,0.25976822,0.4286577
1.1331694,-0.5379815,-14.978233,0.6062237,0.5195269,-0.56183994,0.21661156
0.694333,-1.2571218,-15.207392,0.11751302,0.8574329,0.25966454,0.42845532
1.1360016,-0.5380605,-14.977561,0.6060939,0.5195,-0.5619602,0.21672733
0.6940442,-1.257386,-15.207264,0.11742814,0.85753536,0.25961277,0.42830494
1.1355553,-0.53569275,-14.977092,0.6061219,0.51965356,-0.56185347,0.21655764
0.6926377,-1.2564378,-15.207157,0.117280304,0.8577331,0.25946,0.42804196
1.1376418,-0.5363439,-14.976741,0.6059961,0.5196662,-0.5618551,0.21687482
0.69146377,-1.2556463,-15.207068,0.11705341,0.85808265,0.2591324,0.4276016
1.1345273,-0.5368067,-14.976491,0.6062949,0.51987463,-0.5613571,0.21682987
0.6915306,-1.2549813,-15.206994,0.11692702,0.8583434,0.25876066,0.42733786
1.13446,-0.53495735,-14.97631,0.6062656,0.5200356,-0.5614314,0.21633281
0.6905863,-1.253418,-15.206931,0.11674104,0.8586516,0.2583986,0.4269885
1.1344106,-0.53567433,-14.976177,0.6062555,0.52001697,-0.5614773,0.21628694
0.68978274,-1.253038,-15.205927,0.11662795,0.8589216,0.25810686,0.42665264
1.1324029,-0.5342375,-14.976079,0.60627306,0.5202849,-0.5611631,0.2164087
0.68819165,-1.252713,-15.20597,0.116510004,0.85919845,0.25779548,0.42631555
1.1327591,-0.5350248,-14.976006,0.60611165,0.5204441,-0.56106824,0.21672362
0.6868222,-1.252433,-15.206007,0.11637072,0.8594773,0.25747374,0.42598596
1.1312528,-0.53562707,-14.975948,0.6060396,0.5207941,-0.56063455,0.21720627
0.6856373,-1.2513757,-15.20604,0.11623667,0.8597131,0.25709936,0.42577288
1.1300865,-0.5360933,-14.975904,0.6061755,0.5211442,-0.5598823,0.21792646
0.6853814,-1.2512307,-15.206068,0.11614292,0.859888,0.25680488,0.42562288
1.1291734,-0.53485304,-14.97587,0.6062431,0.52139276,-0.5594885,0.21815531
0.6844223,-1.2511041,-15.206093,0.116054006,0.8600392,0.25651976,0.4255136
1.1269257,-0.53539664,-14.975843,0.60650873,0.5215859,-0.5589122,0.21843185
0.68427974,-1.2502942,-15.206114,0.11596926,0.86016166,0.2562502,0.4254515
1.1251292,-0.53583115,-14.975821,0.6066635,0.5218374,-0.5584147,0.21867388
0.6841541,-1.2495809,-15.206133,0.115911655,0.86025256,0.25601357,0.42542595
1.1250561,-0.5361817,-14.975803,0.60669243,0.5219185,-0.5581834,0.21899028
0.6834124,-1.2489499,-15.206149,0.11584049,0.8603399,0.25576556,0.42541778
1.1249967,-0.53515947,-14.975789,0.6065101,0.52212626,-0.55814224,0.21910475
0.6839522,-1.248989,-15.206164,0.11590321,0.8603557,0.2555673,0.42548788
1.1261901,-0.5343205,-14.975778,0.6063185,0.5223766,-0.5580013,0.21939753
0.6832947,-1.2484545,-15.206178,0.11588304,0.86038405,0.25539896,0.42553714
1.1259972,-0.5336264,-14.975768,0.606198,0.5226141,-0.55784094,0.21957247
0.68324786,-1.2485175,-15.206189,0.11590509,0.86028075,0.2552515,0.4258283
1.1258365,-0.533048,-14.9757595,0.6060654,0.5229101,-0.55762607,0.21977915
0.6837196,-1.2480605,-15.2062,0.11590253,0.8601299,0.25511226,0.4262171
1.1257017,-0.5325626,-14.975753,0.6059051,0.5231418,-0.55743736,0.22014835
0.6841437,-1.2476493,-15.206209,0.11592881,0.8599352,0.25496668,0.42668954
1.1265994,-0.53215253,-14.975747,0.6057021,0.52328336,-0.5573973,0.22047159
0.6845262,-1.2477423,-15.206682,0.11595724,0.85966676,0.254872,0.427279
1.1264014,-0.5327652,-14.975742,0.6056933,0.52337193,-0.55719876,0.22078758
0.6844316,-1.2478263,-15.206669,0.11591195,0.85940677,0.25482425,0.42784244
1.1262321,-0.5323759,-14.975738,0.60562104,0.5234869,-0.55706906,0.22104017
0.6848154,-1.2474315,-15.207137,0.115824185,0.8590753,0.25483054,0.42852762
1.1252191,-0.5320412,-14.975734,0.605658,0.52356803,-0.5568789,0.22122565
0.68581337,-1.2469897,-15.207662,0.115761034,0.85869694,0.25484505,0.42929363
1.1251677,-0.53175193,-14.976556,0.6057003,0.5236148,-0.55676204,0.22129333
0.6868024,-1.2471509,-15.208181,0.115704186,0.8582569,0.2549679,0.43011522
1.125123,-0.5315007,-14.977269,0.60565686,0.52370834,-0.5566405,0.22149663
0.6871687,-1.2466514,-15.208725,0.115546666,0.8578793,0.25503206,0.4308722
1.125084,-0.5320252,-14.977891,0.6057025,0.5236796,-0.5565594,0.22164343
0.68832254,-1.2461199,-15.209303,0.115450196,0.85747176,0.25510615,0.4316647
1.1243433,-0.53248495,-14.97773,0.6058435,0.5236243,-0.5564225,0.22173285
0.6895149,-1.2455707,-15.209901,0.11531486,0.8570634,0.255232,0.43243667
1.1236913,-0.53221834,-14.977588,0.6059149,0.5236513,-0.5562735,0.22184771
0.6907139,-1.2450185,-15.210502,0.115288556,0.856684,0.25530407,0.43315217
1.1237528,-0.53262043,-14.978101,0.6059302,0.52363557,-0.5562139,0.2219924
0.6908599,-1.2434424,-15.211093,0.11512343,0.8564035,0.25533342,0.433733
1.1232016,-0.5323713,-14.978555,0.6059594,0.52355456,-0.5562375,0.22204447
0.69463134,-1.2416211,-15.212241,0.11503012,0.85573405,0.25533596,0.4350758
1.1233623,-0.5319514,-14.979321,0.6058494,0.5232724,-0.55654126,0.22224851
0.6951314,-1.2400415,-15.213204,0.114895694,0.85526353,0.2553617,0.43602034
1.1239841,-0.5321079,-14.979936,0.605632,0.5229534,-0.55688304,0.22273521
0.6974293,-1.2400306,-15.213602,0.11494986,0.8549225,0.25553018,0.4365759
1.1244837,-0.5319401,-14.97973,0.6053678,0.52286035,-0.5571399,0.22302963
0.69956905,-1.2385374,-15.213972,0.115007386,0.85458785,0.25560883,0.43716943
1.1249509,-0.5317833,-14.979536,0.60512674,0.52274424,-0.55740154,0.2233016
0.7014227,-1.238763,-15.214293,0.11502789,0.85424995,0.2557923,0.4377168
1.1249356,-0.5320821,-14.97936,0.6050233,0.5225734,-0.5575696,0.22356223
0.7046457,-1.2389617,-15.214575,0.114995904,0.85383296,0.2560752,0.43837282
1.1249218,-0.53193283,-14.9792,0.6048246,0.52247834,-0.5578056,0.22373301
0.7073082,-1.2406994,-15.214808,0.11515038,0.85343087,0.25631404,0.4389753
1.1253428,-0.53178513,-14.979042,0.6045849,0.5223572,-0.55808413,0.22396904
0.7079724,-1.2405771,-15.215007,0.1151254,0.8531128,0.25657377,0.43944806
1.1257752,-0.53163344,-14.978879,0.6043537,0.5223,-0.5583059,0.22417359
0.7101183,-1.2420698,-15.215171,0.115266174,0.85269725,0.2568426,0.4400603
1.1257215,-0.53194267,-14.978731,0.6044044,0.5221507,-0.55833995,0.22430004
0.71031576,-1.2417173,-15.215309,0.11525108,0.852466,0.25703263,0.44040105
1.1261661,-0.53227377,-14.978572,0.604404,0.522005,-0.55841935,0.22444278
0.7120866,-1.2430311,-15.215425,0.115376756,0.85219437,0.25730714,0.4407335
1.1266358,-0.53262347,-14.978405,0.6044143,0.52179366,-0.5585455,0.22459228
0.7153945,-1.2424809,-15.215528,0.11539839,0.85199916,0.25738442,0.44105992
1.1271018,-0.53238076,-14.978238,0.604236,0.52176774,-0.5587085,0.22472684
0.71636975,-1.2437357,-15.215611,0.11554435,0.85191345,0.25742313,0.44116485
1.1275812,-0.5327774,-14.978066,0.60409653,0.521742,-0.55876803,0.22501329
0.71894354,-1.244798,-15.215681,0.11569306,0.85177356,0.25749475,0.44135395
1.1288462,-0.5324577,-14.977882,0.6039427,0.521801,-0.558785,0.22524723
0.72115576,-1.2438744,-15.215742,0.115624785,0.85171115,0.2575119,0.4414824
1.1292909,-0.53293854,-14.977702,0.60401803,0.5217353,-0.5587209,0.22535646
0.7211104,-1.2449268,-15.215791,0.11571494,0.8517357,0.2575324,0.44139946
1.1297077,-0.5325783,-14.977532,0.6039593,0.5216208,-0.55889785,0.22534002
0.7210744,-1.245761,-15.215828,0.11571907,0.8517356,0.25752965,0.4414002
1.1292999,-0.5322649,-14.977386,0.6040367,0.5215776,-0.5588593,0.22532815
0.72284514,-1.2446744,-15.215861,0.11562796,0.85174775,0.2575116,0.44141117
1.1289436,-0.53272265,-14.977257,0.6042043,0.5214014,-0.5587981,0.22543861
0.72433484,-1.2437605,-15.215888,0.1155706,0.8517449,0.25740293,0.44149506
1.129326,-0.5324294,-14.977144,0.6042083,0.52127755,-0.5588891,0.22548878
0.72368973,-1.2430454,-15.215909,0.11542732,0.85178953,0.25736713,0.44146726
1.1296991,-0.5328744,-14.977035,0.6042091,0.5210929,-0.5590289,0.22556649
0.7231923,-1.2442142,-15.215925,0.11545202,0.8517226,0.257419,0.44155967
1.13005,-0.5325487,-14.9776745,0.6043851,0.52068096,-0.55926543,0.22546032
0.72279453,-1.2434736,-15.217614,0.11528289,0.8517274,0.25736323,0.44162703
1.1303896,-0.5330142,-14.977514,0.60461044,0.5201443,-0.55953556,0.22542433
0.7224798,-1.2444928,-15.218949,0.115203485,0.85168725,0.25744995,0.44167474
1.1307164,-0.53346217,-14.978177,0.6047086,0.51980495,-0.559718,0.22549087
0.7222261,-1.2453142,-15.220026,0.11523059,0.85168976,0.25740165,0.44169098
1.1320056,-0.53393525,-14.978877,0.60481805,0.5193637,-0.5599857,0.22554955
0.7220138,-1.2429011,-15.220927,0.11505691,0.8517191,0.25731725,0.441729
1.1322304,-0.5343741,-14.979527,0.6049897,0.5188885,-0.56026363,0.22549266
0.72183585,-1.242428,-15.221682,0.11499091,0.8517715,0.25729802,0.4416562
1.1324383,-0.5347798,-14.980128,0.60512894,0.5185695,-0.5604781,0.2253196
0.7229056,-1.2416698,-15.222892,0.11512006,0.85163814,0.2574358,0.44179955
1.1339585,-0.5355237,-14.98123,0.6049724,0.5178617,-0.56130236,0.225316
0.7210659,-1.2429229,-15.223323,0.115183234,0.8516659,0.25762454,0.44161946
1.1339915,-0.5370159,-14.981723,0.6050967,0.5175957,-0.5613791,0.22540233
0.72104234,-1.2439247,-15.223668,0.11529162,0.8516006,0.25777808,0.44162756
1.1352745,-0.5371804,-14.98219,0.6050602,0.5173527,-0.56168634,0.22529262
0.7210233,-1.2447332,-15.223947,0.11536426,0.85155,0.25783744,0.44167137
1.1364635,-0.5373329,-14.982622,0.6050185,0.5171588,-0.56198514,0.22510493
0.7210079,-1.2453912,-15.224173,0.11532531,0.85151094,0.25794277,0.44169536
1.137501,-0.537466,-14.981648,0.6049702,0.51688963,-0.5623182,0.22502108
0.72099495,-1.2446778,-15.224361,0.11532715,0.8514586,0.25793666,0.4417993
1.1384348,-0.5375857,-14.982187,0.6049159,0.5167492,-0.5624907,0.22505854
0.7222854,-1.2453414,-15.22453,0.11538344,0.8514116,0.25789285,0.44190085
1.1392623,-0.5376918,-14.982665,0.60479283,0.51674044,-0.5626283,0.22506511
0.7230895,-1.2451205,-15.224808,0.11533737,0.8512867,0.25790718,0.4421449
1.1379373,-0.5378465,-14.983362,0.6049277,0.5163764,-0.56283885,0.2250121
0.72279996,-1.2431593,-15.224915,0.11511377,0.85126907,0.25787878,0.44225374
1.1374512,-0.5379033,-14.982356,0.60482067,0.51624423,-0.5629679,0.22527999
0.7238341,-1.2440188,-15.225008,0.115195855,0.8511249,0.25792962,0.44248018
1.1382763,-0.5379518,-14.982738,0.6047518,0.515978,-0.56318396,0.22553465
0.72476727,-1.243453,-15.225093,0.115199536,0.85101575,0.2579426,0.44268152
1.1390411,-0.53931713,-14.98309,0.60474896,0.51575893,-0.56325245,0.22587201
0.72559863,-1.2429491,-15.225168,0.115285695,0.8508521,0.25804406,0.44291458
1.1397195,-0.5391705,-14.983404,0.6046579,0.5156349,-0.56338435,0.22606985
0.72633123,-1.2425051,-15.225233,0.11529904,0.85077775,0.2579849,0.44308838
1.1403162,-0.5390415,-14.98368,0.604741,0.5153938,-0.5634712,0.22618106
0.72556484,-1.242146,-15.225287,0.115215965,0.85080284,0.2579744,0.44306794
1.1408467,-0.5403724,-14.983925,0.6048999,0.5150075,-0.56359035,0.22633927
0.72567654,-1.2428727,-15.2253685,0.11542259,0.8510188,0.25766495,0.44277933
1.1402665,-0.5410596,-14.984312,0.60508275,0.51404226,-0.56425345,0.22639267
0.7250787,-1.2425079,-15.225399,0.115473375,0.8511724,0.25743568,0.44260415
1.140782,-0.5420439,-14.984455,0.6050554,0.5134241,-0.5647817,0.22655104
0.7241566,-1.2419454,-15.225446,0.11556644,0.85136074,0.25717714,0.44236788
1.1429553,-0.5437586,-14.984705,0.6050311,0.5124349,-0.5657095,0.22654104
0.72379565,-1.2417252,-15.225465,0.1155434,0.851412,0.25712246,0.442307
1.1430998,-0.54443073,-14.984804,0.6051177,0.51211447,-0.5658972,0.22656544
0.7234847,-1.2415355,-15.225481,0.11547039,0.85145223,0.2570924,0.44226608
1.1417294,-0.5449655,-14.984882,0.6053885,0.51175594,-0.565978,0.22644989
0.72223717,-1.2413749,-15.225494,0.11545005,0.85153615,0.25704655,0.44213644
1.1420532,-0.5468864,-14.984948,0.6055787,0.5116398,-0.5657842,0.22668803
0.72210807,-1.2412378,-15.225506,0.115479514,0.8515159,0.2571014,0.44213584
1.1439012,-0.5470492,-14.985006,0.6054781,0.51155126,-0.56594217,0.22676224
0.7219973,-1.2420081,-15.225515,0.11551423,0.851493,0.25717312,0.4421292
1.1455234,-0.5471922,-14.985059,0.6053147,0.5115125,-0.56609046,0.2269156
0.7219019,-1.2426723,-15.225523,0.11549257,0.8514654,0.2572912,0.44211927
1.1468309,-0.545723,-14.9851,0.6052261,0.5116262,-0.5660968,0.2268799
0.72181916,-1.243248,-15.225531,0.11548035,0.8514308,0.2574174,0.44211575
1.1463538,-0.54606926,-14.985133,0.60529655,0.51176137,-0.565881,0.22692557
0.7209858,-1.242988,-15.225537,0.11537252,0.8514612,0.25744027,0.4420721
1.1445148,-0.5478039,-14.985161,0.60553694,0.51189435,-0.56547564,0.2269946
0.7209801,-1.2434838,-15.224819,0.11530026,0.8514172,0.25758123,0.44209352
1.144418,-0.54781646,-14.985182,0.6054579,0.51218706,-0.56515366,0.22734697
0.72166216,-1.2439194,-15.224875,0.115326315,0.8513039,0.25771078,0.4422293
1.1443374,-0.54782695,-14.985199,0.60532147,0.51239276,-0.56507987,0.22742999
0.721611,-1.2443036,-15.224926,0.11528082,0.85123163,0.2578648,0.44229043
1.1442686,-0.54783595,-14.985214,0.6051691,0.51261747,-0.5649774,0.22758338
0.7215658,-1.2446438,-15.224971,0.11523698,0.85112804,0.258011,0.44241595
1.142941,-0.5478433,-14.983955,0.6049715,0.51298904,-0.5647279,0.22789077
0.7227038,-1.2449461,-15.224421,0.11523198,0.85059583,0.2582229,0.44331637
1.1442622,-0.5478493,-14.982919,0.604408,0.5131882,-0.56441313,0.22971024
0.7238014,-1.2446324,-15.22389,0.115169354,0.8499579,0.25847405,0.44440848
1.1442122,-0.5478543,-14.982056,0.6040725,0.51324487,-0.5640887,0.23125775
0.72583866,-1.2450206,-15.22327,0.11528449,0.8492699,0.25878543,0.44551122
1.1452937,-0.54785866,-14.981312,0.60368454,0.5132372,-0.56394404,0.23263669
0.7270915,-1.2445775,-15.222633,0.1152464,0.8487496,0.2589211,0.44643292
1.1462886,-0.54786265,-14.980628,0.6034016,0.5131382,-0.56388384,0.23373227
0.730742,-1.244484,-15.221325,0.115471944,0.84786415,0.25917152,0.44790936
1.1495945,-0.55038494,-14.977907,0.60292685,0.5126657,-0.5641204,0.23541728
0.7331482,-1.2451289,-15.220651,0.11582047,0.84753925,0.25911257,0.44846806
1.1516972,-0.54999584,-14.976063,0.6025211,0.51250505,-0.5645288,0.2358264
0.7354739,-1.2444053,-15.219999,0.116050325,0.8473415,0.2589408,0.44888142
1.1536281,-0.5512708,-14.976001,0.6021808,0.51211107,-0.5652129,0.23591281
0.7376293,-1.2451862,-15.219395,0.11628622,0.84720933,0.25895584,0.44906098
1.1552702,-0.55068296,-14.975947,0.6019212,0.5118348,-0.56579506,0.23577946
0.7395794,-1.2443458,-15.218848,0.11637464,0.8471631,0.25885582,0.44918296
1.1566559,-0.5501868,-14.975903,0.6016883,0.5116,-0.5663122,0.23564184
0.74127984,-1.2452207,-15.219979,0.11655642,0.8469986,0.25894052,0.44939724
1.1578168,-0.5497712,-14.975865,0.60154164,0.5114336,-0.56672513,0.23538476
0.74274325,-1.2459737,-15.220953,0.11663771,0.8468567,0.25902835,0.4495929
1.1587826,-0.5494254,-14.975835,0.60141027,0.5112075,-0.5671353,0.23522389
0.7423134,-1.2449837,-15.221721,0.116450794,0.84688675,0.25917515,0.44950014
1.1578517,-0.5491573,-14.975812,0.6014546,0.5110992,-0.5672854,0.23498352
0.741969,-1.2457094,-15.222336,0.116502985,0.8468022,0.25943798,0.44949433
1.1571219,-0.54894716,-14.975793,0.6015021,0.51105076,-0.5673884,0.23471834
0.7432437,-1.2447678,-15.222873,0.11642109,0.8467327,0.2595302,0.44959322
1.1580923,-0.54877484,-14.975778,0.60145354,0.5110165,-0.56752825,0.23457928
0.7427591,-1.2455171,-15.2233,0.11643391,0.8467031,0.2598098,0.44948417
1.1573733,-0.54863787,-14.977256,0.6015229,0.5109381,-0.5676496,0.2342782
0.74388534,-1.2446221,-15.223673,0.11638473,0.84665185,0.25978088,0.44961005
1.1582133,-0.5485278,-14.978444,0.6014566,0.51090354,-0.5678286,0.2340905
0.74331087,-1.2439089,-15.223969,0.11629756,0.84672743,0.25990838,0.44941655
1.1575465,-0.5484386,-14.979406,0.60159546,0.5108134,-0.5678332,0.23391911
0.7428487,-1.2447335,-15.224209,0.116362065,0.846799,0.25998566,0.44922027
1.157002,-0.5483658,-14.980193,0.60167354,0.51073873,-0.5678989,0.2337217
0.74247354,-1.2454028,-15.224402,0.11647312,0.84680384,0.26015532,0.44908395
1.1565534,-0.54830575,-14.979624,0.60175204,0.51069003,-0.56791985,0.23357514
0.74351734,-1.2446223,-15.224576,0.11646184,0.8468793,0.26007992,0.44898838
1.1561812,-0.548256,-14.980307,0.60181826,0.51072127,-0.5678499,0.23350628
0.74399775,-1.2459002,-15.224843,0.116629474,0.84709275,0.2600036,0.44858634
1.1565844,-0.54922694,-14.980313,0.6019834,0.51051253,-0.567773,0.23372416
0.74348104,-1.2451065,-15.22366,0.11670935,0.847254,0.25978032,0.44839028
1.1573138,-0.5490767,-14.979794,0.6019679,0.5105307,-0.5677107,0.23387551
0.7443003,-1.2456911,-15.222658,0.11689249,0.84733564,0.25966123,0.44825736
1.1580062,-0.55009055,-14.9793005,0.60197955,0.5105362,-0.5676073,0.23408432
0.7450262,-1.2462089,-15.221771,0.117073126,0.84738076,0.2595359,0.4481974
1.1574832,-0.5509424,-14.978887,0.6020743,0.51054925,-0.56744206,0.23421262
0.7456633,-1.245366,-15.220992,0.11719727,0.84748286,0.25930965,0.44810292
1.1581339,-0.55058694,-14.978515,0.60201794,0.5105757,-0.567397,0.23440896
0.7462078,-1.2472094,-15.220326,0.1174053,0.8475119,0.25924417,0.4480315
1.1587447,-0.5514434,-14.978167,0.602006,0.510513,-0.56736815,0.23464565
0.7466878,-1.2475307,-15.21974,0.11749147,0.8475618,0.25908113,0.4480087
1.1592709,-0.55101115,-14.976696,0.6020104,0.5105166,-0.56729406,0.234806
0.74710923,-1.2478127,-15.219225,0.1175691,0.8476616,0.2589177,0.44789395
1.1597539,-0.55183715,-14.975346,0.6020446,0.51060694,-0.56707877,0.2350416
0.74619603,-1.2467852,-15.218802,0.11753403,0.8477808,0.2586824,0.44781357
1.1589926,-0.55136025,-14.974226,0.60211897,0.5107116,-0.5668692,0.23512933
0.7466376,-1.2459369,-15.218454,0.117501214,0.8478886,0.25848013,0.44773483
1.1594837,-0.55210066,-14.973246,0.60211295,0.5108388,-0.56668967,0.23530127
0.7470287,-1.2463949,-15.218145,0.11749655,0.84794927,0.25840846,0.44766247
1.1587934,-0.5516187,-14.972425,0.60219026,0.51098037,-0.5664522,0.23536766
0.7462045,-1.2456262,-15.217889,0.11742617,0.8480218,0.25829157,0.447611
1.1592661,-0.5512065,-14.971724,0.6021564,0.51109236,-0.5663126,0.23554705
0.74661183,-1.2460806,-15.217671,0.11742759,0.8480704,0.2582313,0.4475534
1.1586558,-0.55085826,-14.971131,0.6021505,0.5112314,-0.56616807,0.23560795
0.74590397,-1.2454122,-15.217488,0.11738761,0.84812933,0.25815153,0.44749826
1.1591365,-0.55158246,-14.970581,0.6021845,0.5113342,-0.5659819,0.23574528
0.745305,-1.2448467,-15.217334,0.117336765,0.8481767,0.25807846,0.44746396
1.1585485,-0.55120033,-14.97111,0.60212284,0.5115505,-0.56582373,0.23581283
0.7457429,-1.2453133,-15.217202,0.11736829,0.8481989,0.25807095,0.44741789
1.1580476,-0.5518203,-14.971561,0.6021269,0.511712,-0.56563956,0.23589398
0.74614155,-1.2447807,-15.217082,0.11734367,0.8482311,0.25804877,0.44737607
1.1576185,-0.55235124,-14.971948,0.6021378,0.5118888,-0.56545985,0.23591352
0.7455732,-1.2452344,-15.21698,0.11735315,0.84827006,0.25802058,0.44731587
1.157249,-0.5519554,-14.972281,0.60206455,0.5121026,-0.5653339,0.23593804
0.7450844,-1.2447608,-15.217756,0.117352635,0.8483126,0.25796482,0.44726756
1.1569291,-0.55161273,-14.972569,0.6020108,0.5122369,-0.56528974,0.23588988
0.7454824,-1.2443513,-15.218427,0.11725019,0.8482403,0.25796035,0.4474342
1.1566509,-0.55131465,-14.97282,0.60192597,0.51231587,-0.5653208,0.23586039
0.74674624,-1.2439518,-15.218206,0.11720481,0.8480813,0.25799388,0.44772807
1.1564077,-0.5510541,-14.973041,0.6018124,0.5123311,-0.56539917,0.23592886
0.7470272,-1.2435783,-15.218,0.11706969,0.8478935,0.2580798,0.44806945
1.1568892,-0.5508255,-14.973232,0.60167015,0.5123134,-0.565539,0.23599514
0.7482939,-1.2441945,-15.217794,0.11703815,0.84760576,0.25821498,0.44854388
1.1573135,-0.55062395,-14.972742,0.601478,0.51228976,-0.56571853,0.23610592
0.7507386,-1.2432598,-15.2174,0.11676489,0.8470131,0.2584757,0.44958326
1.1587008,-0.55027324,-14.971888,0.60113466,0.51213056,-0.56613183,0.23633493
0.75186014,-1.2428311,-15.217217,0.11657205,0.8467167,0.25866243,0.45008403
1.1590133,-0.55010283,-14.971473,0.6009481,0.5120123,-0.5663862,0.2364563
0.75289017,-1.2424372,-15.217051,0.11648202,0.84642845,0.25881934,0.45055908
1.1593198,-0.54993564,-14.9710655,0.60080934,0.51184595,-0.56664604,0.23654604
0.75382,-1.2420819,-15.216899,0.11635954,0.8461658,0.25890848,0.45103258
1.1596183,-0.54977286,-14.970669,0.60068446,0.5116441,-0.56695014,0.23657182
0.7562176,-1.2417468,-15.216758,0.11637627,0.8458718,0.25905263,0.45149672
1.1608089,-0.5496013,-14.970251,0.6004907,0.5113604,-0.56735843,0.23669803
0.75839263,-1.2414429,-15.216628,0.116396554,0.84564716,0.25916752,0.45184624
1.162021,-0.54942673,-14.969825,0.6003653,0.5109975,-0.56776047,0.2368358
0.760262,-1.2428803,-15.2165165,0.1164947,0.8454223,0.25928727,0.4521729
1.1621296,-0.55026567,-14.969437,0.6002935,0.5106936,-0.568072,0.23692589
0.76010877,-1.2440159,-15.216429,0.11663052,0.8452549,0.25949317,0.45233274
1.1633449,-0.55109936,-14.96905,0.6002565,0.5103039,-0.5684093,0.23705043
0.7599856,-1.2449282,-15.216358,0.11675527,0.84520346,0.25948858,0.45239925
1.164492,-0.55070513,-14.968686,0.60018766,0.50990725,-0.5688046,0.23713006
0.7598879,-1.2441547,-15.2178,0.11675012,0.84516174,0.2594078,0.45252478
1.1643257,-0.5514988,-14.969505,0.6002764,0.5095352,-0.56902826,0.2371687
0.7598095,-1.2449574,-15.218957,0.11683882,0.8450821,0.25952488,0.45258343
1.1653072,-0.5522042,-14.970232,0.6003043,0.5092,-0.5692638,0.23725277
0.75974554,-1.2456121,-15.219901,0.117025405,0.84504336,0.25952005,0.45261046
1.1662024,-0.55284774,-14.970897,0.60034204,0.5089104,-0.56942916,0.23738168
0.76112235,-1.2447692,-15.220754,0.11709,0.84500396,0.25938612,0.45274386
1.1670148,-0.5534317,-14.9714985,0.60045403,0.5085788,-0.5695676,0.23747736
0.76086956,-1.2440808,-15.22145,0.1171616,0.84500206,0.25928763,0.45278534
1.1677473,-0.5539581,-14.972042,0.60053414,0.5083515,-0.56965476,0.23755218
0.76066005,-1.2435102,-15.222027,0.11724668,0.844948,0.25918254,0.45292443
1.1671724,-0.5543936,-14.972491,0.60073704,0.50807977,-0.5696652,0.23759519
0.76048774,-1.2443132,-15.222501,0.11738691,0.8448989,0.2591647,0.45298994
1.1666936,-0.55475646,-14.972865,0.60092086,0.5079811,-0.5695735,0.23756123
0.7616687,-1.245046,-15.222934,0.11746965,0.84484476,0.25904244,0.45313933
1.1662916,-0.555061,-14.97318,0.60109615,0.5078357,-0.5695046,0.23759381
0.76136076,-1.2443689,-15.22329,0.117384985,0.84487116,0.25884423,0.45322537
1.1659521,-0.554306,-14.973445,0.6011236,0.5078618,-0.5694891,0.23750605
0.76110727,-1.2425944,-15.223585,0.11708025,0.8448797,0.25865299,0.45339748
1.1656635,-0.55366427,-14.97367,0.6011572,0.5080368,-0.5693299,0.2374283
0.7597408,-1.2422781,-15.223829,0.11671971,0.8448759,0.25860754,0.45352352
1.1654168,-0.5540291,-14.973863,0.6011532,0.50819194,-0.5692067,0.23740202
0.75969714,-1.2420138,-15.224033,0.116417736,0.84472215,0.2586957,0.453837
1.1652048,-0.5543428,-14.974028,0.60118777,0.50847304,-0.5689185,0.23740324
0.7607217,-1.2428493,-15.224208,0.1162702,0.84449106,0.2588361,0.4542247
1.1650214,-0.55378944,-14.974172,0.6011902,0.50876004,-0.56868845,0.23733322
0.761419,-1.2432204,-15.224509,0.1155996,0.84426093,0.25882804,0.4548279
1.1639792,-0.55435616,-14.974404,0.60133487,0.5092592,-0.56810635,0.23729026
0.7611969,-1.2428696,-15.224628,0.11536246,0.84414387,0.2586153,0.45522615
1.1639122,-0.5538807,-14.9745,0.6013476,0.50952476,-0.5678692,0.23725557
0.76100516,-1.241564,-15.225734,0.11513101,0.84413177,0.2583508,0.4554573
1.1631817,-0.55413383,-14.974583,0.6014512,0.50973916,-0.56757045,0.23724723
0.76189655,-1.2403095,-15.225719,0.11512788,0.84404755,0.25807956,0.45576787
1.1631742,-0.5537195,-14.974657,0.6015219,0.5098847,-0.56738555,0.23719756
0.7616234,-1.2402724,-15.225707,0.11526523,0.8439822,0.25793618,0.4559353
1.1631674,-0.5539581,-14.974723,0.60159886,0.50999004,-0.5672249,0.23716013
0.7613882,-1.2402403,-15.225698,0.11542082,0.8440252,0.25768372,0.4559592
1.1631614,-0.5535947,-14.974781,0.60164493,0.5100527,-0.5671298,0.23713592
0.7622343,-1.2402096,-15.226761,0.11585124,0.84395206,0.2572845,0.45621076
1.163156,-0.55327016,-14.974833,0.6017042,0.5100279,-0.56712455,0.23705156
0.7619291,-1.2401836,-15.226639,0.11608051,0.8440107,0.2568743,0.45627496
1.1631513,-0.5529794,-14.97488,0.60176384,0.5099813,-0.56713295,0.23698029
0.7616649,-1.2401612,-15.227522,0.11624366,0.8440668,0.25662133,0.4562721
1.163147,-0.55321175,-14.974922,0.6018267,0.5098867,-0.5671919,0.2368831
0.7603957,-1.2400855,-15.2280655,0.11606358,0.8442244,0.25576377,0.4565079
1.1626924,-0.5527176,-14.974994,0.6018643,0.5096618,-0.56742376,0.23671639
0.76030433,-1.2392282,-15.228696,0.11581194,0.8442492,0.25528824,0.45679206
1.1627089,-0.55250514,-14.975024,0.60180485,0.50954777,-0.5675981,0.23669474
0.7602251,-1.2384856,-15.228437,0.1155222,0.8441802,0.2550387,0.45713204
1.1631259,-0.55231214,-14.975053,0.60170686,0.50946176,-0.56777763,0.2366986
0.76099896,-1.237766,-15.228188,0.11524355,0.8440752,0.25485724,0.4574974
1.1635056,-0.5525184,-14.975079,0.6016444,0.5093792,-0.56790084,0.23673953
0.7627993,-1.2370069,-15.227924,0.11501798,0.84384024,0.25493747,0.45794266
1.1638519,-0.5523437,-14.975101,0.6015631,0.50932056,-0.5680181,0.23679121
0.76346743,-1.2362864,-15.227674,0.11461347,0.84368855,0.25512493,0.45821905
1.1638237,-0.5525288,-14.975122,0.6014977,0.5092879,-0.568087,0.23686212
0.7640936,-1.2356112,-15.227439,0.114272706,0.8433242,0.25545913,0.4587883
1.1641618,-0.5523518,-14.974778,0.60140514,0.50928503,-0.5681496,0.236953
0.76468736,-1.2338006,-15.227217,0.11383018,0.8430703,0.2557616,0.45919627
1.1641221,-0.55219,-14.974811,0.6013068,0.5093146,-0.56816703,0.23709723
0.7665323,-1.2333428,-15.227003,0.11373088,0.8427094,0.25605342,0.45972043
1.1640855,-0.552041,-14.974508,0.60121083,0.50934845,-0.5681887,0.23721594
0.76961786,-1.234286,-15.226805,0.1136981,0.842362,0.25644574,0.46014646
1.164051,-0.55222577,-14.974223,0.6011577,0.5093828,-0.5681546,0.23735854
0.77091163,-1.2351055,-15.226632,0.113656126,0.8421724,0.25670856,0.46035722
1.1643914,-0.5524339,-14.974281,0.6010701,0.5093997,-0.568141,0.23757657
0.7720349,-1.235817,-15.226483,0.11370216,0.84202284,0.25684565,0.46054286
1.1647778,-0.5522222,-14.973899,0.6009507,0.50944847,-0.5681484,0.23775627
0.7730388,-1.234979,-15.226349,0.11361363,0.8420353,0.25691247,0.46050477
1.1646993,-0.5524646,-14.97354,0.6008895,0.509506,-0.56807774,0.23795637
0.77244204,-1.2343005,-15.226241,0.11340623,0.84206855,0.25691187,0.46049544
1.1651009,-0.5522344,-14.973649,0.60079604,0.5095606,-0.5680567,0.23812573
0.7733432,-1.2351317,-15.226149,0.11335204,0.8420363,0.25693882,0.4605527
1.1650037,-0.55202675,-14.973746,0.60077244,0.5095705,-0.56802577,0.23823787
0.7727321,-1.2344638,-15.226073,0.113242835,0.84208065,0.25691321,0.46051264
1.1649158,-0.5518389,-14.973836,0.6007355,0.50960755,-0.56798875,0.23833978
0.7735867,-1.2338632,-15.2260065,0.11318362,0.8420736,0.2568854,0.4605557
1.1648359,-0.5516685,-14.973501,0.60068786,0.5096149,-0.5679825,0.23845893
0.77434385,-1.2333311,-15.225946,0.11317818,0.8420952,0.25681183,0.4605585
1.1647635,-0.5515137,-14.973592,0.60067284,0.5096038,-0.56798375,0.23851745
0.7750063,-1.2328656,-15.225894,0.11315614,0.84209937,0.25682232,0.4605504
1.1651206,-0.55135024,-14.973686,0.6006119,0.5095905,-0.56801873,0.23861583
0.7755494,-1.2339437,-15.225852,0.11326608,0.8420381,0.25679335,0.46065164
1.1655031,-0.55117524,-14.973788,0.6005415,0.50958616,-0.568066,0.23869026
0.77601707,-1.2333901,-15.227298,0.11316483,0.84204555,0.2567118,0.46070835
1.1653861,-0.5510174,-14.97388,0.6005205,0.50958556,-0.56806093,0.23875637
0.77498496,-1.2329453,-15.228459,0.113119915,0.84203935,0.25669843,0.46073812
1.1657736,-0.5508512,-14.973976,0.60043603,0.5096163,-0.5681228,0.23875594
0.7755108,-1.2325662,-15.229448,0.11310619,0.84195364,0.25673458,0.46087798
1.165637,-0.5507018,-14.974063,0.6003967,0.50965494,-0.5681101,0.23880263
0.77460265,-1.2322589,-15.23025,0.11305986,0.8419633,0.25671357,0.4608835
1.1655139,-0.55056703,-14.974142,0.600353,0.5097276,-0.56809676,0.23878914
0.7751635,-1.2319902,-15.230951,0.11303687,0.84187496,0.2567189,0.4610473
1.1654024,-0.55044514,-14.974213,0.6003179,0.5097545,-0.5681291,0.2387431
0.77566934,-1.2303258,-15.231584,0.112883724,0.8419198,0.25660294,0.46106747
1.1657691,-0.55031645,-14.974287,0.6003074,0.5097081,-0.568192,0.23871855
0.7747278,-1.2303296,-15.232095,0.11286756,0.8419916,0.2564963,0.46099967
1.1656399,-0.55020034,-14.974356,0.6003232,0.5096933,-0.5682052,0.23867926
0.7752838,-1.2289466,-15.232547,0.11276105,0.8420633,0.2563101,0.46099833
1.1655228,-0.5500953,-14.974417,0.6003605,0.5096603,-0.5682265,0.23860507
0.7757655,-1.2291517,-15.232938,0.11278112,0.84205616,0.25623003,0.4610511
1.1658894,-0.5499825,-14.974483,0.6003224,0.5096618,-0.5682879,0.23855132
0.77619374,-1.227873,-15.233285,0.11260338,0.84207153,0.25617993,0.46109435
1.165752,-0.54988074,-14.974541,0.6003096,0.5096992,-0.5682804,0.23852137
0.7765559,-1.228249,-15.23358,0.11260719,0.8420423,0.25613615,0.46117115
1.1656281,-0.550233,-14.974595,0.6003355,0.50971866,-0.56822973,0.23853579
0.77546334,-1.2271674,-15.233816,0.11245678,0.8421197,0.2560472,0.46111572
1.165955,-0.55012447,-14.974647,0.600321,0.5097596,-0.5682121,0.23852685
0.7759057,-1.2276192,-15.234015,0.1124499,0.8420406,0.25612655,0.4612178
1.1663082,-0.55000716,-14.974702,0.60029864,0.5097964,-0.56819314,0.23854928
0.7762837,-1.2280052,-15.234186,0.11245326,0.8419374,0.25619227,0.46136883
1.1661464,-0.5499016,-14.9747505,0.6002972,0.50985587,-0.5681229,0.23859306
0.77661955,-1.2269436,-15.234337,0.1123855,0.8418622,0.25625715,0.46148655
1.1660005,-0.5498063,-14.974795,0.60030293,0.5098894,-0.56806386,0.23864764
0.7769016,-1.2274334,-15.234466,0.11249583,0.8417746,0.256216,0.46164235
1.1663477,-0.54970676,-14.974842,0.6002735,0.50991446,-0.5680261,0.2387582
0.7771398,-1.2278471,-15.234573,0.11252209,0.84166086,0.25627652,0.46180966
1.1661857,-0.5496171,-14.974885,0.60027206,0.50993735,-0.5679792,0.23882423
0.77603996,-1.2268903,-15.234661,0.11237361,0.8416991,0.2562405,0.4617961
1.1665398,-0.549523,-14.974929,0.6003115,0.509917,-0.5679377,0.2388672
0.7777883,-1.2260058,-15.234742,0.11238264,0.8415175,0.25617743,0.46215978
1.1663501,-0.54890853,-14.974972,0.60031605,0.50996035,-0.567896,0.23886235
0.7793145,-1.2266433,-15.234813,0.11237917,0.8412218,0.25637478,0.4625893
1.1667302,-0.54884744,-14.975015,0.60028076,0.509972,-0.5678777,0.23896962
0.7806439,-1.2271986,-15.234875,0.112319484,0.84103507,0.25649622,0.4628759
1.1671497,-0.5481023,-14.975063,0.6002384,0.5099595,-0.5679171,0.23900902
0.781797,-1.2276802,-15.234929,0.11224893,0.84090537,0.25662893,0.46305498
1.1668763,-0.5480882,-14.975105,0.60024047,0.5100019,-0.5678494,0.23907448
0.78133065,-1.2280679,-15.234972,0.11223043,0.8408293,0.25680563,0.46309975
1.1672783,-0.5480746,-14.975146,0.6002176,0.5100194,-0.56783116,0.2391377
0.7823422,-1.2284046,-15.235009,0.11231393,0.8407232,0.25683865,0.46325383
1.1670011,-0.5480625,-14.975183,0.600197,0.5100693,-0.5677975,0.23916286
0.7818078,-1.2273151,-15.23504,0.1121024,0.84076047,0.25675657,0.46328294
1.1667552,-0.54805183,-14.975214,0.6002584,0.51010823,-0.5676873,0.23918745
0.7827678,-1.2263268,-15.235068,0.11190631,0.84068674,0.25678617,0.46344757
1.1665362,-0.5480423,-14.975243,0.6002745,0.5102679,-0.5674959,0.23926051
0.7836219,-1.2254475,-15.235093,0.111743964,0.84066594,0.25684512,0.4634918
1.1663405,-0.5480338,-14.975268,0.60030806,0.51043457,-0.5672832,0.2393252
0.78436965,-1.2246778,-15.235114,0.111603945,0.84066314,0.25678876,0.4635619
1.166165,-0.54802614,-14.975291,0.6003608,0.510603,-0.56705266,0.23938015
0.78347063,-1.2255592,-15.235131,0.11155751,0.84064037,0.25690383,0.4635506
1.1660073,-0.5480193,-14.975313,0.60041565,0.51080036,-0.5667741,0.2394811
0.78416777,-1.2262666,-15.233727,0.11166858,0.840608,0.25688764,0.4635915
1.1654001,-0.5480131,-14.975331,0.6005025,0.5110119,-0.5664494,0.2395802
0.7847323,-1.2254919,-15.232589,0.111500934,0.84064823,0.25686637,0.4635708
1.1652929,-0.5480075,-14.975348,0.6005626,0.5112304,-0.56615996,0.23964751
0.7851934,-1.2261392,-15.23166,0.111524776,0.84062505,0.25693622,0.46356836
1.1651957,-0.5480024,-14.974943,0.6005946,0.51145476,-0.56589675,0.23971048
0.7855802,-1.2266823,-15.23212,0.11136582,0.8406247,0.25692877,0.46361133
1.1651075,-0.5479978,-14.974576,0.60071415,0.5116496,-0.56556535,0.23977734
0.78591925,-1.2259117,-15.2312765,0.11122034,0.840671,0.2568513,0.46360517
1.165027,-0.5479936,-14.974241,0.6007597,0.51187366,-0.5652823,0.23985218
0.7850154,-1.2252746,-15.230578,0.11099548,0.8407385,0.25673562,0.4636008
1.1645939,-0.5479898,-14.973936,0.6009004,0.51204026,-0.5649635,0.23989516
0.78539515,-1.224733,-15.229984,0.110996716,0.8407605,0.25669903,0.46358088
1.1645396,-0.5483281,-14.973999,0.600999,0.51212686,-0.56475997,0.23994265
0.7846221,-1.2242799,-15.229488,0.11100618,0.84079283,0.25663015,0.4635581
1.1641651,-0.5483134,-14.974056,0.6010763,0.51226324,-0.56458753,0.23986387
0.78502506,-1.2238805,-15.229051,0.11104764,0.84076405,0.25648528,0.4636804
1.16413,-0.54829985,-14.974109,0.6011601,0.5122979,-0.56447625,0.23984176
0.7843346,-1.223544,-15.2297125,0.11096648,0.84082705,0.2563752,0.4636466
1.1638045,-0.5482874,-14.973864,0.6012393,0.51234657,-0.56439614,0.23972769
0.78374887,-1.2232585,-15.229295,0.11101598,0.8408793,0.2562249,0.46362308
1.1637832,-0.5482759,-14.973917,0.60132086,0.5123296,-0.5643678,0.2396262
0.7841918,-1.2230076,-15.229886,0.11098774,0.84095687,0.25583935,0.46370202
1.1637635,-0.54826534,-14.973966,0.60130274,0.51223654,-0.56457704,0.23937747
0.7836609,-1.222793,-15.2303915,0.11099024,0.8410474,0.2555801,0.46368018
1.1637453,-0.5482555,-14.974011,0.6013108,0.5121333,-0.5647616,0.23914252
0.78410167,-1.2225934,-15.230861,0.111046016,0.84104055,0.25537023,0.46379498
1.1637285,-0.54824644,-14.974054,0.60130835,0.5120675,-0.564904,0.23895334
0.78359187,-1.2224222,-15.231264,0.111049436,0.841081,0.25524577,0.46378922
1.1637129,-0.5480113,-14.9740925,0.60129875,0.51197165,-0.56510067,0.23871791
0.78444797,-1.2221094,-15.232001,0.11110502,0.84109616,0.25499392,0.46388698
1.1636821,-0.54777586,-14.974169,0.6012772,0.51179093,-0.5654067,0.23843473
0.7848378,-1.221967,-15.232337,0.111124516,0.8410718,0.25489408,0.4639814
1.1636633,-0.54748476,-14.9742155,0.6012658,0.5117283,-0.5655157,0.23833926
0.7842195,-1.2218459,-15.232622,0.11106353,0.8411026,0.25488696,0.46394402
1.1636454,-0.5474969,-14.97426,0.60124755,0.5116511,-0.5656274,0.23828602
0.78461796,-1.221735,-15.2328825,0.11116632,0.8410143,0.25494096,0.46404967
1.1636286,-0.54750836,-14.974302,0.60125524,0.511556,-0.5657257,0.23823759
0.78595245,-1.222607,-15.233119,0.111302994,0.8408373,0.25507787,0.46426255
1.1636126,-0.54751927,-14.974342,0.6012722,0.5114516,-0.56581503,0.23820676
0.785244,-1.2224276,-15.233321,0.11133212,0.8407707,0.2551944,0.46431208
1.1635973,-0.54752964,-14.9743805,0.6012818,0.5113983,-0.5658398,0.23823799
0.78552574,-1.2222664,-15.233503,0.11131011,0.8406065,0.25533703,0.46453616
1.1635785,-0.5472006,-14.974427,0.6012556,0.5113774,-0.5658667,0.23828524
0.7857897,-1.2221154,-15.233673,0.111417755,0.84030974,0.25545812,0.4649804
1.1635562,-0.54681045,-14.974483,0.60121846,0.5113733,-0.5658735,0.2383715
0.78601575,-1.2228897,-15.233819,0.11146036,0.8400533,0.25573552,0.4652809
1.1635356,-0.5468559,-14.974534,0.60119736,0.5113811,-0.5658323,0.2385057
0.7862234,-1.2226849,-15.2339525,0.11137484,0.8398277,0.2558556,0.4656426
1.1639012,-0.54689735,-14.9741955,0.6011576,0.51139235,-0.565792,0.23867737
0.7864173,-1.2224935,-15.234078,0.11142476,0.8396031,0.25590518,0.46600837
1.1638696,-0.5469351,-14.974254,0.60116863,0.511408,-0.5657091,0.23881249
0.78659713,-1.2223161,-15.234194,0.11125305,0.83915615,0.2560281,0.46678627
1.1634938,-0.5469696,-14.974305,0.6012876,0.5116004,-0.56533915,0.23897716
0.78784573,-1.2221406,-15.234309,0.111198425,0.83869654,0.25624007,0.4675084
1.1627508,-0.54700446,-14.974358,0.6014236,0.5118704,-0.5648777,0.23914762
0.7890493,-1.2219714,-15.23442,0.111149706,0.8382474,0.25638068,0.46824792
1.1618841,-0.5470451,-14.974419,0.6016155,0.5122605,-0.56426156,0.23928453
0.79018253,-1.2218121,-15.234524,0.111071214,0.8378611,0.2565197,0.46888134
1.1614001,-0.5465417,-14.974493,0.60174036,0.5128068,-0.5635894,0.23938444
0.7899316,-1.2216768,-15.2346115,0.110939056,0.83758456,0.2567127,0.469301
1.1602098,-0.5466332,-14.974575,0.60200197,0.51353616,-0.5625869,0.23952085
0.79098666,-1.2215514,-15.234694,0.1108199,0.83730924,0.25679132,0.46977705
1.159679,-0.54597676,-14.974663,0.60215557,0.5144187,-0.56155545,0.23966148
0.7919473,-1.2214371,-15.234769,0.110867254,0.8370791,0.2569131,0.47010928
1.1582689,-0.5461472,-14.974755,0.6024429,0.5152218,-0.5605289,0.23961763
0.7928082,-1.2213347,-15.234836,0.11100614,0.8368352,0.25701067,0.4704573
1.1567268,-0.54530615,-14.974856,0.60258263,0.5160523,-0.55962974,0.23958042
0.7921642,-1.2212518,-15.23489,0.1110509,0.8367591,0.25722384,0.47046563
1.1551391,-0.5444402,-14.974959,0.60280174,0.516836,-0.5587645,0.23935936
0.79447377,-1.2211744,-15.234941,0.110993706,0.8366212,0.2574155,0.47061953
1.1536734,-0.544888,-14.975056,0.6030087,0.51748335,-0.557965,0.23930463
0.79499036,-1.2211071,-15.234985,0.11107643,0.836714,0.25736275,0.47046366
1.1522661,-0.5439419,-14.975147,0.6031848,0.5182321,-0.5572264,0.23896112
0.79543567,-1.2210491,-15.235023,0.111191556,0.83685946,0.25726652,0.47023034
1.1474828,-0.54296213,-14.975243,0.6035613,0.51885617,-0.55642956,0.23851249
0.79581684,-1.2209995,-15.235055,0.11117738,0.83711076,0.2570814,0.4698877
1.1449829,-0.54207873,-14.975328,0.60381496,0.5192639,-0.55594426,0.23811431
0.79641604,-1.2209214,-15.2351055,0.1115423,0.83746517,0.25713116,0.4691419
1.1427305,-0.54261726,-14.975456,0.6044506,0.5194292,-0.5552764,0.23769905
0.7966341,-1.2223997,-15.235125,0.11183055,0.83768404,0.2570934,0.46870297
1.1429347,-0.5435853,-14.9755,0.6047058,0.51941377,-0.55502254,0.23767672
0.7968151,-1.2221435,-15.23514,0.112152316,0.83782727,0.2570185,0.46841106
1.1430986,-0.5426284,-14.975535,0.6048783,0.5193954,-0.5549081,0.23754536
0.79696053,-1.2233477,-15.235152,0.11246906,0.83800095,0.25702214,0.4680222
1.1413995,-0.54179513,-14.975566,0.6051497,0.5194156,-0.5546719,0.23736154
0.79708374,-1.2229681,-15.235164,0.11269004,0.8381591,0.2569474,0.4677267
1.1400248,-0.5429643,-14.975591,0.6053911,0.51918864,-0.554678,0.23722802
0.7971837,-1.2239892,-15.233842,0.11307352,0.8382876,0.2569531,0.4674008
1.1407205,-0.543862,-14.975611,0.60545385,0.5189417,-0.554862,0.23717777
0.7972655,-1.2248251,-15.232761,0.11345471,0.83840823,0.2569711,0.467082
1.1395227,-0.5428315,-14.975627,0.6056051,0.5187614,-0.5549146,0.23706318
0.7961336,-1.2255149,-15.23187,0.113721505,0.838504,0.25703716,0.46680874
1.1402804,-0.54371876,-14.97564,0.605647,0.51851815,-0.5550627,0.23714158
0.79519236,-1.2260884,-15.231129,0.11397022,0.8386435,0.2569673,0.46653596
1.1408739,-0.54441386,-14.97565,0.6057215,0.51823,-0.55526346,0.23711112
0.79548675,-1.2265687,-15.230508,0.1142592,0.83867824,0.25698015,0.46639568
1.1413438,-0.5449642,-14.9756565,0.6058445,0.51792514,-0.555423,0.23708917
0.795735,-1.228002,-15.229984,0.11454805,0.83869934,0.25701824,0.4662659
1.1417197,-0.5468494,-14.975662,0.605909,0.5175571,-0.55567753,0.23713176
0.79496855,-1.2292179,-15.22954,0.11495408,0.8386463,0.2569781,0.46628353
1.142023,-0.54699826,-14.975667,0.605785,0.5171224,-0.5562351,0.23708977
0.79524255,-1.2293274,-15.22916,0.11533838,0.83858526,0.25689596,0.4663437
1.14227,-0.54711944,-14.975672,0.60556084,0.51672786,-0.55683905,0.23710483
0.7954778,-1.2303033,-15.228835,0.115744196,0.8384887,0.25688913,0.4664205
1.1437118,-0.547219,-14.975676,0.6053462,0.5162872,-0.5574159,0.23725711
0.7956808,-1.2311453,-15.228555,0.11612339,0.83841354,0.2568461,0.46648502
1.146082,-0.54730135,-14.9756775,0.6050648,0.5158576,-0.55803066,0.23746443
0.795061,-1.2318753,-15.228312,0.116495125,0.83838964,0.25679442,0.4664638
1.148058,-0.54736996,-14.97568,0.60467887,0.51548135,-0.5586709,0.23775901
0.7961802,-1.2339286,-15.227892,0.11759609,0.8382,0.25652742,0.46667525
1.1501678,-0.5474763,-14.975683,0.60392743,0.51465195,-0.5598961,0.23858191
0.79725635,-1.2345065,-15.227674,0.11837142,0.8380392,0.25633177,0.46687537
1.1524132,-0.5475177,-14.974726,0.60343003,0.5142677,-0.56053233,0.23917456
0.79953533,-1.2351356,-15.227437,0.11909637,0.8378551,0.25606683,0.4671667
1.1543336,-0.5475531,-14.973907,0.60304415,0.5139578,-0.5610131,0.23968609
0.8019511,-1.2371296,-15.227184,0.1198426,0.8376245,0.2559432,0.467457
1.155985,-0.54844886,-14.973204,0.6027742,0.513629,-0.5614162,0.2401261
0.8027635,-1.2389791,-15.226952,0.120463036,0.83746654,0.25578848,0.4676652
1.1574128,-0.5484012,-14.972594,0.60247976,0.51337874,-0.56177956,0.24054998
0.8034987,-1.2406527,-15.22674,0.12081069,0.83736557,0.2555011,0.46791333
1.158653,-0.54835975,-14.972065,0.60221267,0.51318026,-0.56212133,0.24084352
0.80412656,-1.2405425,-15.22656,0.12103303,0.83728004,0.25517,0.46818954
1.1604774,-0.5483236,-14.971604,0.60188806,0.51301056,-0.56249934,0.2411339
0.8046604,-1.2404488,-15.226406,0.12099528,0.83731,0.25482172,0.46833527
1.162077,-0.5482919,-14.971199,0.6016676,0.5128351,-0.56279665,0.2413635
0.8067774,-1.240366,-15.22627,0.12100727,0.83720666,0.2545328,0.468674
1.1628155,-0.54826397,-14.970842,0.6014332,0.51272386,-0.5630635,0.24156132
0.8068872,-1.2402973,-15.226157,0.120899625,0.8372576,0.25411606,0.46883693
1.1634681,-0.54823935,-14.970528,0.6012484,0.51262414,-0.5632787,0.24173115
0.8085863,-1.2386316,-15.226066,0.12077575,0.8372212,0.25368306,0.46916825
1.163443,-0.5482175,-14.970249,0.6011193,0.5126229,-0.56337374,0.2418336
0.8084006,-1.2373142,-15.225994,0.12058363,0.837212,0.25336814,0.46940413
1.1639947,-0.548198,-14.97,0.6009947,0.51259965,-0.5634753,0.24195583
0.8098041,-1.2377453,-15.225931,0.12047406,0.8371207,0.25311434,0.46973193
1.1645024,-0.54818004,-14.969771,0.60084563,0.51257676,-0.56358063,0.24212918
0.8109728,-1.2365497,-15.22588,0.12026342,0.8368987,0.25288877,0.47030273
1.1649966,-0.54816264,-14.970129,0.60085815,0.51256216,-0.5634796,0.24236406
0.81199664,-1.2371268,-15.225834,0.12018013,0.83663404,0.25276524,0.4708609
1.1648859,-0.5475951,-14.970449,0.6008992,0.51256657,-0.5633659,0.24251717
0.81287825,-1.2376237,-15.225796,0.120152555,0.8364016,0.25277248,0.47127688
1.1653415,-0.5476124,-14.970756,0.6009465,0.512571,-0.56321895,0.2427319
0.8154866,-1.2380673,-15.22576,0.12002091,0.83615357,0.25274,0.47176772
1.1652153,-0.5470941,-14.97103,0.601001,0.5125529,-0.5631401,0.24281816
0.8157656,-1.2366734,-15.225734,0.11997949,0.83600366,0.2526418,0.4720964
1.1656479,-0.5471403,-14.971301,0.6010849,0.51250845,-0.563025,0.24297144
0.8178633,-1.2373081,-15.22571,0.12015495,0.83577895,0.25261894,0.47246173
1.1660784,-0.5471863,-14.97157,0.6011785,0.51244885,-0.5629238,0.24309972
0.8177108,-1.2377948,-15.227453,0.12015467,0.8356515,0.2526314,0.4726805
1.1659033,-0.5472273,-14.97181,0.60130376,0.5123965,-0.56278116,0.24323021
0.8175881,-1.2381866,-15.227121,0.12021759,0.8355038,0.2527201,0.47287816
1.1663109,-0.54726726,-14.972044,0.6013764,0.5123413,-0.5626814,0.24339803
0.81741494,-1.2387393,-15.22964,0.12049375,0.8350594,0.25307444,0.47340295
1.1665154,-0.5473379,-14.972458,0.6014995,0.51232094,-0.56239146,0.24380632
0.8190317,-1.238954,-15.230619,0.12073556,0.8347584,0.25342855,0.4736827
1.1663206,-0.5473692,-14.973185,0.601575,0.51234394,-0.5621887,0.2440391
0.82041913,-1.2391382,-15.231458,0.12097686,0.8344599,0.25387245,0.4739094
1.1661459,-0.5479131,-14.973836,0.6016795,0.51236427,-0.56194067,0.24430984
0.8216047,-1.2411267,-15.232175,0.12126466,0.8341433,0.2542388,0.47419667
1.165989,-0.5484021,-14.9744215,0.6017533,0.5124547,-0.56165516,0.2445947
0.8225999,-1.2427957,-15.232777,0.12149066,0.83387494,0.25468525,0.47437134
1.1658475,-0.54837734,-14.974949,0.6018108,0.5125429,-0.5614114,0.24482831
0.8234253,-1.2461421,-15.233276,0.12178838,0.83356273,0.25520265,0.4745656
1.1661725,-0.5483542,-14.975442,0.6017867,0.5126431,-0.56123364,0.24508499
0.82622147,-1.2468908,-15.233702,0.12201077,0.8332573,0.2555557,0.47485474
1.1655979,-0.5487677,-14.975887,0.6018759,0.5127522,-0.5609589,0.24526662
0.82638586,-1.2495831,-15.234295,0.12245065,0.8329448,0.2562843,0.47489706
1.1653877,-0.54909784,-14.97667,0.6019377,0.51301324,-0.5605163,0.24558069
0.82644135,-1.2516572,-15.23242,0.12279876,0.83272606,0.2567891,0.4749181
1.1649126,-0.54943264,-14.976632,0.6019932,0.5131864,-0.56024534,0.2457013
0.82451105,-1.2551738,-15.231024,0.12331779,0.8325235,0.25735503,0.4748324
1.1644791,-0.549738,-14.97696,0.601979,0.5133756,-0.5600184,0.2458583
0.8270795,-1.258154,-15.22984,0.1240183,0.832217,0.25784123,0.47492337
1.1644263,-0.55002844,-14.977272,0.6019275,0.513513,-0.5598589,0.24606064
0.8269831,-1.2605071,-15.228906,0.12474299,0.8319738,0.2583647,0.4748753
1.1643761,-0.55030435,-14.977214,0.60185826,0.5136637,-0.5597276,0.24621367
0.8269058,-1.2645798,-15.228157,0.12551554,0.8318531,0.2588791,0.4746029
1.1639842,-0.5509078,-14.9771595,0.60191774,0.513815,-0.55946827,0.2463424
0.8251994,-1.2722682,-15.22334,0.12849492,0.8318332,0.25984836,0.47330913
1.1632863,-0.55134493,-14.977063,0.60206467,0.51413536,-0.55900455,0.24636762
0.82555497,-1.278517,-15.221532,0.13020508,0.8318729,0.2597642,0.47281796
1.1629567,-0.5515514,-14.977017,0.60212255,0.5142623,-0.5588244,0.24636985
0.8258373,-1.2834777,-15.220097,0.13207857,0.83191216,0.2596364,0.4722991
1.1626284,-0.55175716,-14.976972,0.60221916,0.5143405,-0.5586997,0.2462532
0.8260592,-1.2900239,-15.216322,0.13427524,0.83193135,0.25938353,0.47178447
1.1622957,-0.5519656,-14.976926,0.60235476,0.5143493,-0.5585734,0.24618983
0.8245203,-1.3164741,-15.208039,0.14081489,0.83169204,0.25876164,0.47063988
1.1614838,-0.55335706,-14.976813,0.60275555,0.51425695,-0.55830705,0.24600594
0.8253097,-1.3416392,-15.200277,0.14531863,0.830984,0.25865468,0.4705804
1.1604207,-0.5541862,-14.976747,0.6029214,0.5142297,-0.5582106,0.2458753
0.82584834,-1.3626933,-15.19498,0.14844212,0.83028966,0.25905794,0.47060928
1.1592517,-0.55509794,-14.976673,0.6030017,0.5142404,-0.5581402,0.24581549
0.8261916,-1.3844147,-15.191604,0.15059702,0.82960826,0.25979072,0.47072223
1.1579616,-0.55610406,-14.977395,0.6030789,0.51420945,-0.55812186,0.2457326
0.8288544,-1.418596,-15.181554,0.15250553,0.82813877,0.26236054,0.47126973
1.1552157,-0.5582458,-14.978935,0.60299975,0.51422125,-0.5582097,0.2457028
0.8277885,-1.42979,-15.1796255,0.152452,0.8276445,0.2637431,0.47138372
1.1538569,-0.55930555,-14.979696,0.6029277,0.5142532,-0.5582634,0.24569044
0.8272209,-1.445278,-15.178597,0.15252858,0.827093,0.2646752,0.47180423
1.1525046,-0.5616585,-14.980454,0.60282344,0.5142885,-0.55832416,0.2457344
0.8269261,-1.4631296,-15.178063,0.1526238,0.8267542,0.26523703,0.47205177
1.1512678,-0.5624377,-14.981148,0.60270417,0.5143428,-0.55840933,0.24571994
0.8267775,-1.4822158,-15.177795,0.15244353,0.8264734,0.26560187,0.47239643
1.1501144,-0.5646577,-14.981794,0.6026043,0.5143861,-0.55845606,0.24576803
0.8066465,-1.6934695,-15.177594,0.1497009,0.82611674,0.26294366,0.4753751
1.14829,-0.56692076,-14.980021,0.6023636,0.51450336,-0.55863816,0.24569894
0.8137222,-1.8494745,-15.177565,0.14775018,0.8259089,0.25978166,0.47807735
1.1475492,-0.5685548,-14.9793005,0.60223114,0.514519,-0.55879396,0.24563657
0.82286906,-1.9487494,-15.177556,0.14658189,0.82557976,0.2572877,0.4803487
1.1485184,-0.5698961,-14.978709,0.60208017,0.51453936,-0.5589485,0.24561235
0.8255975,-2.0200577,-15.184502,0.14557588,0.8254537,0.2549345,0.48212272
1.1477004,-0.57277334,-14.978183,0.6019915,0.51453537,-0.5590591,0.24558637
0.826371,-2.1042707,-15.186472,0.14494897,0.82529813,0.25298092,0.4836046
1.1487219,-0.5751812,-14.977741,0.60190076,0.51453465,-0.55916333,0.24557294
0.8265759,-2.1772356,-15.186993,0.14423837,0.82508385,0.25113338,0.48514333
1.14785,-0.5754576,-14.977377,0.6018645,0.51451916,-0.55924445,0.24550945
0.8339768,-2.2469885,-15.187124,0.14342658,0.82488334,0.24940991,0.4866119
1.1471297,-0.575686,-14.977076,0.6018142,0.5144955,-0.5593368,0.24547194
0.8282973,-2.3231697,-15.194598,0.14251065,0.8246867,0.2478919,0.48798797
1.1482213,-0.57586575,-14.976837,0.60174435,0.5144765,-0.5594517,0.24542117
0.81902194,-2.553375,-15.204375,0.14028773,0.82409704,0.2448135,0.491172
1.1468079,-0.57788193,-14.977835,0.6017035,0.51442814,-0.5595676,0.24535826
0.80204976,-2.7022405,-15.205986,0.13911738,0.8238629,0.24360165,0.49249828
1.1462495,-0.5794749,-14.979242,0.6017125,0.5144065,-0.5595943,0.24532065
0.7909656,-2.801221,-15.213998,0.13804169,0.8236655,0.2427322,0.49355933
1.1437784,-0.58286285,-14.98049,0.60175544,0.51437277,-0.5595849,0.2453075
0.7810591,-2.8902242,-15.215601,0.13709857,0.82350767,0.24198024,0.494454
1.14569,-0.5835497,-14.9814415,0.60175556,0.51433545,-0.55962545,0.24529296
0.7790778,-2.984922,-15.21592,0.13622296,0.82335615,0.24141034,0.49522623
1.1453199,-0.58410877,-14.982217,0.60176855,0.5143088,-0.5596419,0.24527976
0.7709918,-3.0730689,-15.223674,0.13528502,0.8233942,0.24069586,0.49576753
1.1450206,-0.58456105,-14.982843,0.6017785,0.5142749,-0.5596701,0.24526219
0.75399524,-3.1675954,-15.225225,0.13427497,0.8235732,0.24010946,0.49602914
1.1447797,-0.58492506,-14.983348,0.6017943,0.514243,-0.55968684,0.24525157
0.7499161,-3.3840623,-15.233286,0.1325773,0.82377756,0.23934901,0.49651378
1.144448,-0.5854262,-14.980638,0.60181683,0.5141932,-0.55972594,0.24521187
0.73440063,-3.4835541,-15.234838,0.13172778,0.82401,0.23888382,0.49657816
1.1443365,-0.58382165,-14.979726,0.6018144,0.5141709,-0.5597625,0.24518122
0.7312976,-3.5957289,-15.2351465,0.13089852,0.8242383,0.23844399,0.49662998
1.14425,-0.58426297,-14.979019,0.6018003,0.5141471,-0.55979884,0.24518256
0.72298723,-3.695061,-15.242899,0.12993698,0.8245062,0.23795588,0.49667194
1.1441792,-0.5846248,-14.978441,0.60179687,0.51410866,-0.5598456,0.24516493
0.70594585,-3.807204,-15.244451,0.12903695,0.82482195,0.23737155,0.4966618
1.1441208,-0.5849232,-14.977963,0.60179466,0.5140705,-0.5598867,0.24515638
0.7102272,-3.9219089,-15.25245,0.12815474,0.8250878,0.23675054,0.4967451
1.1440725,-0.58516943,-14.97757,0.60178345,0.5140308,-0.55993426,0.24515861
0.6880143,-4.2370586,-15.261739,0.1271183,0.82542634,0.23596337,0.4968236
1.145622,-0.58536273,-14.977261,0.601747,0.51393783,-0.56004596,0.24518795
0.69126153,-4.392365,-15.271286,0.1262418,0.8256231,0.23519468,0.4970846
1.1468511,-0.58551604,-14.9770155,0.6017392,0.51381963,-0.5601555,0.24520446
0.6765315,-4.5233927,-15.273195,0.1254367,0.8259279,0.23440345,0.49715567
1.1478354,-0.5856389,-14.976819,0.6017106,0.513652,-0.56031996,0.24525005
0.67358553,-4.6418743,-15.281268,0.124570094,0.8262876,0.23357518,0.4971657
1.1486311,-0.5857381,-14.9753,0.6016783,0.5134365,-0.56053025,0.24529992
0.6653066,-4.765537,-15.290572,0.12373385,0.82663685,0.23272093,0.49719462
1.14928,-0.58581907,-14.974061,0.60167736,0.513149,-0.56076926,0.24535733
0.6540921,-5.222763,-15.315873,0.121448934,0.82772315,0.23019534,0.49712655
1.1515573,-0.5870871,-14.974467,0.6016677,0.5123458,-0.5613966,0.24562517
0.63833886,-5.489201,-15.335941,0.11974757,0.82836634,0.22836068,0.49731398
1.1529912,-0.5881914,-14.973423,0.6015327,0.5118009,-0.56192017,0.24589434
0.62749845,-5.642455,-15.339954,0.118205555,0.82901615,0.22673912,0.49734202
1.1542643,-0.58917195,-14.972496,0.6013956,0.5112639,-0.5624255,0.24619132
0.6176407,-5.773072,-15.356137,0.116649576,0.8296166,0.22508818,0.49745798
1.1541581,-0.5900626,-14.971653,0.6012296,0.5107482,-0.56293356,0.24650572
0.63104856,-5.906851,-15.359373,0.11531809,0.82995254,0.223587,0.4978849
1.1553435,-0.59084624,-14.970913,0.6010435,0.5101741,-0.5634463,0.24697648
0.61835074,-6.033573,-15.367711,0.11408425,0.8303269,0.22192016,0.49829057
1.1563871,-0.59153605,-14.970261,0.60084957,0.509678,-0.56392676,0.24737582
0.60812145,-6.1665735,-15.377067,0.11279856,0.830725,0.22031291,0.4986329
1.1573043,-0.59214234,-14.9696865,0.6007019,0.50920224,-0.5643491,0.24775079
0.6060756,-6.3008294,-15.386628,0.11167044,0.8311598,0.21865737,0.4988909
1.1581081,-0.5926737,-14.969185,0.6005218,0.5086647,-0.5648129,0.24823423
0.6133561,-6.4353366,-15.396231,0.110499896,0.8314213,0.2168701,0.4994955
1.1588103,-0.59313786,-14.968746,0.60037917,0.508207,-0.5651903,0.24865748
0.61481225,-6.569894,-15.41353,0.10940194,0.83165234,0.21519096,0.50007844
1.1594214,-0.59354186,-14.968363,0.6002845,0.50779635,-0.5654837,0.24905765
0.62279314,-6.7121506,-15.424679,0.10842338,0.8317465,0.21337058,0.50091434
1.1613103,-0.59388524,-14.968039,0.6002363,0.5074348,-0.5656573,0.24951607
0.6062533,-6.9831347,-15.442736,0.106474444,0.8326294,0.20956914,0.5014702
1.1617839,-0.59444225,-14.967511,0.60049057,0.5067114,-0.56579846,0.2500534
0.61328137,-7.6983514,-15.5019,0.10322558,0.83434904,0.20277698,0.5020834
1.1635461,-0.59485424,-14.967122,0.60079634,0.505942,-0.5658682,0.2507182
0.59941787,-8.02978,-15.526941,0.10082458,0.8355977,0.19796693,0.50241417
1.1649863,-0.5965429,-14.966959,0.60085005,0.5055508,-0.566022,0.2510315
0.5966452,-8.211411,-15.5396385,0.09901724,0.8364231,0.1945356,0.5027404
1.16467,-0.5980297,-14.966814,0.600978,0.505243,-0.56607217,0.25123155
0.5884009,-8.347703,-15.557557,0.09767802,0.83720964,0.19128825,0.50293934
1.1643962,-0.5993173,-14.96669,0.60112303,0.5049511,-0.56609917,0.25141045
0.5713727,-8.474928,-15.5688305,0.09659021,0.83778524,0.18849918,0.5032439
1.1641623,-0.60041714,-14.966583,0.6011635,0.5047421,-0.5662257,0.25144857
0.5756567,-8.608029,-15.578774,0.095851324,0.8382373,0.18597151,0.5035727
1.1657007,-0.6013468,-14.966493,0.60112065,0.50459355,-0.5663349,0.25160307
0.5765135,-8.742305,-15.596144,0.095364675,0.838519,0.18356328,0.5040794
1.1669893,-0.60212547,-14.966418,0.60107154,0.5044327,-0.56648564,0.2517036
0.5689952,-8.876816,-15.6073065,0.09476751,0.8389407,0.18128182,0.504316
1.1663015,-0.6010426,-14.966359,0.60109216,0.504338,-0.56654537,0.25170967
0.56749153,-9.011374,-15.617229,0.09432049,0.8392777,0.17874578,0.5047442
1.1673642,-0.60019433,-14.966313,0.60107094,0.50425464,-0.566689,0.2516042
0.54713744,-9.27282,-15.638066,0.0939085,0.84046173,0.17404285,0.5044943
1.1661402,-0.5989858,-14.966248,0.6012402,0.50417024,-0.5667091,0.25132316
0.57080966,-9.398163,-15.646451,0.09390872,0.84081936,0.17195784,0.50461316
1.1670746,-0.59855235,-14.966225,0.6011146,0.5040047,-0.56700057,0.2512985
0.5755441,-9.500129,-15.663507,0.09338826,0.84136194,0.16990255,0.5045017
1.1665307,-0.5981994,-14.966206,0.6010598,0.503958,-0.5671754,0.25112873
0.576491,-9.597419,-15.682297,0.09323494,0.84199107,0.16770186,0.5042166
1.1660842,-0.5979096,-14.96619,0.60122454,0.5037846,-0.56721896,0.25098354
0.5766804,-9.701464,-15.693745,0.09328265,0.84283245,0.1655167,0.50352377
1.1669087,-0.5988667,-14.966177,0.60114586,0.5035599,-0.5674652,0.2510665
0.56902856,-9.806859,-15.6960335,0.09359748,0.84352034,0.16389997,0.5028417
1.1664525,-0.5985205,-14.9661665,0.6010369,0.5033827,-0.56775135,0.2510357
0.5674982,-9.897146,-15.704183,0.09355338,0.8443315,0.1619244,0.5021281
1.1672281,-0.59939784,-14.966156,0.6009123,0.5032189,-0.56801814,0.25105923
0.56719214,-9.96903,-15.713501,0.09326861,0.8449456,0.15986873,0.5018067
1.1667359,-0.59899014,-14.966148,0.6008709,0.50302964,-0.568271,0.25096488
0.5563531,-10.11547,-15.723428,0.09222597,0.8457094,0.1565795,0.50174975
1.1671042,-0.6005046,-14.964921,0.60054415,0.5024563,-0.56908435,0.25105283
0.541894,-10.16649,-15.73273,0.091272704,0.84593284,0.1551388,0.50199485
1.1678457,-0.6011774,-14.963798,0.6003108,0.50211406,-0.56958044,0.25117067
0.5466919,-10.215142,-15.74228,0.090460315,0.84596676,0.15383494,0.5024859
1.1685185,-0.60178804,-14.962778,0.6001108,0.50165415,-0.57012314,0.25133577
0.5553412,-10.255631,-15.74419,0.0893541,0.8457008,0.15328185,0.50329983
1.1705261,-0.60233843,-14.96186,0.5996346,0.50115716,-0.57100147,0.25147003
0.52631223,-10.2867985,-15.744573,0.08797307,0.8459608,0.15237392,0.5033819
1.1723168,-0.60282934,-14.96104,0.5991788,0.50066596,-0.57178926,0.2517448
0.5205064,-10.308411,-15.752338,0.086719975,0.84604305,0.1516675,0.50367427
1.1754436,-0.60326594,-14.960311,0.59865636,0.5001301,-0.5726685,0.25205415
0.527035,-10.366562,-15.7462015,0.0850252,0.84540313,0.15170746,0.50502396
1.1798644,-0.60365564,-14.95966,0.5978947,0.4989053,-0.5743076,0.25255913
0.52834064,-10.393572,-15.744974,0.08423965,0.8448256,0.15178779,0.50609684
1.1837544,-0.60399854,-14.959087,0.59731317,0.4978408,-0.57561594,0.2530569
0.5286018,-10.398973,-15.7524185,0.083457,0.8442352,0.15165474,0.50725025
1.1852642,-0.6042886,-14.958602,0.59691936,0.49694604,-0.5766579,0.25337264
0.5209643,-10.392364,-15.761597,0.08294878,0.8438833,0.15105926,0.508096
1.1865312,-0.604532,-14.956363,0.596765,0.49609828,-0.57743037,0.25363788
0.53481627,-10.406422,-15.755743,0.08305703,0.8431645,0.1514911,0.5091421
1.1896123,-0.60672045,-14.956385,0.59684,0.49526188,-0.5779439,0.2539261
0.5289131,-10.402106,-15.754338,0.08243806,0.8423634,0.15086488,0.5107521
1.1940908,-0.6062854,-14.956418,0.59690917,0.4933766,-0.57914865,0.25468788
0.536406,-10.39299,-15.754292,0.08053154,0.8421029,0.14933771,0.5119333
1.1957339,-0.6082528,-14.9564295,0.5972485,0.49224946,-0.5794587,0.25536713
0.53790456,-10.383478,-15.761972,0.078930974,0.84199125,0.14779127,0.5128142
1.1970097,-0.6097804,-14.95856,0.5975399,0.4913222,-0.57967764,0.25597376
0.5151352,-10.373886,-15.763508,0.077299684,0.8423901,0.14592111,0.51294315
1.1959395,-0.6109113,-14.960137,0.59789824,0.49068975,-0.57971287,0.25627014
0.5336504,-10.364278,-15.763816,0.07554598,0.8423433,0.14455564,0.5136676
1.1951314,-0.6117655,-14.9613285,0.59846294,0.4900304,-0.5796441,0.2563689
0.52966374,-10.362355,-15.763876,0.07433985,0.84254307,0.14304231,0.5139395
1.194486,-0.61436945,-14.962279,0.59883976,0.4895561,-0.57951444,0.2566883
0.5288664,-10.35428,-15.763888,0.07337455,0.84254646,0.14199463,0.514363
1.1939863,-0.6145256,-14.9630165,0.59903175,0.48915848,-0.5796116,0.25677896
0.54408634,-10.352666,-15.76389,0.0727377,0.84226537,0.14097723,0.51519287
1.1955225,-0.6166193,-14.963642,0.59925616,0.48862848,-0.5797005,0.25706372
0.531751,-10.352344,-15.756202,0.07220998,0.84226555,0.14035225,0.5154375
1.1947883,-0.6182768,-14.964137,0.5996317,0.48829526,-0.5795608,0.2571358
0.55235296,-10.344589,-15.762354,0.07171972,0.8418417,0.13984935,0.5163343
1.1942046,-0.61959463,-14.964531,0.5998559,0.48806888,-0.5793698,0.25747302
0.541094,-10.350728,-15.755895,0.07181762,0.84200346,0.13920803,0.5162302
1.1956476,-0.6187226,-14.964837,0.5998328,0.488029,-0.5794047,0.25752395
0.5234628,-10.336576,-15.762293,0.071323894,0.8422599,0.13845053,0.5160841
1.194915,-0.6199094,-14.965081,0.59996724,0.48793718,-0.57931274,0.25759163
0.5583851,-10.341436,-15.763572,0.07116126,0.8417236,0.13844118,0.51698315
1.1961666,-0.61901206,-14.9634495,0.59982294,0.487926,-0.579437,0.25766927
0.5653695,-10.350098,-15.740759,0.07025789,0.84285533,0.13817264,0.5153321
1.1972193,-0.62014866,-14.962076,0.6003326,0.4877234,-0.5792414,0.2573056
0.55138695,-10.35183,-15.736196,0.06941517,0.84373266,0.13801263,0.5140518
1.1980902,-0.62108904,-14.960941,0.6006574,0.48750728,-0.57918286,0.25708854
0.5410891,-10.329515,-15.742851,0.06836475,0.8445554,0.1374061,0.513003
1.1968783,-0.6218137,-14.960066,0.60095155,0.4874982,-0.5789776,0.25688067
0.5388801,-10.339842,-15.74428,0.06796203,0.8451598,0.13716452,0.512125
1.1959285,-0.62238175,-14.959379,0.60127115,0.48745427,-0.5788208,0.25656947
0.53841096,-10.33453,-15.744582,0.0674491,0.8456255,0.13708632,0.5114446
1.1970229,-0.62285316,-14.95881,0.6012177,0.48739326,-0.57895344,0.25651163

