ICVP Direct Stim Program 4.0.1+v4.0.1 - RelativeLocations
Updated at: 2022-08-22--16-41-55
Subject ID: CKT
Tester ID: kstipp
Direct Stimulation Input from the UI

UserID ; Time ; Electrodes ; Frequency (Hz) ; Cathodic Phase Duration (us) ; Train Length (ms) ; Duty On (ms); Duty Off (ms) ; Inter-train Length (ms) ; Amplitude (uA) ; Sent to Gateway ; Response ; Response Latency (ms) ; Response Duration (ms) ; Comments
kstipp ; 2022-08-22--16-41-55 ; 5603-5602-5606-5607 , 5603-5602-5606-5607-1502-1503-1506-1507 ; 200 ; 200 ; 1000 ; 1000 ; 0 ; 0 ; 40 ; True ;  ;  ;  ; moved left, 1st = 4 pencil points with small space between 1 and 2 about a dime. dont remember what 2 looked like

Position t,Position u,Position v,Orientation w,Orientation x,Orientation y,Orientation z
0.7364774,-1.4934037,-14.956021,0.3845678,0.7962875,0.14622803,0.44345397
0.9051255,-0.10339562,-14.582848,0.20697959,0.80161864,-0.39800757,0.39516705
0.73602784,-1.4938631,-14.95533,0.38486218,0.79634833,0.1463371,0.44305298
0.9050525,-0.10394604,-14.58279,0.20703863,0.8015654,-0.39789054,0.39536205
0.7356153,-1.494285,-14.954696,0.38516963,0.7963976,0.1463869,0.44268054
0.9054223,-0.10402765,-14.582736,0.20704713,0.8014956,-0.39784864,0.39554116
0.7352344,-1.4946743,-14.95411,0.38535103,0.79644775,0.14643396,0.44241697
0.90580493,-0.10411208,-14.58268,0.20701322,0.80141723,-0.39781153,0.395755
0.734881,-1.4950355,-14.953567,0.38552994,0.79647076,0.14644876,0.4422147
0.9061965,-0.104198486,-14.582623,0.20703098,0.80128807,-0.39781296,0.39600578
0.73455215,-1.4953717,-14.953061,0.38563463,0.79650444,0.1464915,0.4420486
0.90657777,-0.10375566,-14.582566,0.2068903,0.8011304,-0.3978897,0.39632094
0.73424554,-1.4956851,-14.952589,0.38572773,0.79650307,0.14647143,0.44197655
0.90696603,-0.10443998,-14.582509,0.20687537,0.8009501,-0.3979237,0.39665893
0.7339593,-1.4959778,-14.952149,0.38582042,0.79651105,0.14644422,0.44189003
0.9080006,-0.103895225,-14.582449,0.20672762,0.80074626,-0.3980509,0.39701977
0.73441017,-1.4962344,-14.951763,0.38589776,0.7964977,0.14640637,0.4418592
0.9083535,-0.10402117,-14.582391,0.2066508,0.8005761,-0.39812157,0.39733198
0.7348072,-1.4964604,-14.951423,0.38589022,0.796501,0.14637983,0.4418687
0.90947425,-0.10490187,-14.58233,0.20667385,0.80029684,-0.3982357,0.39776793
0.7345176,-1.4966654,-14.951115,0.38595468,0.79648757,0.14633724,0.44185066
0.9097572,-0.104226544,-14.582273,0.20650591,0.8001174,-0.39839324,0.3980584
0.7342342,-1.4961841,-14.950812,0.38599375,0.7964781,0.14625168,0.44186196
0.9108334,-0.103555925,-14.582218,0.20634085,0.7999118,-0.3985708,0.39837903
0.7339588,-1.4957163,-14.95052,0.38599208,0.7964776,0.14624144,0.4418676
0.9119086,-0.10375216,-14.582163,0.20632042,0.79966694,-0.3986749,0.39877695
0.7337004,-1.4960002,-14.950245,0.3861087,0.7964046,0.1463071,0.44187555
0.9120205,-0.10479523,-14.582112,0.20632474,0.799433,-0.3987582,0.39916041
0.73345816,-1.4962662,-14.949986,0.3861796,0.796312,0.14634123,0.44196928
0.91303325,-0.10397761,-14.582064,0.2060603,0.7992788,-0.39891985,0.39944413
0.73322624,-1.4957619,-14.94974,0.38618124,0.79626405,0.14636464,0.4420465
0.9140115,-0.104154125,-14.582017,0.2059652,0.7991437,-0.39889756,0.39978567
0.733011,-1.4960587,-14.949512,0.38621855,0.79615295,0.14641052,0.4421988
0.913928,-0.105242506,-14.5829115,0.20605054,0.7990001,-0.39884913,0.40007693
0.73354954,-1.4963183,-14.949311,0.386275,0.7959998,0.14644788,0.4424127
0.914839,-0.107275315,-14.583767,0.20617695,0.79884374,-0.39867365,0.40049857
0.73402256,-1.4958559,-14.949825,0.38623962,0.79585844,0.14651093,0.4426769
0.9146687,-0.108090214,-14.584518,0.20628832,0.7987436,-0.39852703,0.40078676
0.7344396,-1.496104,-14.950279,0.38618812,0.79552716,0.1467217,0.4432473
0.9136012,-0.107864134,-14.58516,0.20615904,0.79889697,-0.39806846,0.4010033
0.73480874,-1.4963237,-14.95068,0.38606787,0.79526633,0.14687806,0.44376782
0.9135603,-0.106794,-14.585712,0.20589061,0.7990086,-0.39771688,0.40126774
0.7351367,-1.4959269,-14.951036,0.3859325,0.79503435,0.14698431,0.44426566
0.9135249,-0.10587002,-14.586188,0.20567583,0.79914266,-0.39733005,0.4014939
0.7359915,-1.4961355,-14.951355,0.38578206,0.7947926,0.14713001,0.44478056
0.9134943,-0.10506823,-14.586601,0.20550743,0.7992658,-0.3969312,0.40172935
0.73622173,-1.4963219,-14.951639,0.3856455,0.79456645,0.14727557,0.4452547
0.9134676,-0.10436918,-14.586962,0.20538852,0.79937625,-0.39661074,0.401887
0.73693585,-1.4959818,-14.951895,0.3854546,0.79436237,0.14738171,0.44574875
0.9134442,-0.10447044,-14.587277,0.2053327,0.79945624,-0.39631566,0.4020475
0.73757845,-1.496158,-14.952125,0.3852881,0.7941674,0.14749254,0.44620323
0.9134236,-0.105237305,-14.586877,0.20531128,0.7994759,-0.39607418,0.40225735
0.7386164,-1.4963168,-14.9523325,0.3851603,0.7939469,0.14761749,0.44666433
0.9134054,-0.10591445,-14.586524,0.20528848,0.7995015,-0.39586872,0.40242028
0.7395554,-1.4964606,-14.952085,0.385024,0.79376125,0.14772315,0.44707653
0.9127776,-0.10712636,-14.586822,0.20536348,0.799526,-0.39558217,0.40261504
0.73999375,-1.496591,-14.95186,0.38489062,0.79362124,0.14785646,0.44739592
0.9134563,-0.10833817,-14.586468,0.20532654,0.7993597,-0.39553964,0.4030057
0.7407849,-1.4967095,-14.951656,0.3847933,0.79345644,0.14796402,0.44773623
0.9134357,-0.108813904,-14.586137,0.20514911,0.7993233,-0.39557496,0.4031334
0.74113274,-1.4964445,-14.951843,0.3847579,0.7933369,0.14800763,0.44796395
0.91341746,-0.10799528,-14.585845,0.20497529,0.79903114,-0.39595267,0.4034301
0.7414503,-1.4965568,-14.952014,0.38476634,0.793219,0.14804815,0.44815212
0.9134011,-0.10785669,-14.586173,0.20496598,0.79876804,-0.39619458,0.40371844
0.7420777,-1.4966596,-14.95217,0.38479385,0.793111,0.14805628,0.44831687
0.9139958,-0.10772184,-14.5864935,0.20477603,0.79852605,-0.39645073,0.40404186
0.7426528,-1.4967539,-14.952313,0.38481975,0.7930105,0.14806333,0.44847023
0.913365,-0.10818181,-14.586779,0.20489909,0.7983482,-0.396539,0.40424433
0.7430833,-1.4969201,-14.952566,0.38486174,0.79288644,0.14802939,0.44866455
0.91334057,-0.10900373,-14.587287,0.20501529,0.7979629,-0.39679423,0.4046954
0.7435476,-1.4969934,-14.952677,0.38490328,0.7928435,0.14796422,0.44872627
0.9133285,-0.11002131,-14.587537,0.20508693,0.79766285,-0.39701048,0.40503842
0.74371564,-1.4970611,-14.952781,0.38492846,0.79282206,0.14789641,0.44876498
0.91331655,-0.11103968,-14.587788,0.20511307,0.7974385,-0.3972184,0.40526295
0.743871,-1.4968762,-14.952875,0.38495985,0.7928097,0.14781916,0.4487852
0.9140197,-0.111360155,-14.588042,0.20509763,0.79712754,-0.39757726,0.40553054
0.7442498,-1.4969401,-14.952964,0.38501453,0.7927818,0.1477548,0.44880894
0.9139542,-0.11166092,-14.588282,0.20504254,0.7969529,-0.3977761,0.40570673
0.7443941,-1.4970073,-14.953056,0.38508102,0.79276127,0.147699,0.44880655
0.91462624,-0.111208774,-14.588506,0.20483679,0.796768,-0.39810422,0.40585193
0.7445465,-1.497078,-14.953154,0.3851228,0.79276043,0.14764956,0.44878826
0.91521597,-0.11011544,-14.588701,0.20464551,0.7966611,-0.39832926,0.40593746
0.7444272,-1.4971431,-14.953244,0.38515502,0.7927729,0.1475891,0.4487586
0.9157738,-0.109791584,-14.588887,0.20464133,0.7964607,-0.39858812,0.40607858
0.7445784,-1.4972099,-14.953336,0.38516742,0.7927886,0.14753388,0.44873825
0.91558975,-0.10883178,-14.58905,0.20471692,0.7963931,-0.39877754,0.40598714
0.744738,-1.4972802,-14.953433,0.38520023,0.792802,0.14747585,0.44870567
0.9160683,-0.10798399,-14.588552,0.20453557,0.79622936,-0.39907902,0.40610352
0.744905,-1.4970335,-14.953534,0.3852109,0.7928284,0.14741245,0.44867066
0.91649264,-0.10784139,-14.588112,0.20458125,0.7960335,-0.39928833,0.40625855
0.74507004,-1.4971172,-14.953306,0.3852344,0.7928558,0.14735718,0.44862026
0.91691446,-0.10834611,-14.588321,0.20469429,0.7957324,-0.3996082,0.40647703
0.74491024,-1.497194,-14.953097,0.38524777,0.79289585,0.1473036,0.4485556
0.9181147,-0.10888946,-14.588545,0.20475744,0.79541427,-0.39992914,0.40675205
0.7450603,-1.4972653,-14.952904,0.38526437,0.79293346,0.14724459,0.44849417
0.9193633,-0.10945467,-14.588778,0.20479287,0.7951097,-0.400223,0.4070407
0.7452162,-1.4970196,-14.953022,0.38527048,0.7929763,0.14718346,0.44843322
0.9206433,-0.11097963,-14.589017,0.20502383,0.79485434,-0.40039408,0.4072548
0.74505556,-1.4967941,-14.953132,0.38528094,0.79301924,0.14713016,0.44836593
0.92189574,-0.11144567,-14.5892515,0.20497781,0.7946989,-0.40062395,0.40735516
0.7453665,-1.4966358,-14.953353,0.3853019,0.7930883,0.147035,0.44825682
0.92206514,-0.11033159,-14.589634,0.20496026,0.7946001,-0.40094388,0.40724188
0.7455329,-1.4963791,-14.953471,0.38530755,0.7931221,0.14699127,0.4482065
0.92213273,-0.10895948,-14.589787,0.20483708,0.7945833,-0.40117413,0.40711007
0.7457008,-1.4965032,-14.953591,0.38533044,0.79315436,0.14693974,0.44814655
0.9221917,-0.1086583,-14.589919,0.20493525,0.79461354,-0.4011568,0.4070186
0.7449518,-1.496374,-14.9538,0.3853713,0.7932818,0.14679709,0.44793266
0.9222945,-0.10985843,-14.590151,0.20524177,0.7944605,-0.40125868,0.4070626
0.7447873,-1.4961522,-14.953892,0.38537297,0.79338205,0.14669311,0.4477876
0.92233664,-0.10862547,-14.590245,0.20518294,0.7945356,-0.40128383,0.40692088
0.74463624,-1.4959486,-14.953975,0.38538718,0.79349536,0.14655861,0.44761872
0.92155355,-0.109198466,-14.590328,0.20534018,0.79462504,-0.4011943,0.40675506
0.7442011,-1.4960579,-14.954052,0.38541222,0.7936323,0.14641081,0.4474027
0.92165166,-0.10969639,-14.5904,0.2055184,0.79465127,-0.4011239,0.40668318
0.74436355,-1.4958768,-14.954123,0.3853818,0.7937566,0.1461884,0.44728103
0.92173934,-0.10938403,-14.590464,0.20541614,0.7946861,-0.40107197,0.40671813
0.7442458,-1.4957099,-14.954188,0.38532418,0.7939156,0.1459513,0.4471258
0.92182136,-0.10986074,-14.590524,0.20551859,0.79469323,-0.400952,0.40677068
0.74439377,-1.4952947,-14.954249,0.3852343,0.79405963,0.14567257,0.4470385
0.9227467,-0.11034161,-14.590584,0.20539378,0.7946203,-0.4009988,0.40692997
0.74426556,-1.4948425,-14.954316,0.38511753,0.7942174,0.14540215,0.4469469
0.92356145,-0.1091385,-14.589824,0.2051058,0.7945798,-0.40107948,0.40707472
0.7444508,-1.4946748,-14.954389,0.38507882,0.79432034,0.14516158,0.44687548
0.9234974,-0.10886482,-14.589163,0.20502661,0.79452425,-0.40111047,0.40719247
0.7446498,-1.4944946,-14.954468,0.3850297,0.79441255,0.14490753,0.44683632
0.92344075,-0.10862308,-14.589321,0.20494315,0.79448825,-0.40109554,0.40731958
0.74483186,-1.494673,-14.954197,0.38501704,0.7944731,0.14466989,0.44681656
0.92417186,-0.10917309,-14.58869,0.20489609,0.79438126,-0.4011105,0.40753713
0.7450188,-1.4944907,-14.954284,0.38494062,0.79454666,0.1444401,0.44682592
0.9248966,-0.10971831,-14.588913,0.20492284,0.7942811,-0.40106487,0.40776363
0.7452168,-1.4942975,-14.954375,0.3848774,0.7946097,0.14424737,0.44683057
0.9255716,-0.109358676,-14.588252,0.20483895,0.7942378,-0.40110242,0.40785316
0.74542385,-1.4940956,-14.954472,0.3848168,0.7946605,0.1440582,0.44685328
0.9261766,-0.108181745,-14.587661,0.20465863,0.7942399,-0.4011629,0.40788028
0.74580824,-1.494573,-14.95422,0.38473654,0.7946697,0.14411397,0.44688806
0.92725027,-0.10698219,-14.587501,0.20451258,0.7943835,-0.4010712,0.40776393
0.7459792,-1.4943693,-14.954317,0.3846194,0.7946695,0.14427017,0.446939
0.92772996,-0.10596592,-14.587848,0.2044206,0.79453075,-0.40098974,0.40760326
0.745735,-1.4941816,-14.954408,0.38446593,0.7946996,0.14440213,0.44697502
0.9272886,-0.1050908,-14.588146,0.20443337,0.79469234,-0.40087712,0.4073927
0.74591726,-1.4939861,-14.954502,0.3843112,0.7947192,0.14450853,0.44703874
0.9269065,-0.10514507,-14.588406,0.20439878,0.79485756,-0.40066105,0.4073001
0.74610513,-1.4937847,-14.954597,0.38417605,0.79472226,0.14461972,0.44711354
0.92657423,-0.10519227,-14.588632,0.2044511,0.79496473,-0.4005288,0.4071947
0.7458232,-1.4936004,-14.954686,0.38399544,0.7947563,0.1447185,0.44717622
0.92628384,-0.10450092,-14.588828,0.20438793,0.7951083,-0.4003874,0.4070852
0.74603814,-1.4928697,-14.954783,0.3838235,0.7947803,0.14479624,0.44725603
0.926029,-0.103894204,-14.589001,0.20424719,0.7952528,-0.40022448,0.40703377
0.7462699,-1.4920822,-14.954889,0.383627,0.7947904,0.1448979,0.44737372
0.92580444,-0.10335956,-14.589153,0.20417276,0.79538393,-0.40008578,0.40695116
0.7471678,-1.4919311,-14.954998,0.38345787,0.7947696,0.14501934,0.44751635
0.92625165,-0.10286703,-14.589293,0.20406492,0.79544795,-0.40001038,0.40695432
0.7473511,-1.4917853,-14.955102,0.38330737,0.794745,0.1451304,0.44765276
0.9260262,-0.10367367,-14.589417,0.20407185,0.79552656,-0.39982447,0.40697995
0.747538,-1.4908867,-14.955209,0.38313076,0.79472345,0.14525345,0.44780236
0.9264186,-0.10439491,-14.589529,0.20406495,0.795531,-0.39972925,0.40706834
0.74852294,-1.4908028,-14.955315,0.38299215,0.79466605,0.1453722,0.4479842
0.92679995,-0.105095774,-14.589637,0.20401707,0.7955544,-0.399643,0.40713122
0.7494832,-1.490721,-14.955417,0.3828388,0.7946113,0.14550221,0.44817027
0.92655456,-0.105718985,-14.5891485,0.20403391,0.7955466,-0.3995887,0.4071912
0.7503345,-1.491477,-14.955508,0.38273305,0.7945309,0.14562362,0.44836348
0.9263357,-0.10627503,-14.588712,0.20399816,0.79557663,-0.39950898,0.40722862
0.75223356,-1.4903349,-14.955606,0.38258365,0.79446036,0.14573377,0.44858032
0.9261397,-0.10677276,-14.588322,0.20395511,0.79559237,-0.39946166,0.407266
0.75392526,-1.4912604,-14.954723,0.3824901,0.7943855,0.14585848,0.44875202
0.9264649,-0.10671858,-14.587971,0.20378245,0.79556704,-0.39950728,0.40735716
0.7545161,-1.490065,-14.954913,0.38235646,0.79434234,0.14594592,0.4489139
0.92628163,-0.10666979,-14.587655,0.2036758,0.795584,-0.3995138,0.40737095
0.7550575,-1.4900442,-14.955089,0.38224483,0.7942949,0.14603361,0.44906443
0.9261161,-0.106625736,-14.58737,0.20357344,0.795596,-0.39950353,0.40740868
0.75679904,-1.4888206,-14.955262,0.38212913,0.7942506,0.14611514,0.44921467
0.9264046,-0.106584616,-14.587104,0.20342408,0.7955711,-0.39954162,0.40749452
0.75840247,-1.4889601,-14.955421,0.38202378,0.7942027,0.14620312,0.44936037
0.9262453,-0.10612654,-14.586863,0.2033035,0.7955587,-0.39961436,0.40750757
0.75985813,-1.4890869,-14.955565,0.3819147,0.7941605,0.14628129,0.44950223
0.9265216,-0.106108814,-14.586626,0.20320043,0.7955052,-0.39968762,0.40759164
0.7612033,-1.4877849,-14.9557,0.38180915,0.79411465,0.14632165,0.4496596
0.9263608,-0.10568127,-14.586411,0.20308997,0.79538363,-0.3999534,0.40762323
0.76241636,-1.4866109,-14.95582,0.38168997,0.7940763,0.14633891,0.4498228
0.92663014,-0.10525322,-14.586195,0.20294951,0.7952192,-0.4002598,0.4077133
0.7619626,-1.4870958,-14.955916,0.38160607,0.7940157,0.14639254,0.44998357
0.9264657,-0.104864776,-14.5859995,0.20285785,0.79509044,-0.40054417,0.40773082
0.7630573,-1.4860291,-14.957505,0.38150525,0.79393315,0.14643233,0.45020172
0.9267291,-0.10447509,-14.586232,0.20275073,0.7948492,-0.4009235,0.40788147
0.76398057,-1.4866304,-14.957345,0.38142884,0.79385054,0.14648117,0.45039627
0.92656124,-0.10452837,-14.586443,0.20279075,0.79467547,-0.40116075,0.40796682
0.7632949,-1.4871124,-14.957215,0.3813601,0.7937451,0.14658763,0.4506055
0.9267952,-0.10496347,-14.586636,0.20291008,0.79444146,-0.40142003,0.4081082
0.76273525,-1.4861393,-14.958477,0.38121706,0.7936683,0.1466457,0.45084277
0.9270169,-0.105757855,-14.586818,0.20305201,0.7941581,-0.40168256,0.40833086
0.76226145,-1.4853154,-14.959544,0.38110435,0.79356027,0.14668718,0.45111462
0.9272423,-0.106160946,-14.587002,0.20317258,0.79392004,-0.40191138,0.4085086
0.7605932,-1.4859239,-14.960417,0.38098952,0.79342806,0.1467464,0.45142496
0.9279658,-0.1056684,-14.587208,0.20312743,0.79357606,-0.40228212,0.40883425
0.7616777,-1.4851916,-14.96115,0.38081297,0.7932868,0.14677319,0.45181334
0.92818785,-0.10518783,-14.58741,0.20316838,0.7933622,-0.40246347,0.40905043
0.76270795,-1.4831381,-14.961846,0.3806253,0.7931656,0.14670597,0.4522058
0.92899656,-0.10465655,-14.587633,0.203217,0.7931302,-0.4025738,0.40936744
0.7636322,-1.4827145,-14.962472,0.38045722,0.79302424,0.14667454,0.45260528
0.9298634,-0.1047284,-14.5878725,0.20338129,0.7928832,-0.40269428,0.40964583
0.76588583,-1.4837947,-14.9630165,0.38031918,0.7928359,0.14666249,0.45305493
0.9307535,-0.105507776,-14.588118,0.20357047,0.7926096,-0.40269658,0.41007894
0.7680218,-1.4840332,-14.963898,0.37999138,0.7925489,0.1464991,0.4538842
0.93171215,-0.10775457,-14.588588,0.20398903,0.792304,-0.40249547,0.4106585
0.7698108,-1.481767,-14.964269,0.37967813,0.7925027,0.14626229,0.4543032
0.9325821,-0.10758347,-14.58881,0.2039004,0.7922326,-0.4024497,0.410885
0.7696688,-1.4815137,-14.964576,0.37941372,0.79245657,0.14610608,0.45465466
0.9334372,-0.10741528,-14.589027,0.20384057,0.7921865,-0.4023325,0.41111833
0.7694533,-1.4811294,-14.965041,0.37868062,0.79232967,0.14570147,0.45561597
0.9332651,-0.10717979,-14.589382,0.20379284,0.7924076,-0.40167603,0.4113577
0.76936984,-1.4793195,-14.966884,0.3781301,0.79229134,0.1454345,0.4562247
0.93319255,-0.107061766,-14.589531,0.20372897,0.7927079,-0.40111122,0.41136172
0.7692991,-1.4777845,-14.968446,0.3775878,0.7922348,0.14520872,0.45684358
0.9331271,-0.10695514,-14.589666,0.2037073,0.79301244,-0.40059024,0.41129318
0.76923954,-1.4764935,-14.969758,0.37711784,0.7921704,0.14507507,0.45738557
0.93306774,-0.10685855,-14.589788,0.20373993,0.79323393,-0.4001629,0.411266
0.76918983,-1.4754157,-14.970856,0.3766328,0.79215455,0.1448555,0.45788202
0.9322939,-0.10677405,-14.589895,0.20372427,0.79346734,-0.39972842,0.41124597
0.7691479,-1.4726698,-14.97178,0.37612155,0.79215604,0.14462185,0.45837322
0.9316139,-0.10601393,-14.589989,0.20365618,0.79368824,-0.39938742,0.41118485
0.77107453,-1.4702957,-14.97258,0.37571952,0.79209936,0.14441568,0.4588657
0.93101406,-0.105994925,-14.590072,0.20367204,0.7938778,-0.39902863,0.41115934
0.77263683,-1.4703707,-14.973229,0.37542903,0.79196846,0.14426275,0.45937714
0.93048286,-0.10535909,-14.590146,0.20356432,0.7940452,-0.39873067,0.4111784
0.77389306,-1.470431,-14.973751,0.3751688,0.7918484,0.14409117,0.45985022
0.9300107,-0.10479396,-14.590212,0.20346443,0.7942207,-0.3984606,0.41115075
0.7748962,-1.470479,-14.974168,0.37497756,0.79178375,0.14396861,0.4601559
0.9295895,-0.104848556,-14.59027,0.20340683,0.7943436,-0.39822593,0.41116914
0.7756926,-1.4705172,-14.974499,0.37475583,0.7916935,0.14387769,0.4605201
0.92974335,-0.10542811,-14.590322,0.20342074,0.79439855,-0.39796865,0.4113052
0.7763341,-1.4684141,-14.974765,0.3744379,0.7916697,0.14370911,0.46087202
0.9293773,-0.10594829,-14.590872,0.20350847,0.7944563,-0.39770806,0.41140234
0.77680826,-1.470914,-14.974962,0.37442267,0.7915375,0.14351068,0.46117315
0.9290478,-0.1068955,-14.591369,0.20363538,0.7945178,-0.39745602,0.41146427
0.7771725,-1.470861,-14.975113,0.37418878,0.791503,0.14327863,0.46149436
0.9287504,-0.10775051,-14.591816,0.20375155,0.79458654,-0.39720622,0.4115153
0.7774676,-1.4688063,-14.975235,0.37382808,0.7915321,0.14298762,0.46182692
0.92848116,-0.1076598,-14.591788,0.20378107,0.79465985,-0.39699283,0.4115651
0.7776987,-1.4691899,-14.975331,0.37351328,0.79154557,0.14283721,0.46210498
0.92823696,-0.1075775,-14.591764,0.2037729,0.79476035,-0.39678118,0.41157898
0.7778806,-1.4694915,-14.975407,0.37341964,0.79147583,0.14264949,0.46235803
0.928405,-0.107502654,-14.591742,0.20377818,0.79481506,-0.39654776,0.41169587
0.7780271,-1.4677278,-14.975468,0.3731215,0.79152817,0.14242578,0.46257803
0.92781687,-0.10743444,-14.592092,0.20379105,0.7949537,-0.3962077,0.41174924
0.7781444,-1.466315,-14.975515,0.3729058,0.79154164,0.14221065,0.46279508
0.92763174,-0.10772421,-14.592412,0.20385885,0.795036,-0.39588356,0.41186845
0.7782336,-1.467199,-14.9755535,0.3728374,0.7915553,0.14189702,0.46292317
0.92746234,-0.10798941,-14.592704,0.20387039,0.7951525,-0.39555854,0.41195014
0.77830255,-1.4678823,-14.975581,0.3726895,0.791602,0.14163932,0.4630413
0.92730707,-0.10855034,-14.592973,0.20397505,0.79525363,-0.39515874,0.41208687
0.7783585,-1.466515,-14.975605,0.37239173,0.79169786,0.14146581,0.46317
0.9268285,-0.10878007,-14.593238,0.20399988,0.79544395,-0.39469653,0.41215006
0.7784044,-1.4653937,-14.977593,0.37224796,0.7918188,0.14105317,0.46320462
0.9263892,-0.10837351,-14.593482,0.20388405,0.79562366,-0.39436138,0.41218135
0.7805298,-1.4644493,-14.979269,0.37214813,0.7917612,0.14082628,0.46345228
0.9262679,-0.108285196,-14.593727,0.20385134,0.79574,-0.39404726,0.4122733
0.7801282,-1.4657295,-14.9805155,0.37211263,0.79185194,0.14057721,0.46340138
0.92614174,-0.10819328,-14.593983,0.20377964,0.79581726,-0.39375696,0.412437
0.77982527,-1.4666946,-14.979572,0.37215087,0.79189646,0.14043143,0.46333885
0.9259969,-0.10891211,-14.594276,0.20392916,0.7958642,-0.39339292,0.41261986
0.7814406,-1.4656041,-14.978825,0.37203303,0.79189205,0.14034607,0.46346685
0.9258339,-0.10972128,-14.594605,0.20415743,0.7958499,-0.39311954,0.4127951
0.7809166,-1.4665302,-14.980013,0.37195233,0.791876,0.1403414,0.46356043
0.9256636,-0.11003324,-14.594951,0.20418943,0.79589397,-0.39285046,0.4129505
0.7823268,-1.465467,-14.98104,0.3718487,0.7918994,0.14020954,0.46364355
0.9255002,-0.1097909,-14.595282,0.20406677,0.7959617,-0.39270893,0.41301513
0.7835142,-1.464572,-14.981903,0.3717282,0.79193085,0.14004253,0.4637369
0.92535377,-0.109059006,-14.595578,0.20386797,0.79610926,-0.39257193,0.41295922
0.7825411,-1.4638758,-14.982575,0.3716246,0.7919322,0.14012806,0.46379158
0.9252128,-0.10887796,-14.595863,0.20385441,0.7962016,-0.3922929,0.413053
0.7836008,-1.4651465,-14.981286,0.37159908,0.79187965,0.14008667,0.46391428
0.9244951,-0.109262824,-14.596159,0.20390263,0.7963252,-0.3919316,0.4131339
0.7827072,-1.4661276,-14.980291,0.3715725,0.7919444,0.14008564,0.46382535
0.9243816,-0.11029254,-14.596465,0.20393999,0.7963823,-0.39162552,0.41329566
0.7836355,-1.4652675,-14.979514,0.3715169,0.7919252,0.14009401,0.46390018
0.92358786,-0.1106497,-14.596774,0.20401414,0.79649395,-0.3914096,0.41324836
0.7844013,-1.4629436,-14.978874,0.37137875,0.7920071,0.13999954,0.46389955
0.9235265,-0.1109992,-14.597075,0.20393796,0.7965244,-0.39127702,0.4133529
0.7842455,-1.460806,-14.97793,0.37111542,0.7921819,0.13988277,0.46384707
0.92341906,-0.110256046,-14.597605,0.203826,0.79657745,-0.3912274,0.41335276
0.78489125,-1.4608449,-14.977566,0.37126443,0.7921891,0.13976285,0.46375164
0.92336917,-0.110643946,-14.59785,0.20396712,0.796489,-0.39122805,0.4134531
0.78391117,-1.4608759,-14.977276,0.3713503,0.7922646,0.13966359,0.4635838
0.92331994,-0.111808605,-14.598092,0.20412952,0.796369,-0.39127195,0.4135625
0.78456104,-1.4609014,-14.977036,0.37141988,0.7922848,0.13947484,0.46355036
0.9232718,-0.11294912,-14.598329,0.2042404,0.79620403,-0.39140472,0.41369975
0.7836993,-1.4609219,-14.976844,0.37148634,0.7923086,0.13943279,0.46346906
0.92322654,-0.11316284,-14.598552,0.20424534,0.79604083,-0.3916227,0.413805
0.7829986,-1.4609386,-14.9780035,0.3712641,0.7921582,0.13940184,0.46391332
0.9231829,-0.11427708,-14.598766,0.20441353,0.7958844,-0.39154872,0.41409287
0.78242415,-1.4609523,-14.978953,0.37099403,0.79207015,0.13942209,0.46427357
0.9240232,-0.114374734,-14.598954,0.20437407,0.7957287,-0.391546,0.4144139
0.78313726,-1.4621514,-14.979738,0.37092313,0.79190195,0.13946332,0.46460456
0.92307925,-0.11362442,-14.599116,0.20439786,0.7957486,-0.3913884,0.41451287
0.7838177,-1.4607091,-14.980489,0.370618,0.7919207,0.1393126,0.46486127
0.92209566,-0.11474734,-14.600238,0.2046386,0.7957149,-0.391157,0.41467714
0.7844232,-1.4607555,-14.981154,0.37055779,0.7918482,0.13929714,0.4650374
0.9230634,-0.11480365,-14.600293,0.20457953,0.79567003,-0.3910804,0.41486463
0.78648394,-1.4593197,-14.981794,0.37026143,0.791827,0.13923863,0.46532696
0.9221771,-0.11399258,-14.600341,0.2045484,0.79574436,-0.39092538,0.4148835
0.78675866,-1.458053,-14.982359,0.37015012,0.7918916,0.13913381,0.46533695
0.9213748,-0.114112854,-14.600385,0.2046422,0.7958302,-0.3907563,0.4148318
0.7869861,-1.4585267,-14.982825,0.37011832,0.7918424,0.13913485,0.46544567
0.92151505,-0.116176955,-14.601398,0.20494702,0.79572994,-0.3905417,0.41507566
0.78717554,-1.4589212,-14.983215,0.37006962,0.7918671,0.13905218,0.4654671
0.92163867,-0.116094686,-14.601342,0.20490703,0.7957609,-0.3904625,0.4151106
0.7873339,-1.459251,-14.983541,0.3700074,0.791911,0.13901329,0.46545336
0.92174447,-0.11421714,-14.601294,0.20474443,0.795862,-0.39041775,0.41503912
0.7874718,-1.4579985,-14.983824,0.36986107,0.7920054,0.138837,0.4654617
0.92183554,-0.1143179,-14.601252,0.2047691,0.79588073,-0.3902245,0.41517264
0.787585,-1.4584758,-14.984056,0.36998966,0.7919782,0.13866194,0.4654581
0.9219182,-0.11526441,-14.602068,0.20487458,0.7959676,-0.38988045,0.4152774
0.78624445,-1.4574269,-14.984243,0.36977255,0.79210967,0.13864082,0.46541303
0.9211774,-0.11445893,-14.601962,0.20484333,0.79615825,-0.38954982,0.41523746
0.7865426,-1.4565101,-14.984406,0.36964357,0.79214203,0.13848728,0.46550614
0.92130476,-0.11375841,-14.601871,0.20474735,0.79626787,-0.38933238,0.41527855
0.78678596,-1.4571776,-14.984539,0.36974558,0.7920935,0.13827258,0.46557152
0.92142427,-0.114675134,-14.602572,0.2047905,0.79640317,-0.38890988,0.41539377
0.786987,-1.4577295,-14.984649,0.3697882,0.7920109,0.13830225,0.46566936
0.9199554,-0.114730194,-14.602429,0.20488024,0.79667693,-0.38849494,0.4152129
0.78715485,-1.4581901,-14.98474,0.36977404,0.7920623,0.13823387,0.46561348
0.9201778,-0.11477893,-14.602303,0.20482008,0.7967424,-0.38834777,0.41525474
0.7872962,-1.4585779,-14.9848175,0.3697478,0.7921532,0.13811648,0.46551457
0.91955286,-0.115684316,-14.603026,0.20498191,0.7967755,-0.38805893,0.41538116
0.78741604,-1.4589068,-14.984883,0.36979863,0.79219127,0.13796544,0.46545425
0.91901207,-0.11484345,-14.60284,0.20484103,0.7968856,-0.38792917,0.41536075
0.78752273,-1.4578819,-14.984942,0.36971435,0.7923489,0.13774914,0.46531677
0.9193133,-0.11411213,-14.602678,0.20470536,0.79695326,-0.38786057,0.41536182
0.787612,-1.4583023,-14.984992,0.36976248,0.79241234,0.13758019,0.46522057
0.91881293,-0.114992976,-14.603309,0.20494042,0.79702103,-0.38765898,0.41530406
0.7864715,-1.4586486,-14.985031,0.36980337,0.7925341,0.1373744,0.4650414
0.91832155,-0.11502358,-14.603927,0.2050248,0.7970878,-0.38754845,0.41523758
0.7866981,-1.4564356,-14.986332,0.36972392,0.79261065,0.13719061,0.46502843
0.91789526,-0.11425743,-14.603671,0.20494415,0.7971355,-0.38759512,0.41514218
0.7856843,-1.4558104,-14.986203,0.36967272,0.7926816,0.13708654,0.46497893
0.9182897,-0.11434558,-14.6042185,0.20500745,0.79714286,-0.38758683,0.41510445
0.78601575,-1.4552321,-14.987354,0.3697055,0.79265606,0.13705662,0.4650052
0.9178679,-0.11363846,-14.604729,0.2050622,0.797241,-0.3875111,0.41495967
0.78508323,-1.4547553,-14.987098,0.3697225,0.79277486,0.13701355,0.46480182
0.91744334,-0.11552321,-14.605243,0.2053462,0.7972427,-0.38738924,0.4149298
0.7843085,-1.4555048,-14.986884,0.36981317,0.7927583,0.13703212,0.46475247
0.9170616,-0.11465238,-14.605705,0.2052745,0.79737496,-0.38736427,0.41473433
0.7840853,-1.4566603,-14.986556,0.36997598,0.79265136,0.13720809,0.46475333
0.9155623,-0.114906326,-14.606554,0.20536025,0.7975928,-0.38711953,0.4145014
0.7845051,-1.4571081,-14.986427,0.3700241,0.7925929,0.13730744,0.46478537
0.914302,-0.11596004,-14.606961,0.20560856,0.7976144,-0.38698864,0.414459
0.7848633,-1.4574902,-14.986319,0.3700791,0.7925118,0.13748182,0.46482828
0.9130881,-0.1169749,-14.607352,0.20568362,0.79769814,-0.38685912,0.4143814
0.7842841,-1.4578179,-14.986226,0.37004855,0.7924664,0.13765329,0.4648793
0.913095,-0.115770355,-14.606653,0.20560077,0.79767257,-0.38695368,0.4143835
0.7846267,-1.4581004,-14.986146,0.3701811,0.7922996,0.1378127,0.4650106
0.91310084,-0.116705574,-14.6070385,0.20571941,0.7975374,-0.38705698,0.41448835
0.7849237,-1.4583454,-14.986077,0.37024057,0.79217905,0.13796061,0.46512502
0.91310585,-0.115644515,-14.606438,0.20557827,0.7974713,-0.3871921,0.4145593
0.7851823,-1.4585588,-14.986016,0.37029222,0.7920718,0.13813642,0.4652144
0.9131101,-0.11650258,-14.606806,0.20569627,0.7973599,-0.38725573,0.41465577
0.78540856,-1.4587455,-14.985963,0.37026486,0.7919689,0.1383586,0.46534526
0.91311413,-0.117308125,-14.607152,0.20583299,0.79721534,-0.38733917,0.41478774
0.78560734,-1.4589095,-14.985916,0.37032807,0.7917857,0.1385151,0.46555996
0.9131176,-0.1153905,-14.60658,0.20564069,0.7971356,-0.3875618,0.4148285
0.7851311,-1.4590541,-14.985875,0.37041065,0.79161954,0.13867414,0.4657295
0.91229403,-0.116213135,-14.606912,0.20574158,0.797049,-0.38762593,0.41488498
0.7853284,-1.4591823,-14.985839,0.37051076,0.7913797,0.13885942,0.46600223
0.91314936,-0.11614227,-14.606414,0.20582606,0.79686064,-0.38784412,0.4150009
0.7860918,-1.4598843,-14.9858055,0.37060133,0.791116,0.13911203,0.46630248
0.91314954,-0.11757227,-14.606726,0.20602825,0.79668885,-0.3879647,0.4151176
0.78677267,-1.4605104,-14.985777,0.37087613,0.79078436,0.13933897,0.4665787
0.9131498,-0.116699494,-14.606291,0.20600626,0.79657614,-0.38818792,0.41513628
0.7868512,-1.4610704,-14.98522,0.3711133,0.79051095,0.1395314,0.4667959
0.9138231,-0.11660467,-14.605908,0.20604119,0.7963872,-0.38846052,0.41522637
0.7874258,-1.4620775,-14.98472,0.3717631,0.78980696,0.14034818,0.4672255
0.914418,-0.11524184,-14.605571,0.20599957,0.796114,-0.38903394,0.41523397
0.78746414,-1.4629838,-14.984271,0.3723673,0.7891862,0.14112288,0.46755984
0.91494554,-0.11524839,-14.60527,0.20613399,0.79583037,-0.38946941,0.41530278
0.78875357,-1.4647219,-14.983717,0.37304822,0.7884303,0.14195624,0.4680398
0.915415,-0.11467705,-14.605002,0.2062075,0.79563457,-0.38980657,0.41532513
0.78871405,-1.4664997,-14.9831505,0.37363148,0.7877944,0.14283018,0.4683792
0.91638255,-0.11471518,-14.604764,0.20632231,0.7954267,-0.39008498,0.41540477
0.7895052,-1.468534,-14.982502,0.3743006,0.78705144,0.14366741,0.46883777
0.9167284,-0.11527024,-14.60455,0.2064291,0.7952903,-0.39029577,0.41541502
0.7903576,-1.4707259,-14.980816,0.37480274,0.7864351,0.14442016,0.46923944
0.91703916,-0.114779264,-14.604359,0.20643288,0.7951869,-0.39049914,0.4154201
0.7924849,-1.4731141,-14.978979,0.37529764,0.7858589,0.1449759,0.46963763
0.9173192,-0.115277074,-14.604186,0.20654805,0.7950855,-0.39059556,0.4154662
0.79464424,-1.4755384,-14.977115,0.37578657,0.78527,0.14558601,0.4700429
0.91757214,-0.11438705,-14.60403,0.2065397,0.7950327,-0.39071804,0.41545627
0.79678386,-1.4795504,-14.975267,0.37620723,0.78481567,0.14609843,0.47030595
0.9173771,-0.114853635,-14.603888,0.20662054,0.7949804,-0.39076382,0.41547307
0.79696757,-1.483132,-14.973618,0.37661478,0.7844062,0.14653932,0.47052583
0.917603,-0.11487426,-14.60376,0.20663077,0.79494107,-0.39081153,0.41549838
0.79902154,-1.4863472,-14.9721365,0.37695995,0.7839782,0.14698184,0.47082454
0.91819155,-0.114893034,-14.603642,0.20661491,0.7948673,-0.39091232,0.4155525
0.800786,-1.4891092,-14.970865,0.3772573,0.783546,0.14740615,0.4711731
0.9183646,-0.114910156,-14.603536,0.20661497,0.7948427,-0.39093825,0.415575
0.802251,-1.4914024,-14.969809,0.37751538,0.7831154,0.147844,0.47154495
0.9185228,-0.11458024,-14.603438,0.20656475,0.79482734,-0.39096922,0.41560033
0.8034358,-1.4932572,-14.968955,0.3776684,0.7828647,0.14806972,0.4717679
0.9186677,-0.11493467,-14.60335,0.20658785,0.7947745,-0.39097813,0.4156815
0.8043348,-1.4924947,-14.968307,0.37774283,0.7825477,0.14835705,0.4721437
0.91880065,-0.11463612,-14.603268,0.20653096,0.7947537,-0.39100823,0.41572124
0.80505013,-1.4941177,-14.965563,0.3779272,0.7822159,0.14859408,0.47247136
0.9189228,-0.11495428,-14.603192,0.20654134,0.79471874,-0.39097717,0.41581213
0.80791855,-1.4954045,-14.965688,0.37817863,0.7817663,0.14880747,0.472947
0.9190353,-0.11496573,-14.603123,0.20648123,0.79471457,-0.39095584,0.41586995
0.8099913,-1.4954131,-14.9635725,0.37854037,0.78118736,0.14895558,0.4735671
0.9192349,-0.11447169,-14.602746,0.20626928,0.7947194,-0.3909552,0.41596663
0.81171006,-1.4964089,-14.96184,0.3787476,0.7807704,0.14902543,0.47406667
0.9193235,-0.1142523,-14.602456,0.20613751,0.7947124,-0.39095533,0.4160451
0.8154908,-1.4971895,-14.960481,0.3791336,0.7802024,0.14921913,0.4746321
0.9194055,-0.114049114,-14.602188,0.2060012,0.79471934,-0.39096594,0.4160894
0.81588465,-1.4977783,-14.9594555,0.37969294,0.7796829,0.14925054,0.47502863
0.91948164,-0.11407849,-14.602158,0.20592098,0.79470307,-0.3909833,0.41614377
0.81618005,-1.49822,-14.958687,0.38024223,0.77921003,0.1493866,0.47532237
0.9197592,-0.11410576,-14.601921,0.20587789,0.7946709,-0.3909917,0.4162188
0.816404,-1.5010844,-14.958104,0.38096887,0.77863204,0.14961538,0.47561562
0.91982067,-0.114131115,-14.601899,0.20579907,0.7946692,-0.39101872,0.41623563
0.8213306,-1.5076909,-14.957319,0.38233876,0.7772134,0.15005195,0.476698
0.91993725,-0.113606334,-14.601476,0.20557943,0.79468644,-0.39112195,0.41621405
0.822865,-1.5080991,-14.957075,0.38292038,0.77642494,0.1500582,0.47751328
0.9199938,-0.11383336,-14.601462,0.20560421,0.79466325,-0.39113733,0.41623175
0.8269037,-1.5113014,-14.956893,0.38363495,0.77540636,0.15019254,0.4785515
0.9200511,-0.11366582,-14.601251,0.20555377,0.7946561,-0.39121577,0.41619653
0.8268246,-1.5135535,-14.956765,0.38426858,0.7744485,0.15024407,0.47957683
0.92010885,-0.11370161,-14.601241,0.20556675,0.7946332,-0.3912812,0.4161724
0.8329427,-1.5183004,-14.956671,0.3856671,0.77207816,0.15008938,0.4823168
0.92016727,-0.113737725,-14.601232,0.20561914,0.7945992,-0.39139238,0.41610688
0.84074837,-1.525103,-14.953273,0.38696828,0.769921,0.15021163,0.48467898
0.9202425,-0.11294876,-14.600942,0.2055176,0.7945765,-0.39158013,0.41602385
0.846084,-1.5297527,-14.950952,0.3879431,0.768252,0.15029,0.48652023
0.9205995,-0.11330211,-14.600938,0.2055543,0.794476,-0.39179236,0.4159977
0.8495805,-1.5327998,-14.9494295,0.38873914,0.76705384,0.15034695,0.48775622
0.9210817,-0.11220513,-14.60054,0.20547283,0.79438007,-0.39211735,0.415915
0.85559475,-1.5385201,-14.948433,0.3898887,0.76557344,0.15047128,0.48912433
0.9211493,-0.11233135,-14.600553,0.2055481,0.794267,-0.39239168,0.4158349
0.86304,-1.5382944,-14.947821,0.39093548,0.76414984,0.15054737,0.49048963
0.92166233,-0.11202987,-14.600565,0.20560789,0.7941239,-0.39274833,0.41574198
0.8638473,-1.5419375,-14.947443,0.39207754,0.7629877,0.15066715,0.49134976
0.92221284,-0.11170634,-14.600578,0.20571183,0.7939355,-0.39317256,0.41564953
0.8681983,-1.5441879,-14.947209,0.39325088,0.7618446,0.1501514,0.4923426
0.92272353,-0.112372175,-14.600591,0.20593633,0.79372793,-0.39352673,0.41559947
0.8708594,-1.549496,-14.947067,0.39455175,0.7605799,0.14998421,0.49330717
0.9232627,-0.112001404,-14.600604,0.20599721,0.7935539,-0.39401007,0.41544378
0.87247306,-1.5607846,-14.9429455,0.3962217,0.759121,0.15006426,0.49419066
0.924451,-0.11221361,-14.600617,0.20626724,0.7932405,-0.39452425,0.4154204
0.87760955,-1.5675526,-14.9404745,0.39751652,0.7577555,0.14990722,0.49529296
0.92500585,-0.111086905,-14.600632,0.20639436,0.7930344,-0.3950919,0.41521114
0.8902782,-1.6329193,-14.929506,0.4001282,0.7515745,0.1528098,0.50167954
0.92557245,-0.10993658,-14.600647,0.20676678,0.7926179,-0.39602712,0.41493016
0.8971403,-1.6732991,-14.923565,0.40127409,0.74881566,0.15415858,0.50446945
0.9261004,-0.110356264,-14.600661,0.20728137,0.792197,-0.39675367,0.41478297
0.9058263,-1.7093712,-14.920559,0.40175214,0.7473826,0.15498158,0.5059598
0.9265933,-0.110748105,-14.600675,0.20768002,0.7918151,-0.39744052,0.41465527
0.9098957,-1.7316104,-14.91915,0.4017181,0.7466376,0.15546136,0.5069386
0.9270724,-0.11033269,-14.600687,0.20794635,0.79151976,-0.39807892,0.41447318
0.91173565,-1.752527,-14.918515,0.40172568,0.7462677,0.15540707,0.5074936
0.92845094,-0.10990761,-14.6007,0.20829187,0.7912373,-0.39852557,0.41440982
0.9125499,-1.7783598,-14.918233,0.40174475,0.7458937,0.15567598,0.5079457
0.9288113,-0.11040678,-14.600712,0.208811,0.790976,-0.39882195,0.41436237
0.9020694,-1.7945238,-14.918116,0.4013568,0.7462338,0.15562169,0.50776935
0.92912227,-0.111675665,-14.600721,0.20938706,0.7907597,-0.39890662,0.41440293
0.90290916,-1.8126714,-14.918063,0.40078053,0.7462819,0.15571149,0.50812626
0.9294108,-0.111148804,-14.600731,0.20966224,0.7906547,-0.3990718,0.41430497
0.90327454,-1.8316973,-14.918041,0.40052333,0.74637944,0.15580255,0.5081579
0.93063706,-0.11062083,-14.6007395,0.20984587,0.79048914,-0.39927027,0.4143368
0.89782363,-1.8565812,-14.918032,0.40026394,0.74662155,0.15578517,0.5080119
0.931837,-0.1101042,-14.600749,0.21007282,0.7903467,-0.39928237,0.414482
0.8955246,-1.8784218,-14.918027,0.40003315,0.7468876,0.15588248,0.5077726
0.9341355,-0.11071376,-14.600758,0.21021166,0.7900715,-0.3994511,0.41477346
0.8945701,-1.8989826,-14.918026,0.39989772,0.74697423,0.1560438,0.50770235
0.935075,-0.11126789,-14.600765,0.21039788,0.78985614,-0.39949128,0.41505036
0.8827389,-1.9243929,-14.918024,0.39975768,0.74729794,0.15626273,0.5072688
0.9347683,-0.1128238,-14.600773,0.21073431,0.78961515,-0.3995471,0.41528434
0.8779089,-1.9463221,-14.918024,0.39948967,0.74768656,0.15604967,0.5069727
0.93558264,-0.11310821,-14.600779,0.21088679,0.7893821,-0.39964125,0.41555938
0.8759504,-1.9728341,-14.918024,0.3993824,0.747834,0.15590368,0.50688463
0.93633443,-0.11224271,-14.600784,0.210915,0.7891494,-0.39987102,0.4157659
0.88115114,-1.9952775,-14.918024,0.3990322,0.7479464,0.15574051,0.5070448
0.938301,-0.11140417,-14.600789,0.2108235,0.78878444,-0.4002844,0.41610706
0.8770925,-2.0220277,-14.918024,0.39903548,0.7482853,0.1553205,0.50667095
0.9387827,-0.1094081,-14.600794,0.21073143,0.7885762,-0.40057832,0.4162655
0.88174284,-2.0569165,-14.918024,0.39916778,0.74843746,0.15499571,0.5064414
0.93920994,-0.10891842,-14.600798,0.21084686,0.7883321,-0.40075502,0.41649917
0.8771518,-2.088314,-14.918024,0.39921832,0.7488291,0.15457097,0.50595206
0.9409336,-0.109812506,-14.6008005,0.21101522,0.78799593,-0.4009955,0.41681847
0.87552714,-2.1249416,-14.918024,0.39929888,0.74915403,0.15443012,0.50545037
0.941073,-0.111814,-14.600804,0.21122761,0.7878447,-0.40101433,0.41697866
0.8685332,-2.156709,-14.918024,0.39930546,0.7496432,0.15435421,0.5047425
0.941188,-0.11346415,-14.600807,0.2115365,0.78770256,-0.40099776,0.41710657
0.86619765,-2.1868868,-14.918024,0.39940357,0.74989283,0.15438265,0.50428534
0.9412866,-0.11369592,-14.600809,0.21162312,0.78764904,-0.40112528,0.41704112
0.8654377,-2.2165208,-14.918024,0.39959627,0.7500609,0.15441059,0.5038739
0.9413722,-0.112724885,-14.600811,0.21158382,0.7875902,-0.4012993,0.41700476
0.8651964,-2.2594366,-14.9247265,0.39952904,0.7505142,0.15448067,0.50323033
0.94144684,-0.11304233,-14.600813,0.21181522,0.787613,-0.40123025,0.41691062
0.8583387,-2.2997255,-14.919996,0.3996922,0.75074476,0.15465662,0.5027026
0.9415119,-0.11216469,-14.600814,0.21195509,0.7876253,-0.4012246,0.4168216
0.85629827,-2.3322914,-14.918589,0.39962062,0.75102454,0.15485473,0.5022804
0.94156855,-0.1125423,-14.600815,0.21217069,0.7876384,-0.4012184,0.41669306
0.85554063,-2.41331,-14.918067,0.3995524,0.7512378,0.1548888,0.5020053
0.94282824,-0.11433708,-14.600818,0.21245953,0.78740984,-0.40145987,0.41674545
0.8554951,-2.4700556,-14.918035,0.39985326,0.7510796,0.15476361,0.5020409
0.94394606,-0.11324077,-14.600819,0.21227096,0.78726816,-0.40186027,0.41672316
0.8626932,-2.506301,-14.925237,0.399907,0.7509306,0.15463848,0.5022595
0.9449651,-0.11224128,-14.60082,0.2123273,0.78706473,-0.4021816,0.41676876
0.8645063,-2.5372295,-14.927051,0.39991125,0.75082874,0.15439788,0.5024823
0.94588333,-0.1113408,-14.59949,0.21241675,0.786843,-0.40253538,0.41680038
0.8723674,-2.6190255,-14.927503,0.39953986,0.75080633,0.15399888,0.50293344
0.94810665,-0.11331568,-14.599684,0.21295477,0.7860677,-0.40314165,0.41740224
0.8741845,-2.6603599,-14.927607,0.3991805,0.75087357,0.15354455,0.5032573
0.9500948,-0.115081765,-14.599856,0.21341002,0.7854032,-0.40367767,0.41790235
0.87459147,-2.6997566,-14.92763,0.39882034,0.75088745,0.1532607,0.50360847
0.9518513,-0.11664198,-14.600009,0.21380953,0.784867,-0.40399468,0.41839892
0.87468,-2.7310607,-14.927635,0.39845878,0.7509374,0.15293458,0.50391924
0.951812,-0.116438866,-14.600137,0.21394007,0.7845502,-0.4042336,0.4186955
0.88228446,-2.7528584,-14.935223,0.39794344,0.7510229,0.15251064,0.50432754
0.95335454,-0.11625947,-14.600249,0.2138935,0.7842981,-0.40444982,0.41898254
0.8762845,-2.7802901,-14.936827,0.39743468,0.75115013,0.15224575,0.5046192
0.95308053,-0.11461499,-14.60034,0.21394618,0.7842136,-0.404459,0.41910502
0.8750255,-2.8166687,-14.937163,0.39704105,0.7512104,0.15201984,0.50490737
0.9528581,-0.113279745,-14.600412,0.21400203,0.7841609,-0.40446463,0.41916966
0.87476814,-2.8471758,-14.937232,0.39664522,0.751275,0.1517904,0.5051912
0.9541658,-0.11209858,-14.600477,0.21405983,0.7840356,-0.40447965,0.41935995
0.87471664,-2.8763463,-14.944936,0.3961933,0.75137645,0.15150277,0.50548124
0.95378023,-0.11258668,-14.600529,0.21445946,0.78393966,-0.4043315,0.41947797
0.89008576,-2.9206288,-14.9387865,0.3958805,0.7513076,0.15135631,0.50587237
0.953469,-0.11435336,-14.601944,0.21478188,0.78388894,-0.404139,0.41959333
0.89315957,-2.9525542,-14.945247,0.39546683,0.75136155,0.15115751,0.50617504
0.9545401,-0.115820065,-14.603118,0.21497555,0.783759,-0.40407336,0.41980016
0.9168435,-3.2203894,-14.946538,0.39454624,0.7517581,0.15069218,0.5064435
0.95549846,-0.115751915,-14.602789,0.2154994,0.78358406,-0.4042746,0.41966426
0.9138905,-3.2970254,-14.954487,0.39377117,0.75217056,0.15034515,0.50653744
0.9563323,-0.117095254,-14.602502,0.21603413,0.78341323,-0.40442377,0.41956457
0.9209896,-3.3738701,-14.956075,0.39313066,0.7525195,0.15002708,0.50661093
0.95706296,-0.11683333,-14.602251,0.21619768,0.7831917,-0.40476006,0.4195698
0.9224095,-3.4199982,-14.956393,0.39256513,0.7528314,0.14977422,0.5066608
0.957682,-0.11517758,-14.602038,0.21633662,0.78295696,-0.4051364,0.4195728
0.93807286,-3.4830518,-14.956456,0.39204305,0.7530987,0.14946796,0.5067583
0.9582191,-0.11520313,-14.601854,0.21692923,0.7826937,-0.405386,0.41951698
0.94120544,-3.526421,-14.95647,0.39145193,0.75337046,0.14919196,0.5068926
0.95868206,-0.11522516,-14.601695,0.21727642,0.78247195,-0.40565047,0.41949528
0.9495217,-3.5658538,-14.964162,0.39088058,0.75357556,0.14889312,0.50711644
0.96066326,-0.116813116,-14.601553,0.21766192,0.78216445,-0.40588754,0.41963968
0.9434953,-3.5968094,-14.9657,0.3902718,0.75384825,0.14849101,0.5072978
0.96075,-0.11506581,-14.601438,0.21785511,0.7821035,-0.40589195,0.41964883
0.94997966,-3.6337593,-14.966007,0.38967383,0.7540151,0.14811483,0.5076195
0.96082306,-0.115109995,-14.60134,0.21810843,0.78195244,-0.40592313,0.41976836
0.9512766,-3.679598,-14.966069,0.3891994,0.7541058,0.14777914,0.50794655
0.9608816,-0.116589166,-14.602706,0.21861209,0.7817246,-0.40583038,0.42002055
0.95922565,-3.7195244,-14.966082,0.38870436,0.7541828,0.1474108,0.508318
0.96093005,-0.11640733,-14.603836,0.21880434,0.7816624,-0.40572745,0.42013556
0.9531257,-3.7582686,-14.973775,0.38817856,0.7543284,0.14696765,0.5086321
0.9609701,-0.11761705,-14.604771,0.21919687,0.7814686,-0.40560532,0.42040944
0.9595955,-3.7890863,-14.983003,0.38751686,0.7544585,0.14655405,0.50906295
0.9597108,-0.11731174,-14.605532,0.21948297,0.7813674,-0.40552157,0.42052886
0.96088946,-3.8336987,-14.977159,0.38697973,0.75451124,0.14619993,0.509495
0.9599026,-0.11828803,-14.606158,0.2197874,0.7811937,-0.40544447,0.42076704
0.9534585,-3.86569,-14.98368,0.38630623,0.7546823,0.14586325,0.50984913
0.9588955,-0.119097084,-14.607843,0.2201164,0.78104895,-0.40540817,0.4208985
0.959662,-3.9028473,-14.984983,0.38562688,0.75484216,0.14547431,0.5102377
0.9580549,-0.117557086,-14.608142,0.2200634,0.7809756,-0.40551963,0.42095512
0.9685924,-3.9487271,-14.985244,0.38515976,0.75481045,0.14520225,0.5107147
0.9584006,-0.119419575,-14.609446,0.22040614,0.78069115,-0.40545553,0.421365
0.9703785,-3.988662,-14.992986,0.38454667,0.75489086,0.14491916,0.51113814
0.958693,-0.11799618,-14.6095495,0.22027445,0.7806109,-0.4056659,0.42137998
0.9707357,-4.0350976,-14.9945345,0.38416255,0.7549529,0.1446067,0.51142377
0.958942,-0.1196337,-14.610586,0.22073516,0.78036255,-0.40552008,0.421739
0.9631175,-4.0674534,-14.9948435,0.38357666,0.7551752,0.14428872,0.511625
0.95825297,-0.120133415,-14.611475,0.22085871,0.7802829,-0.40546712,0.42187253
0.9692835,-4.1200633,-14.994906,0.38319868,0.75525093,0.1440639,0.5118598
0.9585169,-0.11970648,-14.61224,0.2207539,0.78016144,-0.40563735,0.4219884
0.97051674,-4.1613436,-15.002607,0.3827857,0.7554696,0.14361909,0.5119711
0.95793104,-0.12096557,-14.612902,0.22126201,0.78001684,-0.4054908,0.4221304
0.9707634,-4.2080483,-15.0041485,0.38242757,0.75568956,0.14325571,0.51201594
0.9582099,-0.120488174,-14.613508,0.22119229,0.7799566,-0.40567625,0.42210013
0.97850245,-4.255838,-15.004456,0.38210845,0.7559427,0.14272715,0.5120282
0.9584777,-0.120886765,-14.614091,0.22144867,0.77976614,-0.40568432,0.42230976
0.9800502,-4.311534,-15.004518,0.38208857,0.75610816,0.14225997,0.5119287
0.9587327,-0.12126631,-14.614646,0.22149701,0.77962416,-0.40577284,0.42246148
0.98804945,-4.3611217,-15.01222,0.38187352,0.7564065,0.1416833,0.51180845
0.9589666,-0.120707996,-14.615155,0.2213857,0.77968484,-0.40576833,0.42241222
0.98964936,-4.424867,-15.00607,0.3820412,0.7564873,0.14129962,0.51166975
0.9591692,-0.12022425,-14.614729,0.22123644,0.7797023,-0.40591088,0.42232126
0.9899693,-4.4837546,-15.004841,0.38222384,0.7566442,0.14102742,0.5113764
0.9593595,-0.12155996,-14.615225,0.22151841,0.77966857,-0.40574998,0.42239022
0.9900333,-4.526291,-15.012285,0.38228908,0.75692403,0.1406127,0.5110276
0.96047765,-0.121891335,-14.614758,0.22140045,0.7795191,-0.40591788,0.42256662
0.9900461,-4.5732465,-15.013774,0.38219318,0.757239,0.14027339,0.51072586
0.9605458,-0.121284865,-14.614357,0.22139515,0.7796382,-0.40580457,0.4224585
0.99004865,-4.628776,-15.014072,0.3821307,0.75753134,0.14012736,0.510379
0.9606056,-0.12161451,-14.614005,0.22147761,0.7796269,-0.4057419,0.4224962
0.9900491,-4.6706405,-15.021821,0.38189474,0.7579229,0.1398947,0.510038
0.96066165,-0.122810304,-14.614563,0.22175746,0.77952385,-0.4056266,0.42265046
0.9823596,-4.8020487,-15.023371,0.3814019,0.7584843,0.1399602,0.509554
0.9607119,-0.12388165,-14.614187,0.22178742,0.7793797,-0.40565917,0.42286897
0.98082167,-4.8667793,-15.03137,0.38088882,0.75891775,0.14003114,0.509273
0.9617174,-0.12398864,-14.614771,0.22177581,0.7791936,-0.40579227,0.4230905
0.9728244,-4.9258633,-15.032969,0.38042268,0.7593595,0.1402145,0.5089123
0.96166974,-0.123172246,-14.614361,0.2216067,0.7791064,-0.40595132,0.4231872
0.9789146,-4.9838185,-15.03329,0.380191,0.7595635,0.14023322,0.5087757
0.9625732,-0.123348415,-14.614922,0.22158329,0.77885425,-0.40616518,0.42345828
0.972443,-5.0338583,-15.033354,0.3799259,0.7598483,0.14030157,0.50852954
0.96347,-0.12561266,-14.615479,0.22177878,0.77844054,-0.40624863,0.4240361
0.9788383,-5.074625,-15.041057,0.37954405,0.7601621,0.1401704,0.508382
0.9632369,-0.12455259,-14.615951,0.22162516,0.77827966,-0.40650183,0.42416906
0.964738,-5.1212263,-15.050287,0.37913945,0.76056063,0.14000463,0.5081335
0.9640456,-0.124595754,-14.616387,0.22163865,0.7779958,-0.40663126,0.4245585
0.97729737,-5.1766853,-15.052134,0.37877208,0.7608432,0.13983181,0.50803196
0.96481884,-0.12573333,-14.616805,0.2217631,0.7776294,-0.4068196,0.42498425
0.9721195,-5.233915,-15.052502,0.3783617,0.7612054,0.13971102,0.5078284
0.9655309,-0.12564138,-14.617189,0.2216091,0.77734214,-0.40707672,0.4253436
0.9710839,-5.2838097,-15.052576,0.37787712,0.7615686,0.13957186,0.5076829
0.9661482,-0.12444092,-14.617523,0.22147849,0.7772202,-0.40724626,0.42547223
0.980063,-5.760242,-15.083353,0.3760699,0.76284516,0.13857955,0.50737995
0.9671923,-0.12447953,-14.616975,0.22152811,0.77727777,-0.40727812,0.42531073
0.9649829,-5.8889055,-15.089505,0.37484747,0.7639192,0.13774516,0.5068956
0.9675913,-0.12347627,-14.616257,0.22143759,0.777368,-0.4074047,0.42507148
0.9767431,-6.012062,-15.100209,0.3727844,0.76543623,0.13643974,0.5064814
0.9693746,-0.12378505,-14.616153,0.22149736,0.7773461,-0.40761068,0.42488304
0.964319,-6.0699944,-15.100566,0.37192678,0.76616853,0.13578033,0.50618184
0.969538,-0.123917125,-14.615508,0.2216647,0.7773697,-0.40762237,0.42474145
0.96183413,-6.1123405,-15.116016,0.3707811,0.76700276,0.13492075,0.5059886
0.9696801,-0.12403199,-14.614949,0.22159052,0.777424,-0.40774202,0.4245658
0.96133715,-6.174637,-15.111417,0.36999393,0.7675558,0.13455068,0.5058249
0.9698001,-0.12312101,-14.614476,0.22150627,0.7775128,-0.40781248,0.42437923
0.9612378,-6.2409244,-15.118187,0.36960477,0.7678508,0.1342098,0.505752
0.9699022,-0.122346334,-14.614074,0.22146331,0.7775196,-0.40780807,0.42439368
0.9612179,-6.30032,-15.119541,0.36926275,0.76817465,0.13388857,0.5055954
0.9690798,-0.12259349,-14.6137295,0.22148469,0.7775343,-0.40770394,0.42445555
0.96121395,-6.3583374,-15.1275015,0.36882833,0.7684736,0.13342386,0.5055808
0.96923673,-0.12367036,-14.613434,0.22158603,0.777418,-0.40766302,0.424655
0.9535234,-6.4160795,-15.129094,0.3686164,0.76875407,0.13314807,0.5053819
0.97029966,-0.12470475,-14.61315,0.22157302,0.77728945,-0.40766704,0.42489302
0.96736467,-6.4737654,-15.129412,0.36831084,0.76892203,0.13265535,0.5054787
0.97034913,-0.12472854,-14.612894,0.22145784,0.77729994,-0.40752262,0.42507246
0.9624433,-6.531441,-15.137165,0.3679355,0.76914835,0.1323528,0.50548685
0.97039163,-0.12389003,-14.612675,0.2212912,0.77731544,-0.40746868,0.4251826
0.94607955,-6.5891147,-15.138717,0.3675264,0.76964736,0.13210449,0.5050898
0.97042847,-0.12316463,-14.612485,0.22115637,0.7773185,-0.4074146,0.42529908
0.95818627,-6.646787,-15.139026,0.36723116,0.7698638,0.13165663,0.50509167
0.9704614,-0.1233138,-14.612314,0.22122563,0.77732253,-0.4071685,0.42549124
0.96829724,-6.7121496,-15.146777,0.36701435,0.7698739,0.1314721,0.5052819
0.9704915,-0.12424388,-14.61216,0.2213357,0.77724487,-0.40704405,0.4256949
0.96262974,-6.7636714,-15.148328,0.3664359,0.7702667,0.1310225,0.5052199
0.97051936,-0.12590955,-14.612016,0.2214983,0.777149,-0.40683398,0.42598605
0.969186,-6.8124237,-15.156328,0.3658753,0.7705397,0.13079305,0.50526935
0.9697808,-0.125834,-14.61189,0.2214808,0.77721786,-0.40669608,0.42600128
0.97075945,-6.933318,-15.159785,0.365079,0.77131754,0.13020651,0.5048098
0.9706306,-0.12503698,-14.611682,0.22124475,0.7771914,-0.40653554,0.42632526
0.9723603,-7.09041,-15.175304,0.36437744,0.7722905,0.12947944,0.5040155
0.9713814,-0.12574543,-14.611488,0.22120002,0.7770937,-0.40620264,0.42684346
0.9865115,-7.1853595,-15.184792,0.36394918,0.772759,0.12903376,0.50372094
0.9713367,-0.12645371,-14.611404,0.22121857,0.7771204,-0.40591314,0.42706057
0.9816521,-7.2504873,-15.18669,0.3636208,0.7732832,0.12892178,0.5031822
0.9712954,-0.12710996,-14.611325,0.22118041,0.7771319,-0.40568104,0.42727992
0.9883698,-7.2942724,-15.187069,0.36337236,0.7736004,0.12853806,0.5029721
0.97125834,-0.12694064,-14.611256,0.22112246,0.77719635,-0.40540007,0.42745936
0.9820237,-7.341478,-15.194834,0.36279142,0.7741708,0.12801543,0.50264704
0.97202855,-0.12677424,-14.611186,0.22099063,0.7771828,-0.4052286,0.42771468
1.0066456,-7.4466214,-15.204389,0.36170572,0.7747574,0.12708616,0.5027615
0.9711405,-0.12723078,-14.611802,0.22106996,0.777271,-0.40462622,0.42808363
1.0164376,-7.510362,-15.205989,0.36176288,0.7747613,0.12661202,0.5028339
0.9711178,-0.12775879,-14.612395,0.22106631,0.7772228,-0.40441516,0.42837223
1.0107064,-7.5538692,-15.213998,0.36131817,0.77520734,0.12565915,0.5027052
0.9718176,-0.12754846,-14.612249,0.22087957,0.77722937,-0.40422425,0.42863676
1.0172498,-7.6163983,-15.215601,0.3608867,0.7755655,0.1249929,0.50262886
0.9717463,-0.12736234,-14.612808,0.22084735,0.77724934,-0.4039841,0.42884362
1.0185585,-7.6596627,-15.22361,0.3600724,0.77637357,0.123949185,0.5022237
0.971679,-0.12788874,-14.6133375,0.22090206,0.77718204,-0.40381888,0.42909288
1.0341996,-7.799041,-15.232902,0.3594988,0.7774332,0.12268551,0.50130475
0.9716188,-0.12768203,-14.613811,0.22081514,0.7770741,-0.40375528,0.4293928
1.0527073,-7.865365,-15.234759,0.35960785,0.7780317,0.12137929,0.50061566
0.97155905,-0.12892413,-14.61428,0.22092563,0.77688146,-0.40366495,0.42976943
1.048719,-7.9170785,-15.242822,0.35942656,0.7788608,0.12073825,0.49961063
0.9723402,-0.1302667,-14.614788,0.22097175,0.7765857,-0.4037513,0.43019897
1.0556111,-7.9658694,-15.244433,0.35914743,0.77960294,0.120417,0.4987305
0.9730171,-0.1290194,-14.615228,0.22074501,0.7764811,-0.4039034,0.43036145
1.0646794,-8.006387,-15.244757,0.35917753,0.7801071,0.11999521,0.49802166
0.97360706,-0.12793215,-14.615612,0.2205849,0.7763792,-0.40408543,0.43045622
1.0741826,-8.045248,-15.252511,0.35905403,0.78044945,0.11970748,0.49764344
0.9733868,-0.1284576,-14.615963,0.22076507,0.776289,-0.40403774,0.4305715
1.0683936,-8.083779,-15.254062,0.35888925,0.78105485,0.11913283,0.49695
0.9740142,-0.12985685,-14.616326,0.22094859,0.776151,-0.40407625,0.4306899
1.0749255,-8.122245,-15.262062,0.35851967,0.7815886,0.11867672,0.4964865
0.9746289,-0.1303079,-14.616683,0.22101073,0.7761193,-0.404158,0.43063858
1.0839216,-8.168386,-15.26366,0.35829154,0.7819775,0.118500024,0.49608088
0.9742831,-0.12894753,-14.616115,0.22095652,0.7761639,-0.40429965,0.4304528
1.0857208,-8.192995,-15.263981,0.3578533,0.7823598,0.11804727,0.49590227
0.9739844,-0.12943314,-14.616455,0.2211576,0.7761461,-0.4043315,0.43035182
1.0783908,-8.236364,-15.264045,0.35774714,0.7827747,0.11787713,0.4953643
0.97452027,-0.12985967,-14.616754,0.22123107,0.7761397,-0.4044504,0.4302138
1.0999941,-8.429591,-15.2871275,0.35643718,0.78424,0.1166202,0.4942873
0.97422874,-0.12947299,-14.616255,0.22129877,0.77628034,-0.40453446,0.42984593
1.1043147,-8.483616,-15.284055,0.35573533,0.78500396,0.11633409,0.49364728
0.974694,-0.12913461,-14.615818,0.22137824,0.7763508,-0.40463725,0.429581
1.1051788,-8.494421,-15.291129,0.35490227,0.7857024,0.11595887,0.49322388
0.9751029,-0.12883724,-14.615435,0.22143996,0.7764174,-0.4046576,0.4294097
1.1053517,-8.511961,-15.284855,0.35475495,0.7859297,0.11633713,0.4928785
0.97481006,-0.1292296,-14.61575,0.22149299,0.77651465,-0.40459552,0.429265
1.1053861,-8.51547,-15.283599,0.35447928,0.7860388,0.11672027,0.49281222
0.9752291,-0.12962726,-14.616071,0.22158854,0.7765123,-0.40457064,0.42924342
1.105393,-8.523861,-15.283348,0.354349,0.7860566,0.11710131,0.49278712
0.9756469,-0.13002384,-14.616389,0.22159047,0.77659035,-0.40447205,0.42919403
1.0977048,-8.517849,-15.290987,0.35382128,0.7863924,0.11714585,0.4926201
0.9752794,-0.13037035,-14.615935,0.22163127,0.77669096,-0.40428114,0.42917088
1.1038568,-8.516646,-15.292515,0.35291487,0.7867392,0.11708152,0.4927318
0.9749568,-0.1299784,-14.615538,0.22162732,0.7767457,-0.40416092,0.429187
1.0973976,-8.508717,-15.292821,0.35212162,0.78690886,0.11697555,0.49305332
0.97467256,-0.12963302,-14.615187,0.2215921,0.7767944,-0.4040304,0.42924002
1.0961057,-8.51482,-15.2851925,0.35156462,0.7868967,0.11674736,0.49352396
0.97442114,-0.12995565,-14.615505,0.22160089,0.7767965,-0.4038581,0.42939365
1.1112267,-8.523731,-15.283668,0.35116896,0.7865258,0.116436355,0.49446967
0.9741978,-0.13024212,-14.615787,0.22160454,0.7767693,-0.40376505,0.42952853
1.1065612,-8.517823,-15.283362,0.35043406,0.78646916,0.11596599,0.495191
0.97399884,-0.12993045,-14.616037,0.22155803,0.77674645,-0.4036628,0.4296899
1.1056281,-8.516642,-15.283301,0.34944847,0.7865934,0.1152638,0.49585375
0.97382104,-0.12965181,-14.615725,0.22150077,0.77669156,-0.403559,0.42991617
1.1054415,-8.493337,-15.290978,0.3481232,0.7869422,0.11396988,0.4965312
0.97366154,-0.1299136,-14.615442,0.22151996,0.7765998,-0.40342757,0.4301952
1.1130939,-8.496365,-15.292514,0.34702784,0.7869694,0.11345712,0.4973715
0.97400415,-0.13014905,-14.615675,0.22153336,0.77642965,-0.40330413,0.43061107
1.1223141,-8.489282,-15.292821,0.3459285,0.78695416,0.1125167,0.4983741
0.9738497,-0.13083082,-14.615888,0.22168848,0.7762171,-0.40310737,0.43109822
1.124158,-8.4878645,-15.292882,0.34369373,0.7874865,0.11116858,0.49938086
0.9742066,-0.1310334,-14.616113,0.22156891,0.7758839,-0.40306184,0.43180153
1.1168373,-8.487581,-15.285206,0.34217045,0.7879831,0.110178925,0.49986267
0.9745786,-0.13124457,-14.616347,0.22153488,0.7755529,-0.40300164,0.4324693
1.1230627,-8.487524,-15.283669,0.340955,0.7882949,0.10970946,0.5003047
0.97565913,-0.1314768,-14.616606,0.22146903,0.77520365,-0.40305552,0.43307868
1.116618,-8.479823,-15.291052,0.33944803,0.7891613,0.10908153,0.5001007
0.9753126,-0.13238752,-14.616852,0.22157265,0.77503264,-0.4028848,0.43349034
1.1153291,-8.478283,-15.292528,0.3384171,0.7897808,0.10904717,0.49982888
0.9757028,-0.13255368,-14.617095,0.22147532,0.77483326,-0.4029182,0.43386513
1.1150714,-8.477975,-15.292824,0.3377312,0.7904252,0.10935369,0.49920687
0.9760834,-0.13271578,-14.6173315,0.22143422,0.77467966,-0.40292504,0.43415415
1.1073302,-8.485603,-15.285193,0.33751824,0.7908685,0.10989052,0.49853045
0.97645104,-0.13287231,-14.61756,0.22154762,0.77461,-0.40283826,0.43430117
1.0981144,-8.479454,-15.291342,0.3375146,0.7913652,0.11015684,0.49768516
0.97682047,-0.13392057,-14.61779,0.22174142,0.77452594,-0.40275827,0.4344262
1.0962609,-8.478217,-15.292579,0.3377403,0.79167783,0.11040486,0.49697942
0.97718406,-0.13495211,-14.618017,0.22188996,0.7745083,-0.40264964,0.43448257
1.103365,-8.470493,-15.3003025,0.33777478,0.79182535,0.11050841,0.49669787
0.9775168,-0.13491301,-14.618225,0.22193511,0.7745841,-0.4025891,0.43438044
1.0974765,-8.483708,-15.294552,0.33850798,0.79187673,0.11127675,0.49594474
0.9778005,-0.13394575,-14.618402,0.22186437,0.77470607,-0.40254655,0.43423858
1.0961754,-8.479245,-15.293282,0.33902603,0.79198736,0.11162658,0.49533522
0.97715664,-0.13311613,-14.618554,0.22188227,0.7748698,-0.40249592,0.4339841
1.1031945,-8.478219,-15.292989,0.33929387,0.7921024,0.11207361,0.49486673
0.9774443,-0.1332436,-14.618686,0.22201532,0.7748892,-0.40245274,0.43392158
1.0903413,-8.485234,-15.29292,0.33977735,0.79220194,0.11260426,0.49425483
0.9777094,-0.13421261,-14.618807,0.22223964,0.77490896,-0.40242735,0.43379483
1.0943757,-8.479795,-15.300031,0.33988222,0.7923464,0.11301781,0.49385658
0.97796196,-0.1342457,-14.619812,0.22243749,0.7749608,-0.4024781,0.43355373
1.0954195,-8.492651,-15.294739,0.34037933,0.79220575,0.113559514,0.49361563
0.9773342,-0.13258323,-14.619833,0.22244751,0.7750867,-0.4026324,0.43317994
1.0956811,-8.482028,-15.300334,0.34040925,0.792288,0.11360903,0.49345133
0.9775935,-0.13194603,-14.619851,0.22252332,0.77512205,-0.40272534,0.4329914
1.0957538,-8.492834,-15.288129,0.34094763,0.79203045,0.11388184,0.4934303
0.97705615,-0.13139127,-14.62063,0.22257145,0.7752061,-0.40280357,0.4327434
1.0957745,-8.495901,-15.29154,0.34115407,0.79181397,0.11403592,0.49359947
0.9765863,-0.13235587,-14.62131,0.22281694,0.7752156,-0.4028288,0.4325766
1.1026058,-8.496768,-15.292504,0.34128532,0.791517,0.11419853,0.4939473
0.97617346,-0.13251449,-14.621221,0.22292101,0.775265,-0.402877,0.43238944
1.0978652,-8.490336,-15.292778,0.341439,0.7913192,0.114175975,0.49416322
0.97580945,-0.13200016,-14.6211405,0.22299007,0.77533793,-0.402883,0.43221736
1.1095505,-8.48841,-15.29286,0.3415103,0.79099375,0.114152856,0.49463996
0.9754872,-0.13216631,-14.62107,0.22305924,0.7753486,-0.4029195,0.4321285
1.1067842,-8.481413,-15.292885,0.341518,0.7907456,0.11409328,0.49504498
0.9752008,-0.13349482,-14.621598,0.22323772,0.77532256,-0.40288523,0.43211508
1.1058583,-8.485476,-15.292893,0.3415994,0.7904657,0.11409106,0.49543622
0.9749454,-0.13355754,-14.621508,0.22324735,0.7753538,-0.4028614,0.43207622
1.1119597,-8.499654,-15.286486,0.34177455,0.7900563,0.11425684,0.49593002
0.974717,-0.1330808,-14.621427,0.22323623,0.775372,-0.40289137,0.43202126

