ICVP Direct Stim Program 4.0.1+v4.0.1 - RelativeLocations
Updated at: 2022-08-22--20-22-37
Subject ID: CKT
Tester ID: kstipp
Direct Stimulation Input from the UI

UserID ; Time ; Electrodes ; Frequency (Hz) ; Cathodic Phase Duration (us) ; Train Length (ms) ; Duty On (ms); Duty Off (ms) ; Inter-train Length (ms) ; Amplitude (uA) ; Sent to Gateway ; Response ; Response Latency (ms) ; Response Duration (ms) ; Comments
kstipp ; 2022-08-22--20-22-37 ; 3003 , 3003-300F ; 200 ; 200 ; 1000 ; 1000 ; 0 ; 0 ; 40 ; True ;  ;  ;  ; nothing

Position t,Position u,Position v,Orientation w,Orientation x,Orientation y,Orientation z
0.65234774,-1.3453437,-15.1986685,0.15831652,0.83247,0.30780205,0.4326518
0.8901299,-0.50176334,-14.926351,0.6524562,0.55010104,-0.49757516,0.15526994
0.6467725,-1.3434708,-15.196341,0.15846668,0.83343875,0.30699646,0.43130213
0.8913673,-0.50069803,-14.926469,0.65226394,0.54895115,-0.4988356,0.15610078
0.6440801,-1.3459823,-15.193223,0.15900014,0.8345751,0.30610862,0.42953575
0.8947653,-0.5015627,-14.926697,0.6520914,0.5470426,-0.50051093,0.15814552
0.6424012,-1.3459331,-15.192172,0.15908442,0.8349609,0.30585858,0.42893258
0.8957581,-0.50354177,-14.925715,0.652228,0.5462259,-0.5009298,0.15907638
0.64108294,-1.3474782,-15.191347,0.1593243,0.83522487,0.3057237,0.42842537
0.89666975,-0.50423306,-14.9259405,0.65230024,0.5456437,-0.5012727,0.15969703
0.64003694,-1.3471994,-15.190692,0.1594983,0.8354765,0.30551764,0.42801684
0.8974847,-0.50371087,-14.926142,0.65219307,0.5451594,-0.50181013,0.1601001
0.6391987,-1.3469763,-15.190167,0.15967257,0.83565414,0.30544373,0.42765763
0.8994918,-0.5069079,-14.926332,0.6522908,0.54470587,-0.50187707,0.16103284
0.6385053,-1.3467915,-15.1897335,0.1597941,0.8357981,0.305417,0.42734998
0.90002126,-0.5084965,-14.926503,0.65239465,0.5443501,-0.5019589,0.16155955
0.6379417,-1.3479611,-15.189381,0.15997414,0.8359179,0.30534807,0.4270974
0.9004873,-0.5086219,-14.926653,0.6524178,0.544094,-0.50210655,0.16186976
0.63746995,-1.3476596,-15.190366,0.16009408,0.8359961,0.30530664,0.426929
0.902193,-0.5074379,-14.926785,0.65227324,0.54391724,-0.5024596,0.16195069
0.6383242,-1.3486586,-15.189948,0.16027,0.83601826,0.30530134,0.42682317
0.903694,-0.506396,-14.926902,0.6520752,0.54383874,-0.50271606,0.16221586
0.63905454,-1.3495126,-15.18959,0.1604377,0.8360024,0.30530575,0.4267882
0.9050384,-0.506829,-14.927006,0.6520934,0.5437808,-0.50260836,0.16267006
0.63848567,-1.3502213,-15.189294,0.16053155,0.83598715,0.30533913,0.42675894
0.90482813,-0.5085447,-14.927094,0.6521589,0.5437218,-0.5024434,0.16311358
0.63914526,-1.3508285,-15.1901865,0.16064249,0.8359203,0.30537575,0.426822
0.9060425,-0.510078,-14.927173,0.6521069,0.5437678,-0.5022733,0.16369078
0.63972205,-1.3513596,-15.189829,0.1607753,0.8358394,0.30541027,0.42690575
0.90711457,-0.51143163,-14.927243,0.65209866,0.5436873,-0.5022513,0.16405849
0.6402276,-1.3518251,-15.189514,0.16091576,0.8357349,0.305443,0.4270339
0.9065872,-0.5125565,-14.9273,0.6520399,0.54378,-0.502174,0.16422105
0.6406715,-1.3522339,-15.189239,0.16098796,0.8356443,0.30547798,0.42715898
0.9061454,-0.5134986,-14.927349,0.6520743,0.54372907,-0.5021872,0.16421264
0.64107317,-1.351448,-15.188989,0.16105591,0.8355479,0.30548868,0.42731428
0.9057866,-0.5116162,-14.927388,0.6519718,0.54384154,-0.50230116,0.16389854
0.64260757,-1.3519201,-15.188766,0.16116688,0.83542573,0.30548945,0.4275105
0.90549266,-0.5113318,-14.927422,0.6519055,0.54385245,-0.5023987,0.16382705
0.643976,-1.3523413,-15.188566,0.16128004,0.83529603,0.30549228,0.42771932
0.9064707,-0.50986326,-14.927448,0.65172625,0.5439555,-0.50258,0.16364194
0.6452264,-1.3514804,-15.188384,0.16139656,0.83517975,0.3054176,0.42795575
0.907316,-0.50859404,-14.927472,0.6513753,0.544086,-0.50291,0.16359182
0.64506876,-1.3494811,-15.189474,0.16151436,0.83512783,0.30527803,0.42811227
0.9094007,-0.50870854,-14.926196,0.6511475,0.54408246,-0.50315404,0.16375975
0.64617825,-1.350237,-15.189175,0.16168778,0.8350546,0.3051628,0.42827162
0.9086428,-0.51004654,-14.925139,0.6510327,0.54409623,-0.5032621,0.16383862
0.6459076,-1.3508711,-15.188924,0.16195492,0.8351271,0.30493417,0.4281921
0.90923303,-0.5099675,-14.925467,0.6511111,0.5439867,-0.50316083,0.16420114
0.6445414,-1.3513981,-15.188715,0.16218536,0.83522123,0.30472526,0.4280701
0.9097515,-0.5098981,-14.925755,0.65124947,0.54399234,-0.5028648,0.16454011
0.6433976,-1.3518392,-15.18854,0.16239615,0.8353147,0.30455813,0.42792678
0.9089695,-0.51105094,-14.925991,0.65145224,0.54398024,-0.50251025,0.1648604
0.6424336,-1.3522111,-15.188393,0.16258799,0.8354358,0.3043702,0.42775118
0.9083137,-0.51201767,-14.926189,0.6516434,0.5440425,-0.50212044,0.16508728
0.64063746,-1.3525267,-15.188267,0.16275935,0.8355608,0.30423695,0.42753658
0.9089156,-0.51289296,-14.926369,0.65173554,0.5440558,-0.5019015,0.16534494
0.6400344,-1.3527957,-15.18816,0.16295236,0.83570033,0.30406293,0.42731404
0.9094563,-0.5136795,-14.926531,0.65181416,0.5440833,-0.5016595,0.16567889
0.6386338,-1.3530267,-15.188068,0.16311467,0.8358294,0.30388948,0.42712322
0.90993893,-0.5143814,-14.926675,0.6517449,0.5440813,-0.50165784,0.16596244
0.6374255,-1.3523872,-15.18799,0.16327177,0.835946,0.30371878,0.4269563
0.910354,-0.51374334,-14.9268,0.65162915,0.54417497,-0.5016917,0.1660078
0.63844734,-1.3528407,-15.187862,0.16362357,0.83601075,0.3032637,0.42701828
0.9110473,-0.51505935,-14.927008,0.6512993,0.54372096,-0.5018894,0.16817822
0.6388638,-1.3523062,-15.187809,0.16380906,0.83605784,0.3029839,0.42705357
0.911323,-0.51432353,-14.92709,0.6510118,0.5435416,-0.50223535,0.16883685
0.6392373,-1.3518269,-15.187762,0.16399744,0.8360934,0.30272618,0.42709434
0.91155845,-0.51369524,-14.92716,0.65082884,0.5433363,-0.50253284,0.16931713
0.63890404,-1.352067,-15.187721,0.16422112,0.8361393,0.3024638,0.4271044
0.91305065,-0.513129,-14.927223,0.65062803,0.54318875,-0.5028153,0.16972299
0.63925266,-1.3522884,-15.187684,0.16443025,0.83615416,0.3022055,0.42717785
0.91441476,-0.5139612,-14.92728,0.65051526,0.54298955,-0.5029918,0.17026877
0.6403276,-1.3517953,-15.187645,0.16460171,0.8361497,0.30191013,0.4273293
0.9156101,-0.51331437,-14.927331,0.65033585,0.54289365,-0.5032288,0.17056003
0.6406014,-1.3520566,-15.18761,0.16480693,0.836133,0.30164677,0.4274689
0.91665226,-0.5127503,-14.927376,0.65028393,0.5427085,-0.503497,0.17055535
0.6426925,-1.3510356,-15.187538,0.16516565,0.83597744,0.30114788,0.42798606
0.91830575,-0.51047283,-14.927446,0.6499577,0.54242307,-0.504254,0.17047045
0.6446281,-1.3505328,-15.188409,0.16535339,0.83579504,0.30098858,0.42838168
0.9189586,-0.51032203,-14.927474,0.64983416,0.54228526,-0.50452876,0.17056662
0.6455058,-1.350061,-15.189225,0.16547252,0.8356599,0.30077693,0.42874774
0.91952574,-0.5116234,-14.927499,0.64966065,0.5421582,-0.5048153,0.17078404
0.6463244,-1.3496212,-15.189987,0.1655873,0.835492,0.30060136,0.42915368
0.91862345,-0.51267546,-14.927519,0.64968294,0.5419586,-0.5049878,0.17082289
0.647708,-1.3477917,-15.191369,0.16568059,0.83508015,0.30033535,0.43010435
0.9197401,-0.5143957,-14.92755,0.6494322,0.54144615,-0.50584984,0.17085037
0.64835644,-1.3475623,-15.191961,0.16570206,0.83486116,0.30017874,0.43063027
0.9201808,-0.5136739,-14.927564,0.6492792,0.54123837,-0.5063296,0.17066947
0.6489615,-1.3462445,-15.192514,0.16567948,0.8346471,0.30002075,0.4311636
0.9220351,-0.5130306,-14.927574,0.6491061,0.5410375,-0.5068366,0.17045982
0.65202504,-1.3449416,-15.193061,0.1655885,0.83410865,0.29993573,0.43229824
0.9236652,-0.51246506,-14.927584,0.6489643,0.54063666,-0.5074304,0.17050464
0.65628123,-1.3450474,-15.193581,0.16550598,0.83357406,0.29989552,0.4333876
0.9250309,-0.51048434,-14.927591,0.64879316,0.5403546,-0.50801283,0.17031533
0.658706,-1.3451425,-15.194049,0.16542265,0.83306366,0.2998448,0.43443465
0.9261828,-0.50881374,-14.927599,0.6486837,0.54015994,-0.50841916,0.17013738
0.66240424,-1.345229,-15.19597,0.16537045,0.8325343,0.29981127,0.43549117
0.928815,-0.5089185,-14.929206,0.6486368,0.5397827,-0.5088752,0.17014958
0.66569495,-1.345306,-15.1976795,0.16524059,0.832065,0.29989988,0.43637547
0.92939514,-0.5074383,-14.930516,0.6486109,0.53955114,-0.50919354,0.17003098
0.66862434,-1.343695,-15.199201,0.16503586,0.8317167,0.29983667,0.4371597
0.9283691,-0.5062611,-14.931559,0.6486718,0.5394374,-0.50935996,0.16966051
0.66936255,-1.344045,-15.200457,0.165038,0.8313955,0.2999177,0.43771383
0.9289638,-0.505307,-14.932404,0.64864576,0.5393948,-0.5094451,0.1696398
0.6699722,-1.3443341,-15.201493,0.16501176,0.8311772,0.29997405,0.43809953
0.9294675,-0.5073361,-14.933119,0.6488382,0.539095,-0.5093838,0.17004065
0.67047584,-1.3445729,-15.202351,0.1649958,0.8310547,0.30001992,0.43830648
0.929897,-0.5090664,-14.933729,0.6490821,0.5388157,-0.50930494,0.17023122
0.67089176,-1.3447701,-15.203057,0.16506328,0.8309827,0.29999396,0.43843532
0.93025583,-0.5077299,-14.934238,0.64916414,0.5386564,-0.50937784,0.17020437
0.66801655,-1.3433242,-15.203612,0.16507766,0.83146125,0.29943898,0.4379017
0.9305618,-0.50936383,-14.934672,0.64963156,0.5375259,-0.50993145,0.17033733
0.6672605,-1.3421792,-15.204052,0.16507259,0.8318725,0.29894784,0.43745786
0.93082553,-0.5093753,-14.935047,0.6499287,0.53664166,-0.5105161,0.17024058
0.6652113,-1.3412635,-15.202958,0.165025,0.83232933,0.29855728,0.43687323
0.93105245,-0.50938517,-14.9353695,0.6501429,0.5359121,-0.51097137,0.17035466
0.6635572,-1.3405243,-15.203447,0.1649915,0.8327338,0.29817075,0.43637878
0.9312473,-0.50939363,-14.935646,0.65037036,0.5353379,-0.5113344,0.17020239
0.6611039,-1.3418022,-15.2018,0.16520636,0.8334711,0.29770643,0.43520537
0.93306476,-0.50940746,-14.936097,0.65057045,0.53435695,-0.512096,0.17023113
0.65901184,-1.342279,-15.201185,0.1652864,0.83388835,0.29749104,0.43452248
0.93295825,-0.50941294,-14.9362755,0.6506806,0.5340503,-0.5123182,0.17010373
0.6558034,-1.3409543,-15.200242,0.16533199,0.8346223,0.29712763,0.43334296
0.9327962,-0.5106596,-14.936546,0.6508679,0.53346956,-0.51269203,0.17008291
0.654566,-1.3404434,-15.199878,0.1653449,0.83497,0.2969874,0.4327641
0.93424606,-0.5119837,-14.936657,0.65097004,0.5331249,-0.5128405,0.17032456
0.65351385,-1.3409673,-15.199569,0.16539522,0.8352538,0.29692847,0.43223733
0.9339602,-0.51159525,-14.936747,0.6510251,0.53294957,-0.5129456,0.17034663
0.65261394,-1.3414153,-15.199305,0.16547193,0.83552134,0.296847,0.4317465
0.93372446,-0.5112748,-14.936822,0.65106887,0.53283966,-0.5129828,0.17041142
0.65011024,-1.3418006,-15.199077,0.16550796,0.83581847,0.2967748,0.43120694
0.93352836,-0.51240647,-14.936884,0.6511816,0.5326559,-0.5129888,0.17053671
0.649589,-1.3421338,-15.198879,0.16555297,0.83606523,0.29671016,0.4307554
0.93336487,-0.5147137,-14.936935,0.65131426,0.53251135,-0.51291955,0.17069001
0.6491362,-1.3424232,-15.198709,0.16559191,0.8363027,0.29666528,0.4303102
0.93322617,-0.5153231,-14.936979,0.6512338,0.532448,-0.5130495,0.17080422
0.64799935,-1.3419343,-15.198559,0.16557221,0.83653533,0.2966361,0.42988563
0.9345256,-0.51587653,-14.937019,0.651158,0.53239423,-0.51310444,0.17109509
0.64700276,-1.3415058,-15.198429,0.16557907,0.8367424,0.29659128,0.4295107
0.9342138,-0.5163377,-14.937052,0.6511114,0.53246284,-0.51304173,0.17124674
0.6467946,-1.3411285,-15.198314,0.16556476,0.8369227,0.29657087,0.42917883
0.93395215,-0.51672465,-14.93708,0.65120864,0.5324057,-0.51295793,0.17130628
0.6464555,-1.3410949,-15.198122,0.16554646,0.83714026,0.29659796,0.42874268
0.9349487,-0.51734674,-14.937125,0.6510997,0.53292155,-0.51246,0.1716064
0.64630973,-1.3407958,-15.198042,0.1655262,0.83716595,0.29664817,0.42866564
0.9345884,-0.5162397,-14.937142,0.6510221,0.5332984,-0.5122104,0.17147501
0.6467246,-1.3399836,-15.19797,0.16546924,0.8371786,0.2966671,0.42864984
0.9342941,-0.51661426,-14.937157,0.6510802,0.5335782,-0.5117983,0.17161436
0.6465785,-1.3402914,-15.197906,0.16546425,0.8371515,0.29673666,0.4286564
0.9353669,-0.5169546,-14.937169,0.65097356,0.53379256,-0.51168936,0.17167747
0.6469391,-1.3400761,-15.197848,0.1654281,0.83703285,0.29680276,0.42885637
0.9349642,-0.5172375,-14.93718,0.6509521,0.5341786,-0.5112629,0.17182824
0.6472642,-1.3403494,-15.197797,0.16541949,0.83687615,0.296905,0.4290946
0.934623,-0.5187445,-14.937189,0.6509439,0.53440326,-0.51096594,0.17204416
0.648002,-1.3405964,-15.198194,0.16539544,0.83661103,0.29703572,0.4295302
0.93432623,-0.52132547,-14.937198,0.6509857,0.5347306,-0.5104825,0.17230365
0.6490923,-1.3408203,-15.198553,0.16538695,0.83632386,0.29716858,0.43000048
0.93287504,-0.5234534,-14.937204,0.65105426,0.5350031,-0.51006025,0.17244862
0.65048337,-1.3406229,-15.198879,0.1653615,0.83602166,0.29730946,0.43050024
0.93281335,-0.52409846,-14.93721,0.65097815,0.5352959,-0.50980294,0.17258866
0.65202916,-1.3408682,-15.199242,0.165345,0.8356921,0.29745957,0.43104246
0.9339541,-0.5234714,-14.937215,0.6508071,0.53559875,-0.50969535,0.17261185
0.65449566,-1.3411657,-15.199682,0.16531618,0.8353413,0.2976181,0.43162376
0.9337678,-0.52294976,-14.937219,0.6507432,0.5358421,-0.50956255,0.17248978
0.6565789,-1.3407873,-15.200182,0.16527307,0.8348925,0.2978142,0.43237266
0.93361163,-0.5203556,-14.9372225,0.65059406,0.53608525,-0.5095669,0.17228383
0.6598161,-1.3403585,-15.2007475,0.16518356,0.83434063,0.2980632,0.4332995
0.93348,-0.5181677,-14.937224,0.6504406,0.5363306,-0.5095593,0.17212194
0.66208464,-1.3408933,-15.201313,0.16502652,0.83364403,0.29841638,0.43445545
0.93239486,-0.5172841,-14.937227,0.65060776,0.5363678,-0.50930953,0.1721138
0.66556746,-1.340335,-15.203019,0.16489872,0.8328737,0.29873586,0.43575996
0.93146837,-0.51652974,-14.937229,0.65072256,0.5363923,-0.5091453,0.17208886
0.66769326,-1.3398004,-15.204652,0.16473047,0.832143,0.29904044,0.43700898
0.9306729,-0.5167605,-14.937232,0.6508661,0.5363982,-0.50896406,0.17206404
0.671092,-1.3392825,-15.206234,0.16459528,0.8314161,0.29931647,0.4382527
0.93082076,-0.5161252,-14.937233,0.65089726,0.5364115,-0.508903,0.17208505
0.67426604,-1.338799,-15.207711,0.16443773,0.8308775,0.29948115,0.43921965
0.9309491,-0.51795256,-14.937234,0.6510575,0.5362677,-0.5087761,0.17230205
0.67554796,-1.3383745,-15.209007,0.16434361,0.83042264,0.29963458,0.44000977
0.9310609,-0.51879215,-14.937235,0.65113306,0.53618073,-0.5087292,0.17242575
0.67666465,-1.3364521,-15.210137,0.16421598,0.8301042,0.29961088,0.44067404
0.93115884,-0.51809615,-14.937236,0.6511777,0.5360935,-0.508753,0.17245823
0.6776208,-1.3363917,-15.211104,0.16416667,0.82986933,0.29954958,0.4411761
0.9312449,-0.5181639,-14.937917,0.65127987,0.5359439,-0.5087637,0.1725059
0.67843354,-1.3363404,-15.211926,0.16415091,0.82970214,0.29954454,0.44149968
0.93132097,-0.517578,-14.938518,0.651334,0.5358329,-0.5088009,0.17253654
0.67911977,-1.336297,-15.212622,0.16415326,0.82956576,0.2995033,0.44178292
0.9313884,-0.5176723,-14.939051,0.6514195,0.53570235,-0.5087966,0.1726322
0.67969614,-1.3362607,-15.213204,0.16409133,0.8295498,0.29944688,0.44187415
0.9308654,-0.5177561,-14.938941,0.65152293,0.5356161,-0.508733,0.17269658
0.678574,-1.3362321,-15.212088,0.16413483,0.82959,0.29940104,0.4418136
0.9303988,-0.5183846,-14.938844,0.6516519,0.53551036,-0.50863296,0.17283222
0.6791951,-1.3362087,-15.211177,0.16415998,0.8296689,0.29931748,0.44171286
0.92998105,-0.5189473,-14.938757,0.65178776,0.5354178,-0.5085102,0.17296816
0.676773,-1.3361901,-15.211909,0.16418502,0.8298205,0.29925576,0.44146028
0.93010557,-0.51995224,-14.938679,0.6519246,0.53532076,-0.50836724,0.17317295
0.6762071,-1.3361751,-15.2125,0.1642147,0.82997614,0.2991689,0.44121566
0.929743,-0.5208574,-14.938608,0.65210164,0.535221,-0.5081929,0.17332639
0.67443043,-1.3361629,-15.211663,0.16429205,0.83017176,0.2990585,0.44089335
0.92896456,-0.5212238,-14.938995,0.65225625,0.5351848,-0.5080085,0.17339717
0.67286634,-1.3372408,-15.21041,0.16464996,0.83082336,0.29855362,0.43987364
0.92842865,-0.52145755,-14.939675,0.6525141,0.5350902,-0.5077299,0.17353489
0.67060655,-1.3371052,-15.209938,0.1648926,0.8312954,0.29820397,0.43912742
0.9277217,-0.5217912,-14.940007,0.6527165,0.5350611,-0.50746554,0.17363639
0.66978425,-1.3380638,-15.209541,0.165163,0.8316673,0.2978983,0.43852854
0.92746735,-0.522144,-14.94036,0.65285814,0.5350193,-0.5073095,0.1736885
0.66807145,-1.3378543,-15.209208,0.1653822,0.8320786,0.2975386,0.43790963
0.9267618,-0.5219917,-14.94068,0.6529857,0.5349731,-0.50722975,0.17358442
0.6656489,-1.3376763,-15.208923,0.16555762,0.83254015,0.29711187,0.4372553
0.9265386,-0.52290124,-14.940489,0.6530443,0.53496224,-0.50713134,0.17368491
0.66357917,-1.3375242,-15.20868,0.16572468,0.8329263,0.29672134,0.4367215
0.92630863,-0.5232526,-14.940877,0.65316695,0.53491825,-0.5070339,0.1736433
0.661801,-1.3373934,-15.208472,0.16586718,0.8332737,0.2963528,0.43625465
0.9261034,-0.5224532,-14.941223,0.653189,0.5348992,-0.50707847,0.17348953
0.66026527,-1.3372805,-15.208293,0.16595519,0.8335698,0.2960446,0.4358646
0.92591983,-0.52226627,-14.941533,0.6532519,0.5348591,-0.5070849,0.17335726
0.65893227,-1.3371825,-15.208137,0.16606888,0.8338105,0.29579276,0.4355317
0.92575496,-0.5220985,-14.941811,0.6532609,0.5348428,-0.5071208,0.17326887
0.6585188,-1.337097,-15.208001,0.16616192,0.83401465,0.29555348,0.43526772
0.9256002,-0.5224386,-14.941575,0.65330744,0.534799,-0.5071007,0.17328733
0.657445,-1.3363107,-15.207881,0.16617791,0.83422023,0.29534796,0.43500704
0.9259786,-0.5233233,-14.941334,0.6533445,0.53471506,-0.5071194,0.17335173
0.65717643,-1.3369709,-15.207777,0.16626061,0.83434165,0.29521382,0.43483365
0.9257793,-0.5242507,-14.94108,0.6533921,0.5345969,-0.5071778,0.17336564
0.6569392,-1.3362697,-15.2076845,0.16629858,0.83446485,0.2950484,0.43469504
0.9261679,-0.5239446,-14.941421,0.65337133,0.53450817,-0.50731915,0.17330416
0.65672886,-1.3362579,-15.207602,0.16631119,0.8344733,0.29505146,0.4346719
0.92655826,-0.5248459,-14.941157,0.65338045,0.5342682,-0.5074956,0.17349279
0.6571212,-1.3368272,-15.207529,0.16638328,0.8344269,0.2951091,0.4346944
0.9263186,-0.5250873,-14.940911,0.6533993,0.5340745,-0.50764,0.17359596
0.6574715,-1.3373352,-15.207463,0.16642487,0.8343799,0.29516405,0.43473122
0.9267174,-0.525323,-14.941303,0.65338075,0.5338376,-0.50787914,0.17369442
0.65778524,-1.3372673,-15.207405,0.16644777,0.8343523,0.29520416,0.4347481
0.9270713,-0.52432984,-14.94165,0.6533155,0.5336743,-0.50814855,0.1736542
0.6575701,-1.3377031,-15.207352,0.16648014,0.8343195,0.29526886,0.43475488
0.92681545,-0.52401644,-14.94196,0.6533286,0.53350335,-0.50831264,0.17365015
0.65809983,-1.337552,-15.207263,0.1664804,0.83426636,0.2953502,0.43480137
0.9274087,-0.52451426,-14.94197,0.6532455,0.5332282,-0.5086736,0.17375053
0.6579015,-1.337487,-15.207224,0.16647616,0.8342536,0.29536682,0.43481615
0.9281513,-0.52374655,-14.942218,0.653107,0.53317034,-0.50891936,0.17372908
0.6577215,-1.3374281,-15.207189,0.16645986,0.83424723,0.2953666,0.4348348
0.92835575,-0.5235195,-14.942442,0.6530716,0.5330596,-0.50910103,0.17366958
0.65794206,-1.3373744,-15.207157,0.1664699,0.83422846,0.29537165,0.43486354
0.92854065,-0.5233143,-14.942204,0.6530118,0.53303415,-0.5092037,0.17367189
0.6585085,-1.3373255,-15.207128,0.16647662,0.83420295,0.29537386,0.4349084
0.929128,-0.52354807,-14.941988,0.6529416,0.53299004,-0.50930196,0.1737832
0.65850586,-1.3372397,-15.207076,0.16646145,0.8341782,0.29536334,0.43496883
0.92900866,-0.524345,-14.941605,0.6529406,0.53300524,-0.5092066,0.17401932
0.65866,-1.3375154,-15.207054,0.16646953,0.8341587,0.29535362,0.43500978
0.9295392,-0.5241288,-14.941819,0.6528745,0.533072,-0.50921583,0.17403574
0.6588017,-1.337471,-15.207033,0.16646184,0.83414215,0.29533574,0.43505657
0.92927617,-0.52393174,-14.941642,0.6529281,0.5331388,-0.5090777,0.17403403
0.65864944,-1.3371476,-15.207014,0.16643657,0.8341406,0.29530212,0.435092
0.9293978,-0.5244948,-14.941469,0.65298456,0.53316545,-0.5089269,0.17418164
0.65877753,-1.337118,-15.206997,0.16643511,0.8341223,0.2952825,0.43514097
0.92911386,-0.5250849,-14.941289,0.6530395,0.53322035,-0.50877094,0.17426328
0.65851444,-1.3370652,-15.2069645,0.16640608,0.83413327,0.29520324,0.43518484
0.9294308,-0.52650183,-14.940897,0.65316576,0.5331428,-0.50865483,0.1743665
0.6586275,-1.3368117,-15.206951,0.1663987,0.8341392,0.29514498,0.4352157
0.9284986,-0.5271762,-14.940688,0.65323716,0.5330767,-0.5086416,0.17433962
0.6587324,-1.3367951,-15.206938,0.1663901,0.83414596,0.29508212,0.4352488
0.92817724,-0.52725977,-14.9404955,0.6532926,0.53297496,-0.5086816,0.17432648
0.658622,-1.3367798,-15.206926,0.16639398,0.8341629,0.2950086,0.4352647
0.9284008,-0.52682287,-14.940835,0.65329367,0.53288734,-0.5087924,0.17426673
0.65880716,-1.3367519,-15.206905,0.16643162,0.8341252,0.29487455,0.4354132
0.92937493,-0.5275718,-14.940918,0.6532965,0.5324429,-0.50917137,0.17450745
0.6588958,-1.3367386,-15.206895,0.16643593,0.8340824,0.2948192,0.43553108
0.9301918,-0.5282652,-14.94068,0.65328985,0.5321841,-0.5093941,0.17467134
0.6589826,-1.3367256,-15.206884,0.16645578,0.83404714,0.29474187,0.4356434
0.93033236,-0.528291,-14.940459,0.65327996,0.53196216,-0.50963104,0.17469375
0.65906936,-1.3367125,-15.206873,0.16645207,0.83401227,0.2946752,0.43575674
0.93045735,-0.52772635,-14.940851,0.65327865,0.5317187,-0.5099206,0.1745948
0.659412,-1.336697,-15.2068615,0.16646783,0.8339597,0.29459321,0.43590677
0.9311271,-0.52722275,-14.941199,0.65322083,0.53145635,-0.51028866,0.1745346
0.65981376,-1.3366786,-15.206847,0.16648804,0.83391196,0.29450274,0.4360513
0.9322567,-0.5267721,-14.941512,0.65310645,0.5312777,-0.51061344,0.17455634
0.6599212,-1.33666,-15.206834,0.16649212,0.8338734,0.2944156,0.43618235
0.932263,-0.5268714,-14.941289,0.65313894,0.5311028,-0.510744,0.17458571
0.6604001,-1.3366387,-15.206817,0.16652954,0.8338138,0.29433703,0.43633497
0.9327947,-0.52696955,-14.941069,0.65316844,0.53089744,-0.5108856,0.1746852
0.6605092,-1.3366175,-15.2068,0.16651346,0.8337847,0.29428208,0.43643385
0.93341166,-0.5283737,-14.940812,0.65326524,0.5306829,-0.5109175,0.1748819
0.66061807,-1.3365961,-15.206784,0.16649573,0.833745,0.29422998,0.43655154
0.9333386,-0.52907354,-14.94056,0.65338147,0.5305388,-0.51092064,0.17487536
0.6611819,-1.3365728,-15.206765,0.16652164,0.8336754,0.29414377,0.43673274
0.933274,-0.5284011,-14.940983,0.65335864,0.5304474,-0.51114523,0.17458123
0.66179365,-1.3365473,-15.206745,0.16654646,0.83359164,0.29408398,0.43692338
0.93321675,-0.52841806,-14.940744,0.6533646,0.5303973,-0.5111963,0.1745619
0.66187316,-1.3359926,-15.206725,0.16647844,0.8335517,0.2940133,0.43707293
0.9331631,-0.52904797,-14.940521,0.6534138,0.53040195,-0.5111106,0.17461461
0.662645,-1.3354816,-15.206686,0.16653444,0.8334212,0.2939245,0.43735996
0.93372035,-0.5296037,-14.94009,0.6533381,0.5304288,-0.5111697,0.17464335
0.6626826,-1.3355201,-15.206667,0.16658078,0.83340585,0.2938384,0.43742943
0.9342604,-0.5282868,-14.940532,0.6532709,0.5304171,-0.51131445,0.1745064
0.6627192,-1.3349235,-15.206648,0.16659002,0.833401,0.29374284,0.43749928
0.93474,-0.52771395,-14.940926,0.65324885,0.53041327,-0.51137894,0.1744117
0.66275465,-1.3343446,-15.206631,0.16656475,0.83341295,0.29364938,0.4375489
0.9346007,-0.5272035,-14.941275,0.65334475,0.53034735,-0.5113634,0.17429827
0.662789,-1.3337843,-15.206613,0.1665522,0.83342457,0.29353032,0.43761152
0.9344761,-0.52728546,-14.94105,0.6534275,0.5303608,-0.51125234,0.17427315
0.6635659,-1.3326466,-15.206579,0.16654396,0.83344346,0.2933452,0.43770283
0.9347494,-0.52742505,-14.940666,0.65352,0.5302981,-0.5111723,0.17435187
0.6635382,-1.3321282,-15.206562,0.16656186,0.8334592,0.2932785,0.4377108
0.9351313,-0.52799773,-14.940485,0.65356374,0.53022283,-0.5111562,0.17446412
0.6635142,-1.3324444,-15.206549,0.16661283,0.8334979,0.29321313,0.43766147
0.9355412,-0.5286122,-14.940291,0.65365267,0.5301229,-0.5111117,0.17456466
0.66349304,-1.3327221,-15.206536,0.16666766,0.8335418,0.29315257,0.4375975
0.9353466,-0.5292066,-14.940105,0.6537111,0.53004843,-0.51110494,0.17459159
0.66347295,-1.3322327,-15.206525,0.16669482,0.8336068,0.2930618,0.43752414
0.93517256,-0.529175,-14.939938,0.6537504,0.5299553,-0.5111741,0.17452455
0.664229,-1.3325434,-15.206514,0.16677675,0.83365035,0.29296786,0.43747282
0.93555206,-0.52861154,-14.940323,0.65375155,0.5298133,-0.5113609,0.1744042
0.6641477,-1.3320465,-15.206504,0.1667848,0.8337533,0.29281202,0.43737796
0.93589246,-0.52810603,-14.940669,0.6537431,0.529686,-0.51155955,0.17424035
0.6640719,-1.3315828,-15.206494,0.16682549,0.83381337,0.29267526,0.43733948
0.9357158,-0.5271683,-14.94098,0.65378237,0.5296359,-0.5116393,0.17401046
0.6648141,-1.3319635,-15.206485,0.16690296,0.8338505,0.2925664,0.437312
0.93555635,-0.52678096,-14.94126,0.6537939,0.52957267,-0.511711,0.17394938
0.6646874,-1.3322947,-15.206477,0.16700272,0.83388144,0.29248723,0.43726784
0.93584806,-0.52686656,-14.941514,0.6538695,0.52939236,-0.51180565,0.17393506
0.66457176,-1.3318305,-15.20647,0.16708091,0.8339286,0.29239285,0.43721122
0.9361126,-0.5269441,-14.941744,0.6538367,0.52921,-0.5120614,0.17386028
0.6644641,-1.3313985,-15.206463,0.1671166,0.83399874,0.29225752,0.43715417
0.9359597,-0.5266212,-14.941953,0.65385675,0.5290246,-0.5123093,0.17361912
0.664364,-1.3309966,-15.206457,0.16720353,0.8340443,0.29215398,0.43710333
0.93582034,-0.5263271,-14.942144,0.65394384,0.5288975,-0.5123958,0.17342268
0.6642708,-1.3306228,-15.206451,0.16728404,0.8340947,0.29206204,0.43703747
0.9360516,-0.52641475,-14.942322,0.6539476,0.5287962,-0.51251256,0.1733726
0.66418964,-1.3310518,-15.206447,0.16735429,0.8341241,0.29203543,0.43697235
0.93592066,-0.526495,-14.942141,0.6540124,0.52874,-0.5124893,0.17336845
0.6641163,-1.3306992,-15.206442,0.16740319,0.8341777,0.2919508,0.4369079
0.9358008,-0.52624327,-14.9423,0.6540728,0.52860427,-0.5126106,0.17319591
0.6640475,-1.3303682,-15.206437,0.16743307,0.8342255,0.29188257,0.43685085
0.9360029,-0.5260085,-14.94245,0.6540766,0.5284914,-0.51275736,0.1730913
0.6632717,-1.3300784,-15.206433,0.16745259,0.8342772,0.29182908,0.43678027
0.9358904,-0.526091,-14.942287,0.6541362,0.5284708,-0.5127035,0.17308857
0.6632692,-1.3298182,-15.2064295,0.1674734,0.83430016,0.29179502,0.4367512
0.9360843,-0.52647847,-14.942126,0.65414536,0.52845347,-0.51265407,0.17325318
0.663267,-1.3302481,-15.206428,0.16749562,0.83431876,0.2917618,0.4367294
0.9363056,-0.527281,-14.941943,0.65421677,0.5284002,-0.5125296,0.1735142
0.6638914,-1.3306284,-15.206425,0.16753557,0.83430094,0.29175887,0.43675008
0.93615955,-0.5276898,-14.941769,0.65431136,0.5283914,-0.5124091,0.1735401
0.6632559,-1.3309661,-15.206423,0.16755778,0.8343566,0.2916753,0.43669105
0.9367641,-0.52735174,-14.941591,0.6542114,0.5283956,-0.5125329,0.17353897
0.66381997,-1.3312672,-15.206421,0.16761878,0.83436555,0.29162747,0.4366823
0.9369671,-0.5270295,-14.941795,0.6541243,0.5283495,-0.5127382,0.17340071
0.6637874,-1.3309995,-15.206418,0.16760427,0.8344057,0.29158464,0.43663973
0.9371824,-0.5275121,-14.941601,0.65422523,0.5282856,-0.5126077,0.17360015
0.6637573,-1.3307526,-15.206417,0.16763246,0.8344323,0.29154348,0.43660575
0.9369815,-0.5279623,-14.94142,0.65434265,0.528187,-0.51251274,0.1737383
0.6632322,-1.3305309,-15.206416,0.16764028,0.8345639,0.291381,0.4364597
0.93679863,-0.52760845,-14.941635,0.65442556,0.5281298,-0.51249063,0.17366512
0.66323245,-1.3303257,-15.206414,0.16762993,0.8346279,0.29123613,0.436438
0.93663174,-0.52764845,-14.941833,0.65452105,0.5281609,-0.512332,0.17367847
0.6632326,-1.3301226,-15.206413,0.16762096,0.8346795,0.29115298,0.4363982
0.93684876,-0.5284688,-14.941647,0.6546311,0.5281286,-0.5121397,0.17392913
0.66275144,-1.3299398,-15.206412,0.16759531,0.8347381,0.2910899,0.4363381
0.9366662,-0.5288694,-14.941467,0.65466493,0.5281714,-0.51200885,0.174057
0.66231716,-1.329775,-15.206411,0.16756889,0.8347811,0.2909978,0.43632737
0.9368941,-0.52886075,-14.941698,0.6546293,0.5281704,-0.5120329,0.1741234
0.6624041,-1.3294629,-15.2064085,0.16765653,0.83479345,0.2908157,0.4363915
0.93689746,-0.5293003,-14.941708,0.6546474,0.5282076,-0.5119381,0.17422125
0.66244346,-1.3297753,-15.206408,0.16776617,0.8348227,0.29071525,0.43636027
0.93671215,-0.5292743,-14.941919,0.6546534,0.52823347,-0.51190454,0.17421879
0.66247946,-1.3296256,-15.206407,0.16779764,0.83487093,0.29059863,0.4363336
0.93691766,-0.5288763,-14.942111,0.6546217,0.5282824,-0.51191574,0.17415644
0.66209775,-1.3294898,-15.206406,0.16780528,0.8349644,0.29048038,0.43623057
0.93674964,-0.52886856,-14.942287,0.65467125,0.52834857,-0.5117957,0.17412266
0.66168445,-1.3288739,-15.206404,0.1677637,0.83504957,0.2903601,0.4361636
0.9365947,-0.5292019,-14.942109,0.65472937,0.52840024,-0.5116263,0.1742447
0.6617634,-1.3287517,-15.206403,0.16781259,0.83508825,0.29027852,0.436125
0.936425,-0.52995414,-14.941913,0.6548563,0.52840805,-0.5114184,0.17435415
0.66136086,-1.328639,-15.206402,0.16781408,0.83517057,0.2901783,0.43603346
0.93668187,-0.5303386,-14.942142,0.65487707,0.52843577,-0.5113433,0.17441295
0.661449,-1.328989,-15.206401,0.1679983,0.8351564,0.29011992,0.43602857
0.9369147,-0.52984357,-14.9423485,0.6548576,0.52848655,-0.51133853,0.1743461
0.66152877,-1.3288766,-15.206401,0.16803375,0.83519167,0.29003516,0.43600374
0.93672556,-0.52899337,-14.942536,0.65485287,0.52856153,-0.5113017,0.17424436
0.6611927,-1.3287745,-15.206401,0.16807713,0.8352298,0.28997827,0.43595183
0.9365534,-0.5289805,-14.942707,0.6548712,0.5286145,-0.5112291,0.17422761
0.66127527,-1.3290697,-15.206401,0.16814826,0.83517617,0.2899673,0.43603438
0.9363963,-0.52969176,-14.942863,0.6549253,0.5286181,-0.51113623,0.17428608
0.6609817,-1.3289702,-15.206401,0.16815038,0.835184,0.28992423,0.4360473
0.93625265,-0.52999854,-14.9430065,0.6549679,0.5286525,-0.5110269,0.17434192
0.66071355,-1.3292296,-15.206401,0.16819562,0.8351523,0.28990024,0.43610635
0.93648887,-0.53033954,-14.943165,0.65496457,0.5286692,-0.5109926,0.17440447
0.66046804,-1.3291342,-15.206401,0.16815645,0.83505046,0.2898577,0.4363448
0.9367464,-0.5307113,-14.943337,0.6549455,0.52865714,-0.5109939,0.1745088
0.66020685,-1.3286659,-15.206401,0.16804563,0.8349673,0.28978252,0.43659636
0.93610436,-0.53105885,-14.9435,0.6549613,0.52864057,-0.5109537,0.17461726
0.660325,-1.3285804,-15.206401,0.16801071,0.83480704,0.28976104,0.4369304
0.936361,-0.5305352,-14.943646,0.6549004,0.5286417,-0.51101136,0.17467362
0.65999967,-1.3280113,-15.206401,0.16792272,0.83470774,0.28964096,0.43723342
0.93659425,-0.5300594,-14.94378,0.6548382,0.5286279,-0.51109564,0.17470223
0.6610359,-1.3279403,-15.206401,0.16796166,0.8344201,0.28964353,0.43776557
0.9368066,-0.53038305,-14.943522,0.6548103,0.52856356,-0.51115763,0.17482011
0.6615536,-1.3278761,-15.206401,0.16795006,0.8342358,0.28954867,0.43818384
0.93700045,-0.52959985,-14.943647,0.6547029,0.5285274,-0.511318,0.17486241
0.66206306,-1.3278129,-15.206401,0.16791674,0.8339919,0.2895282,0.43867418
0.93717766,-0.52990824,-14.943419,0.65467113,0.52843326,-0.5113918,0.17505012
0.66257393,-1.3277495,-15.206401,0.16788764,0.8337309,0.2895586,0.43916106
0.9377002,-0.5302115,-14.943195,0.6545875,0.52835655,-0.51149344,0.17529744
0.6630912,-1.3276852,-15.206399,0.1678527,0.83352125,0.28955546,0.43957436
0.9378608,-0.5301537,-14.943333,0.6545087,0.5282748,-0.511634,0.17542773
0.66419333,-1.3276163,-15.206398,0.16783778,0.8332458,0.28960398,0.44006985
0.9380076,-0.52975905,-14.943459,0.65440947,0.5281793,-0.51184094,0.17548205
0.6647217,-1.3275465,-15.206398,0.16780376,0.8330314,0.28960857,0.44048557
0.93849957,-0.5293716,-14.943582,0.65431213,0.528086,-0.5120188,0.17560628
0.66595936,-1.3274717,-15.206397,0.1677802,0.83276635,0.2896998,0.44093537
0.9391089,-0.530233,-14.943734,0.65427935,0.52798414,-0.5120602,0.17591397
0.666416,-1.3280427,-15.207033,0.16777167,0.83255005,0.28978732,0.44128942
0.93924695,-0.5306189,-14.943423,0.6541983,0.5279638,-0.5120947,0.1761761
0.66621584,-1.3279438,-15.207598,0.16764979,0.8323994,0.28977513,0.44162783
0.9393805,-0.5305238,-14.943591,0.65411556,0.5279533,-0.51215535,0.17633823
0.66739494,-1.3278372,-15.208207,0.16764233,0.8320998,0.28977633,0.44219425
0.9395012,-0.52999306,-14.943743,0.6540387,0.5280115,-0.5121812,0.17637403
0.6686524,-1.3277234,-15.208858,0.16751729,0.8318641,0.28980863,0.44266367
0.939188,-0.52951217,-14.943879,0.6539872,0.5281264,-0.51209635,0.1764667
0.6699531,-1.3276056,-15.20953,0.16735491,0.8315763,0.28984773,0.44323975
0.93890357,-0.52907544,-14.944406,0.65403414,0.5282733,-0.511863,0.17653072
0.67125964,-1.3274875,-15.210206,0.1671833,0.8313523,0.2898605,0.44371626
0.9386446,-0.5294406,-14.944503,0.6541978,0.5284128,-0.5114335,0.17675103
0.67044926,-1.3264141,-15.211761,0.16679896,0.83130926,0.289802,0.44397953
0.9380461,-0.53013605,-14.9445915,0.6544096,0.5285032,-0.5110146,0.17690873
0.6717641,-1.3264207,-15.212225,0.16683778,0.8311398,0.28968424,0.44435897
0.9378431,-0.5300834,-14.944673,0.6545218,0.5285894,-0.51075006,0.17699957
0.671888,-1.3253287,-15.212657,0.16662976,0.83120936,0.28939766,0.44449356
0.9376571,-0.53003526,-14.944747,0.6546893,0.5286331,-0.51048046,0.17702734
0.67322296,-1.3242596,-15.213079,0.16660218,0.83120483,0.28909957,0.44470626
0.93748647,-0.52968043,-14.944815,0.6547837,0.52869123,-0.5103118,0.17699097
0.674488,-1.3232466,-15.213479,0.16661742,0.8312165,0.28880215,0.44487205
0.9373296,-0.5293542,-14.944878,0.65489066,0.5287059,-0.5101609,0.1769867
0.6756029,-1.3236979,-15.213831,0.16690028,0.83117366,0.28830636,0.44516757
0.93718517,-0.5298948,-14.944936,0.65505046,0.52871513,-0.5098884,0.17715266
0.6752203,-1.3227481,-15.214132,0.1671119,0.8311406,0.287829,0.44545877
0.9370519,-0.53012717,-14.944988,0.65520376,0.5287274,-0.5096513,0.17723133
0.6762875,-1.3218806,-15.214409,0.16729626,0.83115256,0.28737006,0.44566345
0.93692887,-0.5300887,-14.945038,0.65528864,0.5287256,-0.50952446,0.17728743
0.6771962,-1.3225567,-15.2146435,0.16757521,0.83107,0.2869988,0.44595164
0.93657464,-0.5298128,-14.945084,0.65534896,0.52875686,-0.5094474,0.17719284
0.6780069,-1.3216798,-15.214852,0.1676763,0.83104515,0.28662708,0.4461991
0.9364749,-0.5295572,-14.945126,0.6553789,0.52875215,-0.50944847,0.17709303
0.67722464,-1.3194914,-15.215026,0.16765803,0.8310666,0.28629228,0.44638097
0.9365994,-0.52932024,-14.945165,0.655371,0.52873796,-0.50948215,0.17706767
0.678046,-1.3190789,-15.2151785,0.16775699,0.8309592,0.28615883,0.44662917
0.93650883,-0.5295123,-14.945201,0.6554262,0.5286858,-0.5094263,0.17718005
0.6772664,-1.3187463,-15.2153015,0.16774173,0.8308608,0.2861901,0.44679797
0.9364246,-0.52969086,-14.945235,0.65545976,0.52863353,-0.5093891,0.17731872
0.6780694,-1.3184551,-15.215409,0.16772255,0.83076614,0.28623062,0.4469552
0.93634367,-0.52986264,-14.945268,0.6554878,0.5285596,-0.50938684,0.17744215
0.6787164,-1.3196365,-15.215496,0.16787113,0.8306358,0.28633562,0.44707423
0.9364566,-0.52983874,-14.945299,0.655444,0.5284753,-0.5095205,0.17747118
0.6778952,-1.3192481,-15.215567,0.16786721,0.8305622,0.28636095,0.44719625
0.93656725,-0.5296231,-14.945331,0.65538716,0.52842975,-0.509664,0.1774047
0.67855304,-1.3189043,-15.215629,0.16795038,0.83044785,0.28641328,0.44734386
0.9366757,-0.52941173,-14.945361,0.65532285,0.5283783,-0.5097848,0.17744845
0.67913145,-1.318602,-15.215684,0.16785623,0.83032537,0.2865788,0.44750053
0.9365897,-0.52939683,-14.945392,0.6552987,0.52833056,-0.5098546,0.17747883
0.6796355,-1.3183386,-15.215732,0.16778989,0.8301318,0.28683165,0.44772246
0.93631315,-0.52957445,-14.945421,0.65532106,0.5283037,-0.50981236,0.1775978
0.6800419,-1.3195087,-15.215771,0.16783391,0.829819,0.28716293,0.44807324
0.9364267,-0.5293641,-14.945451,0.65524715,0.52821994,-0.5099999,0.17758135
0.68037254,-1.3204604,-15.215802,0.16787146,0.8295413,0.28758815,0.44830063
0.93634564,-0.52935016,-14.945478,0.6552574,0.52814275,-0.510062,0.17759475
0.68199456,-1.3212941,-15.215829,0.16789113,0.82930017,0.2878748,0.44855544
0.93626624,-0.52952874,-14.945507,0.65524,0.52808154,-0.5101127,0.1776953
0.6820598,-1.3206741,-15.215853,0.16779332,0.829114,0.2880623,0.4488157
0.9363807,-0.52989596,-14.945534,0.6552423,0.52801126,-0.5101358,0.17782895
0.6834841,-1.321499,-15.215874,0.16776207,0.8288837,0.2882754,0.4491158
0.9362978,-0.53006953,-14.945561,0.6552147,0.5279799,-0.51017594,0.17790885
0.6833396,-1.3208439,-15.215892,0.16761121,0.82883245,0.28839713,0.44918862
0.9364134,-0.53004104,-14.945588,0.6551561,0.52793443,-0.51029265,0.1779247
0.6846503,-1.3202462,-15.215908,0.16755469,0.8285841,0.28853807,0.44957718
0.93633264,-0.52982134,-14.945614,0.65510243,0.5278825,-0.5104385,0.17785816
0.6857644,-1.3211809,-15.215922,0.16761181,0.8283125,0.2886354,0.4499938
0.93644583,-0.529606,-14.945639,0.65502626,0.52784723,-0.51057446,0.17785294
0.6867554,-1.3205025,-15.215935,0.16747656,0.8281302,0.28871623,0.4503278
0.9365567,-0.5297795,-14.945663,0.65499365,0.5277746,-0.5106573,0.17795098
0.6876229,-1.3199086,-15.215945,0.16731799,0.8279888,0.2887925,0.4505977
0.9366653,-0.5299495,-14.945686,0.6549695,0.52772194,-0.5106971,0.17808154
0.69010353,-1.3193711,-15.215955,0.16718355,0.82780635,0.28875262,0.45100805
0.93677175,-0.5303083,-14.945518,0.6549737,0.5276671,-0.5106951,0.17823431
0.690456,-1.3189222,-15.215963,0.16699842,0.8277044,0.28874263,0.45126998
0.93689096,-0.5307099,-14.945329,0.65495104,0.52762675,-0.5107008,0.17842053
0.692585,-1.3185315,-15.21597,0.16693643,0.82756484,0.28867114,0.4515945
0.9370253,-0.53090936,-14.945369,0.65491575,0.52759886,-0.51073074,0.17854708
0.695819,-1.3198208,-15.215981,0.16677763,0.8272583,0.28872702,0.45217887
0.93754596,-0.53078896,-14.94545,0.6547699,0.52751535,-0.5109672,0.17865214
0.6951166,-1.3192658,-15.215984,0.16651946,0.82721937,0.28871295,0.452354
0.93741196,-0.53048486,-14.945486,0.6547448,0.5274968,-0.51104504,0.17857638
0.6945647,-1.3170868,-15.215988,0.16628101,0.8270801,0.28871313,0.45269626
0.9375247,-0.5299667,-14.945519,0.65469223,0.527464,-0.5111795,0.178481
0.6958994,-1.3170446,-15.21599,0.16619964,0.82692087,0.2887216,0.45301154
0.9376291,-0.5297115,-14.945552,0.6546901,0.5274023,-0.5112786,0.17838748
0.6970126,-1.3170093,-15.217841,0.16616428,0.82639045,0.28930283,0.45362127
0.93751234,-0.5299019,-14.9455805,0.654785,0.5272914,-0.51127964,0.17836364
0.69610983,-1.3169824,-15.219262,0.1659623,0.8260421,0.2896451,0.45411095
0.9376069,-0.53007877,-14.945608,0.6548606,0.5271705,-0.51132184,0.1783227
0.69715375,-1.3169599,-15.220451,0.1658929,0.82568026,0.28996998,0.45458683
0.9376956,-0.53024477,-14.945634,0.6549408,0.5270656,-0.51133883,0.17828941
0.6999982,-1.31694,-15.221489,0.16581307,0.82506293,0.29037267,0.45547885
0.93779606,-0.5304328,-14.945662,0.654989,0.52692693,-0.5114388,0.17823565
0.7022988,-1.3188813,-15.222328,0.16575876,0.82454675,0.29069975,0.45622417
0.93790853,-0.53064317,-14.945694,0.65503615,0.52680427,-0.5115156,0.17820412
0.7042218,-1.3184497,-15.22303,0.1656328,0.82391864,0.29080033,0.45733917
0.93802,-0.53058916,-14.945725,0.6550913,0.5266328,-0.5116752,0.17805038
0.70795065,-1.3202428,-15.223607,0.16575979,0.8233114,0.29094824,0.45829165
0.93839186,-0.5302734,-14.945757,0.65508175,0.5264593,-0.51192296,0.17788605
0.71101993,-1.3194419,-15.224082,0.16557842,0.82295,0.2909707,0.4589915
0.93823534,-0.5302316,-14.9457855,0.6551597,0.52626604,-0.51209325,0.1776802
0.7134633,-1.3188044,-15.224461,0.16558547,0.82269335,0.2908606,0.4595185
0.9383281,-0.5299554,-14.945812,0.6551392,0.52610683,-0.51233643,0.17752689
0.7153605,-1.3183094,-15.224753,0.16561502,0.8223911,0.29089278,0.46002823
0.93841404,-0.52947384,-14.945837,0.65509737,0.52596384,-0.5125892,0.17737475
0.71436954,-1.3179562,-15.224963,0.16539748,0.822355,0.2908366,0.4602066
0.9384938,-0.5292415,-14.945859,0.65507877,0.52577,-0.51285577,0.17724772
0.71600735,-1.3176821,-15.225125,0.16530582,0.8222659,0.2908674,0.46037924
0.93883073,-0.52897954,-14.945885,0.6550518,0.5255379,-0.5131514,0.17717949
0.7198591,-1.3149135,-15.225255,0.16525057,0.8221607,0.29069763,0.46069404
0.9392245,-0.52896994,-14.945915,0.6550558,0.52525836,-0.5134201,0.1772158
0.71770066,-1.3154048,-15.225345,0.16507196,0.82223487,0.2907465,0.46059486
0.9393108,-0.5292607,-14.945945,0.6551045,0.5249779,-0.5136014,0.17734092
0.7184743,-1.315756,-15.2254095,0.16502602,0.822242,0.29065338,0.46065733
0.93976027,-0.52959055,-14.945979,0.65510905,0.52469486,-0.51381224,0.17755136
0.72149897,-1.3160336,-15.22546,0.1651326,0.8221603,0.2907072,0.46073103
0.93983775,-0.5298925,-14.945675,0.6551934,0.52438974,-0.5139652,0.17769879
0.72135407,-1.3138738,-15.225497,0.16494377,0.8222363,0.29058406,0.4607408
0.9399102,-0.53017485,-14.945391,0.6552826,0.5240926,-0.5141069,0.17783622
0.7236616,-1.314626,-15.225527,0.16516371,0.82220787,0.2904378,0.46080482
0.9403603,-0.53048694,-14.945078,0.6552905,0.5237661,-0.51435983,0.17803809
0.72251755,-1.3155553,-15.223356,0.16552688,0.8227731,0.29010996,0.45987123
0.94208044,-0.5317095,-14.945261,0.655285,0.52273905,-0.5154178,0.17801717
0.72007084,-1.3158401,-15.223847,0.16575962,0.8231276,0.28994623,0.4592557
0.94270504,-0.5321405,-14.945365,0.65533906,0.5221225,-0.51605505,0.177781
0.71825325,-1.3140606,-15.224214,0.16568705,0.8234057,0.28984258,0.45884883
0.9433473,-0.53258365,-14.945473,0.65539205,0.5216431,-0.5165963,0.17742045
0.71877605,-1.3127201,-15.224489,0.16572541,0.8235486,0.28969213,0.4586733
0.9439954,-0.5330309,-14.945582,0.6554299,0.52124524,-0.517029,0.17718957
0.71737784,-1.3134944,-15.2247,0.16571482,0.8236956,0.289718,0.4583969
0.94465244,-0.53431475,-14.945692,0.65554607,0.52083635,-0.5173436,0.17704384
0.7180051,-1.3140925,-15.224861,0.16584326,0.8237176,0.28976914,0.45827866
0.94626546,-0.53470093,-14.9458065,0.65543383,0.52067065,-0.5177188,0.17684972
0.7168733,-1.3145598,-15.224988,0.16586669,0.8237072,0.28987628,0.45822102
0.94787455,-0.5350861,-14.94592,0.6554473,0.5203826,-0.5180053,0.17680877
0.7159795,-1.3149288,-15.225088,0.16599047,0.82373184,0.28988275,0.4581278
0.9482939,-0.53652734,-14.946026,0.65545243,0.520311,-0.51807785,0.17678766
0.7167303,-1.3152231,-15.225168,0.16597697,0.8236921,0.290004,0.45812744
0.94985706,-0.5367393,-14.946127,0.65530777,0.52031225,-0.5182526,0.17680809
0.71594435,-1.3154602,-15.225232,0.16591921,0.8236928,0.29009932,0.45808673
0.9513521,-0.5382075,-14.946222,0.6554266,0.52019936,-0.51819813,0.17685948
0.7153057,-1.3156527,-15.225286,0.16589613,0.82361954,0.29023442,0.4581412
0.9513849,-0.53821695,-14.946307,0.65547717,0.52021253,-0.5181987,0.17663188
0.71478236,-1.3158106,-15.2253275,0.1658164,0.8236201,0.29030365,0.4581252
0.9527741,-0.53958446,-14.946385,0.6555557,0.52014196,-0.5181895,0.17657535
0.71435016,-1.3147486,-15.225363,0.16575576,0.82358915,0.2902784,0.45821875
0.95261145,-0.5394035,-14.946451,0.6556259,0.52016896,-0.5181652,0.17630625
0.7151231,-1.3138651,-15.225392,0.16566402,0.8235246,0.29026484,0.45837653
0.9524737,-0.5392503,-14.946507,0.65573174,0.52008474,-0.5182043,0.1760462
0.71577084,-1.3142004,-15.225416,0.16564448,0.823465,0.29024118,0.45850566
0.95370746,-0.5391132,-14.946557,0.6556428,0.52008456,-0.51835185,0.17594302
0.71529514,-1.3144835,-15.225437,0.16553648,0.8234705,0.29026452,0.45852005
0.9534181,-0.53899866,-14.946599,0.6557741,0.5200075,-0.5183472,0.17569496
0.71489125,-1.3147237,-15.225455,0.16542116,0.82347876,0.29026613,0.45854586
0.95318097,-0.5376505,-14.946633,0.6558547,0.5200038,-0.51836276,0.17535917
0.71548176,-1.3149335,-15.225471,0.16540782,0.8235132,0.29016453,0.4585531
0.9541818,-0.53653115,-14.946662,0.6558538,0.51994187,-0.51853126,0.17504741
0.7139047,-1.3136003,-15.225495,0.16540094,0.82403713,0.2894643,0.4580566
0.9536204,-0.53272974,-14.946705,0.6564844,0.51864964,-0.5196087,0.17331374
0.7144939,-1.3130661,-15.225505,0.16551143,0.8242355,0.28911093,0.45788294
0.9544315,-0.5322957,-14.946721,0.6566404,0.5178044,-0.520427,0.17279409
0.7142337,-1.3125927,-15.2255125,0.16557431,0.8244806,0.28881735,0.4576041
0.9562517,-0.53189284,-14.946736,0.6568103,0.5168807,-0.5212971,0.17229056
0.71400666,-1.3129228,-15.225521,0.16574983,0.82463837,0.28859687,0.45739532
0.95682067,-0.53262526,-14.946751,0.657032,0.51604056,-0.52190334,0.17212832
0.7131015,-1.3118,-15.225528,0.1657458,0.82483757,0.28835803,0.45718822
0.9573394,-0.533293,-14.946764,0.65716946,0.5153953,-0.5224327,0.17193049
0.71230483,-1.3121533,-15.2255335,0.16586804,0.82496434,0.2882264,0.45699817
0.95780617,-0.53505206,-14.946775,0.6573567,0.51454157,-0.52299136,0.17207362
0.712238,-1.3118281,-15.225538,0.16606793,0.82505274,0.28803498,0.45688653
0.9595077,-0.5354739,-14.946787,0.6572165,0.5133779,-0.5243412,0.17197667
0.71217877,-1.3115398,-15.225543,0.1662215,0.82513624,0.28788415,0.45677492
0.96241623,-0.5331922,-14.946797,0.6569152,0.5124411,-0.5257432,0.17164107
0.7121261,-1.3118582,-15.225548,0.16639279,0.8251895,0.2877844,0.45667934
0.96358526,-0.53122663,-14.946807,0.656657,0.511757,-0.52689344,0.17114252
0.712079,-1.3121426,-15.225005,0.16655304,0.82523894,0.28772745,0.45656744
0.9661348,-0.53083944,-14.9468155,0.65651125,0.5110735,-0.52767295,0.1713424
0.7120368,-1.3123975,-15.225038,0.16672093,0.82527536,0.28765386,0.45648664
0.96685636,-0.5319841,-14.946822,0.6566504,0.5104039,-0.5280164,0.17174649
0.7119989,-1.3121333,-15.225067,0.16678318,0.8253336,0.28756964,0.45641163
0.9690482,-0.5345514,-14.945277,0.6566947,0.509815,-0.5283605,0.17226753
0.7119647,-1.3118954,-15.225094,0.16687144,0.82534486,0.2875415,0.45637667
0.970986,-0.5368212,-14.945547,0.65666234,0.50936824,-0.52872574,0.17259102
0.7114888,-1.3121253,-15.225118,0.16694713,0.82539016,0.28751716,0.45628235
0.9726641,-0.53708005,-14.945781,0.6566076,0.5087632,-0.52937186,0.17260346
0.7114804,-1.3123336,-15.224716,0.16707624,0.82539916,0.28749406,0.45623353
0.97409225,-0.5373004,-14.945979,0.6565755,0.5080726,-0.5301395,0.17240342
0.71187437,-1.3117194,-15.224753,0.1671355,0.8254168,0.28740865,0.4562337
0.9752129,-0.5340778,-14.946135,0.6562488,0.50784147,-0.5308912,0.1720151
0.71224356,-1.3115369,-15.224789,0.16720834,0.82540923,0.2873814,0.45623788
0.9761568,-0.5348369,-14.946266,0.6564357,0.5071722,-0.53121024,0.17229114
0.7122068,-1.3117435,-15.224447,0.16726796,0.82539815,0.28739455,0.45622778
0.97693443,-0.53720874,-14.946374,0.656493,0.50672764,-0.53138053,0.17285505
0.71255654,-1.311563,-15.224494,0.16731462,0.8253803,0.28738755,0.4562473
0.9775622,-0.54084575,-14.944738,0.65663326,0.50624895,-0.5315274,0.17327255
0.7125043,-1.3113841,-15.224542,0.16733125,0.82535976,0.2873838,0.4562807
0.97808313,-0.5421224,-14.945124,0.6565844,0.50612456,-0.5316905,0.17332083
0.7124567,-1.3116,-15.224204,0.16744626,0.825312,0.28739542,0.45631757
0.98033345,-0.54139966,-14.945451,0.6563756,0.50579,-0.5322851,0.1732634
0.71280414,-1.3114212,-15.224262,0.16749422,0.82518667,0.28747973,0.4564736
0.9803527,-0.54438275,-14.945712,0.6562983,0.50532264,-0.5326108,0.17391764
0.71314245,-1.3116481,-15.2243185,0.1675772,0.82504356,0.287596,0.45662853
0.98218113,-0.54323184,-14.94593,0.6557243,0.5051913,-0.53342193,0.17397867
0.71347755,-1.3118732,-15.224375,0.16764641,0.8248841,0.2876969,0.4568275
0.9836288,-0.5405521,-14.9461,0.6554278,0.50499696,-0.5340088,0.1738597
0.71435773,-1.3121307,-15.224438,0.16770372,0.8246888,0.28781575,0.4570842
0.98307097,-0.5384747,-14.946234,0.655209,0.50510985,-0.5341961,0.17378084
0.71471196,-1.3123865,-15.224502,0.16769527,0.82452315,0.28793246,0.45731264
0.9842911,-0.54012114,-14.946343,0.6552794,0.50514305,-0.53380936,0.17460492
0.71506405,-1.3126407,-15.224565,0.1676749,0.82433003,0.28808457,0.4575724
0.98532367,-0.5415146,-14.946436,0.65531534,0.5052713,-0.5334734,0.17512573
0.7154134,-1.3128929,-15.224627,0.16762449,0.8241086,0.28822666,0.45790005
0.98618007,-0.54092824,-14.946514,0.65516096,0.50541663,-0.5334404,0.17538396
0.715759,-1.3131424,-15.2246895,0.16756715,0.82379633,0.28845194,0.45834103
0.9851913,-0.5388173,-14.946573,0.65514714,0.5055361,-0.53341883,0.17515706
0.7168559,-1.3134187,-15.224757,0.16745557,0.8234531,0.2886733,0.4588588
0.9859999,-0.53872776,-14.946622,0.65501785,0.5057415,-0.5333291,0.17532094
0.7180251,-1.3137132,-15.22483,0.1672476,0.8230831,0.28895053,0.45942375
0.986686,-0.53865176,-14.946663,0.65488553,0.50602263,-0.5331472,0.1755566
0.7182782,-1.3131461,-15.224899,0.16698976,0.8226506,0.2892826,0.46008265
0.98413306,-0.54013896,-14.946694,0.6550375,0.5062106,-0.53267705,0.17587446
0.719498,-1.3125587,-15.224971,0.16673304,0.82214534,0.28960833,0.46087334
0.9850377,-0.5413244,-14.94672,0.6549256,0.50627387,-0.5326719,0.176125
0.7219676,-1.3119234,-15.225047,0.16645762,0.8215894,0.2899462,0.46175095
0.985788,-0.54086846,-14.946741,0.6547609,0.5064589,-0.5327399,0.17599949
0.72306633,-1.311323,-15.22512,0.16633093,0.82102966,0.29026502,0.46259123
0.9864349,-0.5404754,-14.946759,0.65471727,0.50650597,-0.53281236,0.17580688
0.7254981,-1.3121122,-15.22519,0.16634646,0.82035273,0.29062548,0.4635592
0.9869561,-0.5373864,-14.9467745,0.65447193,0.5066592,-0.5330347,0.17560464
0.72779953,-1.3113475,-15.225257,0.16619605,0.8197788,0.29093838,0.46443143
0.98738706,-0.53617185,-14.946786,0.6544781,0.5066499,-0.5330665,0.17551184
0.7298584,-1.312268,-15.225317,0.16590051,0.8192324,0.2914259,0.4651949
0.9864673,-0.53645074,-14.946795,0.65447915,0.50667477,-0.53305244,0.17547877
0.7352106,-1.3105713,-15.225416,0.16524321,0.8183404,0.2919553,0.46666464
0.9862276,-0.5345755,-14.946811,0.6544059,0.5068291,-0.53300744,0.17544362
0.7382057,-1.3118675,-15.227437,0.16509746,0.81798166,0.292237,0.46716845
0.98666656,-0.5361051,-14.946816,0.6543361,0.5069518,-0.53292054,0.17561291
0.74068725,-1.3129413,-15.229112,0.16506258,0.817671,0.29246485,0.46758196
0.9870574,-0.5374668,-14.946821,0.6543246,0.50693524,-0.53289723,0.17577416
0.74057114,-1.3117468,-15.230393,0.16485529,0.81763494,0.29244667,0.46772957
0.98741,-0.53756255,-14.946826,0.654211,0.50704193,-0.53295547,0.17571299
0.7404822,-1.3108315,-15.229421,0.16482934,0.81757915,0.29247245,0.46782005
0.98770547,-0.53549063,-14.94683,0.6540561,0.5071358,-0.53316903,0.17537029
0.74245393,-1.3100692,-15.230657,0.16476355,0.81754434,0.29244253,0.46792272
0.98693246,-0.53476495,-14.946833,0.65403134,0.507227,-0.5331782,0.17517109
0.7440314,-1.3115386,-15.231645,0.16481654,0.81747246,0.2925006,0.46799332
0.9872493,-0.5351222,-14.9468355,0.65407723,0.50726104,-0.53309757,0.17514674
0.74528515,-1.3127065,-15.2324295,0.16482253,0.8174002,0.2925782,0.4680689
0.9865914,-0.5363555,-14.946837,0.6542173,0.5073296,-0.5328354,0.17522272
0.7442115,-1.3115691,-15.233011,0.16478838,0.8175832,0.29245904,0.46783575
0.9869086,-0.53476816,-14.94684,0.6541564,0.50748944,-0.5328057,0.17507707
0.74340415,-1.3107138,-15.231546,0.16479391,0.8177119,0.29243615,0.46762323
0.9871905,-0.53508323,-14.946842,0.65417856,0.5076745,-0.53256774,0.17518166
0.74278903,-1.3100622,-15.23043,0.16475327,0.8177855,0.29247865,0.4674822
0.98579514,-0.5361753,-14.946843,0.65434295,0.5078944,-0.5320991,0.17535467
0.7423146,-1.3095596,-15.231287,0.16476683,0.8179028,0.2923506,0.4673522
0.98536116,-0.53712434,-14.946845,0.6544177,0.5081002,-0.53174084,0.17556615
0.7419444,-1.3091674,-15.231956,0.16475253,0.81799453,0.29219636,0.46729314
0.9857219,-0.5357339,-14.946846,0.65431654,0.5083849,-0.5315893,0.17557766
0.74330646,-1.3088325,-15.232526,0.16469567,0.81808376,0.2920707,0.4672356
0.9853355,-0.5352173,-14.946847,0.6543483,0.50860417,-0.5313402,0.17557803
0.7427741,-1.3085669,-15.232979,0.16463359,0.8182002,0.2920562,0.46706268
0.9843278,-0.53609747,-14.946848,0.65443647,0.50883,-0.53095126,0.17577188
0.74234563,-1.3083531,-15.233343,0.16455261,0.81827056,0.29209533,0.4669434
0.983437,-0.53750974,-14.946849,0.65457046,0.5090511,-0.5305011,0.17599206
0.74200463,-1.308183,-15.232151,0.16444561,0.81839955,0.29205504,0.4667802
0.98324895,-0.5369555,-14.946851,0.6545632,0.5092782,-0.5302849,0.17601345
0.74316996,-1.3094894,-15.231167,0.16460076,0.81840074,0.2920124,0.46675014
0.9830815,-0.53646195,-14.946852,0.6545504,0.5095117,-0.53008413,0.17598993
0.7427358,-1.3077946,-15.231748,0.1644377,0.8185338,0.29184473,0.46667913
0.98238826,-0.53602105,-14.946852,0.65456784,0.50975585,-0.52982354,0.17600238
0.7423823,-1.3090264,-15.232221,0.16446757,0.81858724,0.29182982,0.46658403
0.9822834,-0.5361424,-14.946852,0.65458935,0.5099811,-0.5295473,0.17610122
0.7408516,-1.308797,-15.232608,0.16442832,0.8187098,0.29171664,0.4664537
0.9821892,-0.5362515,-14.946852,0.6546019,0.5101654,-0.5293438,0.1761332
0.73958504,-1.3086072,-15.232928,0.1643928,0.81887,0.29154944,0.46628946
0.981638,-0.53588367,-14.946852,0.65464556,0.5103306,-0.5291673,0.17602217
0.7385293,-1.3073295,-15.233195,0.16433959,0.8190357,0.2913929,0.46611494
0.9811398,-0.5355512,-14.946852,0.6546541,0.5104895,-0.52902836,0.17594774
0.7376433,-1.3083843,-15.233419,0.1644418,0.8192212,0.29122606,0.46585724
0.98068833,-0.53567064,-14.946852,0.65470034,0.5106207,-0.5288316,0.17598629
0.7379051,-1.3082651,-15.23361,0.164551,0.81933326,0.29103318,0.46574226
0.9802782,-0.5353794,-14.946852,0.65469825,0.5107551,-0.52870643,0.17598017
0.73812765,-1.3091236,-15.232811,0.1647216,0.8194323,0.29086864,0.4656103
0.9802845,-0.53473455,-14.946852,0.6546652,0.51086825,-0.52865666,0.17592451
0.73649406,-1.3089459,-15.232128,0.16475375,0.8195964,0.29073077,0.4653962
0.9799295,-0.53450686,-14.946852,0.6547057,0.5109247,-0.52856386,0.175888
0.73595583,-1.3096592,-15.232408,0.16483882,0.81969976,0.29059783,0.46526706
0.9796049,-0.53429866,-14.946852,0.6547129,0.5109794,-0.52850366,0.17588332
0.7354905,-1.3094529,-15.232649,0.1648198,0.81981385,0.29049474,0.46513715
0.97930753,-0.5344335,-14.946852,0.6547379,0.51104635,-0.5283966,0.1759176
0.7350864,-1.3084918,-15.232859,0.16477224,0.81992346,0.29036292,0.46504307
0.9790346,-0.5345572,-14.946852,0.6547643,0.5110996,-0.5282941,0.17597239
0.73473364,-1.3076531,-15.233042,0.16473584,0.8200333,0.2901989,0.46496463
0.97878367,-0.5340834,-14.946852,0.65475595,0.51116544,-0.528249,0.17594728
0.7344245,-1.3076234,-15.232496,0.1647781,0.820125,0.29006928,0.46486887
0.9785526,-0.533647,-14.946852,0.6547377,0.511193,-0.528255,0.17591764
0.73415226,-1.3075973,-15.232686,0.16485347,0.82020026,0.28996822,0.46477243
0.97833943,-0.5335096,-14.946852,0.6547288,0.5112179,-0.5282432,0.17591396
0.73327494,-1.3075743,-15.232854,0.16488066,0.82027096,0.28990775,0.46467578
0.9781425,-0.5333827,-14.946852,0.6547239,0.51124835,-0.5282159,0.17592552
0.7324967,-1.3075539,-15.233004,0.16490124,0.8203448,0.28983366,0.4645841
0.97796035,-0.5337439,-14.946852,0.6547492,0.5112661,-0.5281534,0.17596737
0.73118496,-1.3075194,-15.232166,0.16493432,0.8205103,0.2896549,0.4643916
0.9776351,-0.5337347,-14.946852,0.65475625,0.5112941,-0.528122,0.17595391
0.7316679,-1.3075049,-15.231813,0.16496179,0.8205431,0.28957787,0.464372
0.9774897,-0.5336265,-14.946852,0.6547491,0.5113119,-0.52811676,0.17594495
0.7311163,-1.3074919,-15.231496,0.16498359,0.8205981,0.2895302,0.46429673
0.9773546,-0.53372085,-14.946852,0.6547543,0.51133347,-0.5280769,0.17598274
0.7310873,-1.3074801,-15.231209,0.16502617,0.8206177,0.2894884,0.46427312
0.9774162,-0.533812,-14.946852,0.65472853,0.5113646,-0.52806777,0.17601536
0.73106116,-1.3070247,-15.23095,0.16504975,0.82065696,0.28941327,0.46424216
0.97747666,-0.5337091,-14.946852,0.654714,0.5113735,-0.5280808,0.1760043
0.73146,-1.3074571,-15.230715,0.16516998,0.82068646,0.28935054,0.46418628
0.9777281,-0.53360826,-14.946852,0.6546939,0.511424,-0.52805114,0.17602101
0.73101944,-1.3074484,-15.230502,0.16523722,0.8207582,0.28926393,0.46408945
0.97759,-0.5335095,-14.946852,0.65471774,0.51146656,-0.5279915,0.1759877
0.7306184,-1.3074405,-15.230309,0.16528669,0.8208262,0.28919122,0.463997
0.9774547,-0.5337971,-14.946852,0.654757,0.511539,-0.5278588,0.17602903
0.7302525,-1.3074334,-15.230131,0.16534749,0.82089907,0.28910822,0.4638981
0.9775143,-0.53388673,-14.946852,0.6547597,0.5116248,-0.5277729,0.1760272
0.72991806,-1.3074267,-15.229969,0.1654146,0.8209787,0.2890088,0.4637952
0.9773806,-0.53359014,-14.946852,0.654783,0.5117317,-0.52767396,0.17592645
0.7299386,-1.3074207,-15.229821,0.16551028,0.82106465,0.28889528,0.4636797
0.97724575,-0.53329116,-14.946852,0.6548114,0.5118233,-0.52758205,0.17582998
0.72964686,-1.3077258,-15.229685,0.16561542,0.8211721,0.28881323,0.46350288
0.97711164,-0.5333954,-14.946852,0.6548176,0.51192886,-0.5274474,0.1759037
0.72885144,-1.3079779,-15.2294445,0.16592726,0.82142055,0.28856817,0.46310362
0.97685885,-0.5339733,-14.946852,0.65498096,0.51205194,-0.52705127,0.1761244
0.72863144,-1.3079576,-15.229339,0.16616663,0.8215936,0.2883319,0.46285787
0.9767258,-0.5336444,-14.946852,0.6549374,0.5121311,-0.5270248,0.1761355
0.72807443,-1.3079349,-15.229219,0.16643085,0.82181996,0.2880246,0.4625524
0.9765768,-0.53351873,-14.946852,0.6549789,0.51215494,-0.52694917,0.17613818
0.72737855,-1.3079065,-15.229071,0.16667716,0.8220522,0.28775433,0.46221915
0.9761027,-0.5336656,-14.946852,0.65505433,0.5121796,-0.5267894,0.17626387
0.72655356,-1.3078728,-15.228893,0.16690962,0.8222294,0.28759313,0.4619202
0.9759428,-0.53409666,-14.946852,0.65512055,0.5121717,-0.5266311,0.1765134
0.726747,-1.3083109,-15.228733,0.16721523,0.8223405,0.2873874,0.46173993
0.97577775,-0.5342315,-14.946852,0.6551494,0.5121325,-0.5265849,0.17665781
0.7264466,-1.3082563,-15.228573,0.16740617,0.8224992,0.28715044,0.46153536
0.97560346,-0.53369737,-14.946852,0.65510434,0.5121373,-0.5266445,0.17663337
0.7261384,-1.3082002,-15.228409,0.16771103,0.8225768,0.2869623,0.46140343
0.9754211,-0.5335054,-14.946852,0.6550673,0.5121092,-0.5267162,0.17663841
0.72582585,-1.3081434,-15.228242,0.16788691,0.8226635,0.28690097,0.46122298
0.9756029,-0.53332996,-14.946852,0.65500516,0.51207864,-0.5267828,0.176759
0.7255191,-1.3086872,-15.228078,0.16809623,0.8226834,0.2868855,0.46112093
0.97543836,-0.5341626,-14.946852,0.6550115,0.51201034,-0.5267707,0.17696898
0.72521806,-1.3092211,-15.227917,0.16833444,0.8226849,0.2868264,0.46106812
0.97528243,-0.5343017,-14.946852,0.65496755,0.51197135,-0.52682304,0.17708847
0.72492206,-1.3090856,-15.227758,0.16837159,0.82267046,0.28676564,0.46111807
0.9754479,-0.53442943,-14.946852,0.6549075,0.5119094,-0.52694535,0.17712572
0.72463334,-1.3089535,-15.227604,0.16846171,0.8226882,0.28654832,0.46118855
0.9752993,-0.53362596,-14.946852,0.6548014,0.5119142,-0.52709126,0.17707035
0.7250359,-1.3094941,-15.227468,0.16862057,0.82259023,0.2865529,0.46130243
0.9751432,-0.53345305,-14.946852,0.6547503,0.5118813,-0.5271776,0.17709735
0.72475237,-1.3100003,-15.22734,0.16863756,0.8224806,0.2866138,0.46145377
0.9753186,-0.5339314,-14.946852,0.65467113,0.51186085,-0.52723515,0.17727791
0.72447586,-1.3104941,-15.227215,0.1687244,0.8223454,0.28664434,0.46164408
0.9754797,-0.5340682,-14.946852,0.6545984,0.51183,-0.5273227,0.1773747
0.72420734,-1.3109734,-15.227095,0.16873235,0.82229275,0.2866016,0.46176142
0.97562796,-0.53390676,-14.946852,0.6545509,0.5117894,-0.527404,0.17742519
0.72395444,-1.3106878,-15.22698,0.16864404,0.8222716,0.28653777,0.46187094
0.9757646,-0.5337579,-14.946852,0.6544946,0.511778,-0.52747804,0.17744583
0.72443295,-1.3104373,-15.226881,0.16866833,0.8221667,0.28650984,0.46206623
0.97563124,-0.53362054,-14.946852,0.65444946,0.51178277,-0.5275253,0.17745797
0.7248544,-1.310882,-15.226793,0.16867475,0.8220799,0.28650633,0.46222037
0.97575444,-0.5337399,-14.946852,0.65442,0.5117841,-0.52753866,0.17752326
0.72459126,-1.3112808,-15.226714,0.1686667,0.8220518,0.28649884,0.46227783
0.9756344,-0.53408456,-14.946852,0.65439713,0.51180536,-0.5275048,0.17764685
0.72433263,-1.3116728,-15.226637,0.1686424,0.82204163,0.28649268,0.46230873
0.9757455,-0.53395927,-14.946852,0.6543334,0.5118334,-0.52754015,0.17769577
0.7240901,-1.3113595,-15.226564,0.16861719,0.82207286,0.2864389,0.4622957
0.9756373,-0.5338429,-14.946852,0.6543145,0.51183254,-0.527564,0.17769723
0.7238624,-1.3110653,-15.226496,0.16855615,0.82212025,0.28639293,0.46226215
0.9757376,-0.53373486,-14.946852,0.6542905,0.51181746,-0.5275994,0.17772412
0.7236484,-1.3107889,-15.226432,0.1684911,0.8221668,0.28636622,0.46221957
0.97563934,-0.53382576,-14.946852,0.6542813,0.5118442,-0.5275738,0.17775685
0.72344726,-1.310529,-15.226372,0.16842386,0.8221988,0.2863569,0.46219292
0.975543,-0.53391486,-14.946852,0.6542764,0.51188177,-0.5275281,0.17780268
0.7232556,-1.3110074,-15.226315,0.16840065,0.82221836,0.28640324,0.4621379
0.9754469,-0.53419966,-14.946852,0.6543013,0.51191056,-0.52744216,0.17788267
0.7230773,-1.3107219,-15.226261,0.16836832,0.82226413,0.28639367,0.4620741
0.97534335,-0.534291,-14.946852,0.654298,0.5119445,-0.5273976,0.1779293
0.7229114,-1.310456,-15.226212,0.16833118,0.8223266,0.2863218,0.462021
0.9752339,-0.5341549,-14.946852,0.65429115,0.5119915,-0.5273707,0.177899
0.72192997,-1.3101851,-15.226162,0.16828227,0.82244766,0.28625983,0.46186176
0.9751183,-0.53401095,-14.946852,0.6543042,0.5120205,-0.52734435,0.17784569
0.7218438,-1.3099372,-15.226114,0.16833514,0.8225079,0.2861918,0.46177733
0.9749962,-0.53385895,-14.946852,0.6543166,0.51206195,-0.52729875,0.1778161
0.72176486,-1.3097103,-15.226072,0.16840018,0.8225933,0.28613147,0.46163905
0.97487044,-0.5339922,-14.946852,0.6543445,0.5121126,-0.5272098,0.17783071
0.72246736,-1.3095129,-15.226036,0.1685032,0.8226343,0.28611097,0.46154103
0.9747444,-0.5344254,-14.946852,0.6544216,0.5121686,-0.5270334,0.17790908
0.72234863,-1.3093404,-15.226004,0.16858444,0.8227526,0.28604943,0.46133858
0.97461367,-0.5348743,-14.946852,0.65448666,0.51220953,-0.5268846,0.17799252
0.7204173,-1.3105062,-15.225944,0.16923042,0.82346195,0.28564522,0.46008515
0.9743388,-0.5351213,-14.946852,0.65463686,0.51246446,-0.5263731,0.17821966
0.7204603,-1.311061,-15.225914,0.16963528,0.8237513,0.28539363,0.45957395
0.9742111,-0.5345372,-14.946852,0.65461177,0.51262945,-0.52623904,0.17823301
0.7196032,-1.3107046,-15.225885,0.1698424,0.8240581,0.28512788,0.4591121
0.97363603,-0.5347028,-14.946852,0.65469986,0.5127491,-0.52595913,0.17839134
0.7176459,-1.3113772,-15.225857,0.17006327,0.82438153,0.28487295,0.45860773
0.9735098,-0.5344317,-14.946852,0.6546389,0.51295763,-0.52576023,0.17860207
0.7179846,-1.3109487,-15.225831,0.17032225,0.8245319,0.28451213,0.45846522
0.9733902,-0.5337467,-14.94728,0.6545845,0.51308334,-0.5256853,0.17866105
0.71727246,-1.3105547,-15.225807,0.17056446,0.8248064,0.28428438,0.45802253
0.97327363,-0.5339528,-14.947261,0.65463716,0.51316494,-0.5254308,0.17898148
0.716587,-1.3112783,-15.224682,0.17080685,0.825014,0.28413504,0.45765087
0.9735829,-0.5337245,-14.947244,0.6545161,0.5132658,-0.5254172,0.17917536
0.71594787,-1.3107915,-15.223633,0.1710139,0.82515526,0.28401628,0.4573925
0.9734698,-0.53351706,-14.947228,0.6544764,0.51336294,-0.52533287,0.1792888
0.7153589,-1.310343,-15.222666,0.17110468,0.82523185,0.28394654,0.4572637
0.97336537,-0.5340846,-14.947214,0.6545332,0.51343006,-0.525081,0.17962721
0.71482104,-1.3112063,-15.221784,0.17116946,0.82527643,0.28402498,0.4571102
0.9732641,-0.5350181,-14.9472,0.6545432,0.51348686,-0.5248666,0.18005446
0.71433544,-1.3119856,-15.220987,0.17131923,0.8252423,0.2839877,0.45713887
0.9731672,-0.5347659,-14.947187,0.65443087,0.51356846,-0.52491754,0.18008146
0.7139019,-1.3126814,-15.220275,0.17142798,0.8252784,0.28390878,0.45708194
0.9734415,-0.5345358,-14.947175,0.6542237,0.5136813,-0.52504957,0.1801271
0.7135188,-1.3132964,-15.219646,0.17146946,0.82523113,0.28402144,0.45708176
0.97334766,-0.53467,-14.947164,0.65418327,0.5138383,-0.5248853,0.1803049
0.71318334,-1.3138348,-15.219096,0.17140976,0.8251626,0.28417405,0.45713302
0.9732556,-0.5355036,-14.946801,0.65416205,0.51399595,-0.5246461,0.18062846
0.7128922,-1.3143022,-15.218618,0.17144518,0.82504463,0.28432658,0.4572379
0.9731624,-0.53560996,-14.946803,0.6540083,0.51423293,-0.52456635,0.18074232
0.7126411,-1.3147051,-15.218206,0.17135254,0.8250042,0.2844865,0.45724604
0.97342724,-0.53535724,-14.946806,0.65382576,0.5144149,-0.5245996,0.18078859
0.71387756,-1.3150276,-15.217876,0.17138335,0.82490283,0.28457353,0.4573631
0.97333723,-0.5351259,-14.946808,0.653768,0.5145996,-0.52450186,0.1807557
0.7134991,-1.3152966,-15.217601,0.17135954,0.8248102,0.284771,0.4574162
0.97325474,-0.5352295,-14.946494,0.65362483,0.5148886,-0.5242896,0.18106541
0.7145316,-1.3155147,-15.217378,0.17141762,0.8246453,0.2849172,0.45760065
0.97317123,-0.5356649,-14.9465065,0.6535517,0.515111,-0.5240854,0.181288
0.7153758,-1.315693,-15.217196,0.1715456,0.824443,0.28505743,0.45782986
0.9730865,-0.5357593,-14.94652,0.6530609,0.51572007,-0.52404696,0.18143618
0.71607167,-1.31584,-15.217046,0.17160307,0.8242996,0.28517562,0.45799294
0.9730089,-0.5351862,-14.946531,0.65257746,0.5162004,-0.52419996,0.18136773
0.7166496,-1.3148139,-15.218069,0.17154512,0.82419294,0.28525198,0.4581591
0.97293764,-0.5349737,-14.946542,0.65214443,0.51659954,-0.52429616,0.18151046
0.717133,-1.3150463,-15.218925,0.17158206,0.82408214,0.28536776,0.4582725
0.9728682,-0.5350824,-14.946237,0.6517213,0.51707196,-0.52423096,0.18187316
0.7185764,-1.3152419,-15.219646,0.17155199,0.8239876,0.28541434,0.4584245
0.97279847,-0.53519154,-14.946258,0.6513032,0.51748735,-0.524266,0.18208845
0.7197998,-1.3154078,-15.219273,0.17147215,0.82393104,0.28542355,0.45855045
0.97273445,-0.53466815,-14.946278,0.6508646,0.51789504,-0.5244686,0.18191418
0.720843,-1.3155491,-15.218955,0.17145231,0.82381123,0.2855817,0.45867452
0.9726708,-0.53478855,-14.945976,0.650569,0.518276,-0.5243063,0.18235405
0.7199607,-1.3156705,-15.21957,0.17137711,0.8237548,0.28567618,0.4587452
0.9726055,-0.534912,-14.945667,0.650397,0.5185348,-0.5241529,0.18267277
0.720044,-1.315775,-15.2201,0.17136787,0.8236469,0.28578228,0.4588762
0.97253823,-0.5350393,-14.94535,0.65009034,0.5187371,-0.5242376,0.1829467
0.72091806,-1.3166676,-15.219759,0.17147763,0.82351923,0.285881,0.45900294
0.9724748,-0.53480333,-14.945406,0.6499208,0.5188263,-0.52435154,0.1829694
0.7209174,-1.3166829,-15.2194605,0.17147547,0.8234462,0.28591663,0.4591125
0.97275484,-0.5342494,-14.945457,0.6496417,0.5190652,-0.52449256,0.18287876
0.7209168,-1.3166964,-15.2192,0.17144947,0.82339084,0.28595632,0.4591968
0.9726904,-0.5337417,-14.945504,0.6495183,0.5192983,-0.5243938,0.18293859
0.72160375,-1.3167083,-15.218971,0.17142789,0.8233067,0.2860489,0.45929804
0.972629,-0.5335747,-14.945232,0.6494698,0.51945055,-0.52417827,0.1832956
0.7215566,-1.3167187,-15.21877,0.17137204,0.82322687,0.2861761,0.45938277
0.9725668,-0.533737,-14.944957,0.6495116,0.5196347,-0.5238484,0.18356836
0.7215149,-1.3167279,-15.218592,0.17128949,0.823178,0.28627652,0.45943847
0.9725061,-0.53422964,-14.944688,0.6495411,0.51980305,-0.52351004,0.18395221
0.72206724,-1.3173256,-15.218433,0.17129385,0.82308584,0.2863906,0.45953086
0.9724431,-0.53438145,-14.944408,0.64955336,0.5199309,-0.52331465,0.18410349
0.72255975,-1.3178586,-15.218291,0.17128165,0.8230138,0.28649423,0.4595998
0.97193384,-0.5345582,-14.944084,0.6495125,0.5201569,-0.5231002,0.1842183
0.7235323,-1.3183354,-15.218164,0.1712888,0.82292175,0.28658938,0.4597027
0.9723002,-0.5347185,-14.9437895,0.6493062,0.5203312,-0.52314144,0.18433636
0.72389984,-1.3182579,-15.21805,0.17129953,0.8228593,0.28665036,0.45977253
0.97263324,-0.5344708,-14.9435215,0.6491084,0.52047515,-0.5232748,0.18424858
0.72424775,-1.3186897,-15.217942,0.17129087,0.8228051,0.2867198,0.45982942
0.97255725,-0.53422666,-14.943257,0.64901525,0.5205731,-0.52332705,0.18415128
0.72407675,-1.318596,-15.217843,0.17124213,0.8227502,0.28677845,0.45990917
0.9728722,-0.53400445,-14.943402,0.6488791,0.5203872,-0.52385443,0.1836563
0.72391784,-1.318509,-15.21775,0.17118692,0.8226838,0.28688163,0.45998403
0.972794,-0.5341677,-14.943168,0.6488768,0.52025574,-0.5240053,0.18360658
0.7237745,-1.3184305,-15.218124,0.17112248,0.82262725,0.28693816,0.4600739
0.9727127,-0.5343375,-14.942924,0.64883333,0.5201662,-0.524157,0.18358096
0.72407997,-1.3183596,-15.218463,0.17107244,0.82256156,0.2870049,0.46016827
0.97302055,-0.53449464,-14.942697,0.64878637,0.5199852,-0.52437896,0.18362579
0.72435707,-1.3187087,-15.218771,0.17105944,0.82247686,0.28708917,0.460272
0.97292596,-0.53424346,-14.942462,0.64874685,0.5196642,-0.5248053,0.183456
0.7250017,-1.3186331,-15.21905,0.17108302,0.8223701,0.28711647,0.46043706
0.9736271,-0.53362155,-14.942248,0.6485563,0.5192785,-0.52545977,0.18334864
0.7255891,-1.3185643,-15.219305,0.17107376,0.8222861,0.2871381,0.46057695
0.9742659,-0.53342885,-14.942054,0.6484283,0.5188673,-0.52601594,0.18337083
0.725771,-1.3185016,-15.219183,0.17105389,0.82219815,0.28717566,0.46071792
0.9744939,-0.5328977,-14.942231,0.6483373,0.5185531,-0.5265074,0.18317051
0.7259375,-1.318444,-15.219408,0.17104971,0.8220706,0.28722236,0.46091795
0.97470254,-0.5330866,-14.942057,0.648454,0.5181378,-0.52676374,0.18319559
0.7264508,-1.3183868,-15.219632,0.17100829,0.8219358,0.2872438,0.46116036
0.97521436,-0.53261864,-14.942217,0.64838904,0.5177892,-0.5272497,0.18301299
0.726597,-1.3183322,-15.219847,0.17092685,0.8217628,0.2873429,0.4614369
0.9753985,-0.53247935,-14.942042,0.64840937,0.51753634,-0.5274857,0.18297642
0.72673875,-1.318279,-15.220055,0.17082457,0.82160085,0.2874637,0.46168783
0.975968,-0.5323311,-14.941855,0.6483471,0.5172404,-0.52787846,0.18290102
0.7273082,-1.3182188,-15.22029,0.17078443,0.821371,0.28755856,0.4620525
0.9765794,-0.532172,-14.941656,0.6483275,0.5169725,-0.52819747,0.1828069
0.72856766,-1.3181427,-15.22059,0.17077558,0.8210432,0.28775296,0.46251714
0.97719234,-0.5324499,-14.941456,0.648326,0.51670736,-0.5284324,0.18288265
0.73006505,-1.318052,-15.220945,0.17076772,0.82073504,0.28787744,0.46298933
0.9778084,-0.5318081,-14.941715,0.6482459,0.51649123,-0.528806,0.18269794
0.7308494,-1.3179593,-15.221309,0.17073213,0.8204114,0.2881393,0.46341294
0.97794396,-0.5316462,-14.941484,0.64820606,0.51629865,-0.5290533,0.18266708
0.7325999,-1.3178577,-15.221707,0.17075512,0.8200804,0.2884139,0.4638193
0.9780813,-0.53148204,-14.941252,0.6481937,0.51609683,-0.52928376,0.18261358
0.7333427,-1.3177594,-15.222093,0.17070487,0.81982315,0.28858995,0.46418285
0.97821176,-0.5307939,-14.941563,0.6481444,0.515926,-0.5295537,0.18248874
0.7340594,-1.318679,-15.222465,0.1707962,0.8195223,0.28889036,0.4644936
0.97888523,-0.5312198,-14.941317,0.64811367,0.5157398,-0.5297482,0.18255973
0.7347403,-1.3195529,-15.222817,0.1708903,0.8192947,0.28902227,0.4647784
0.9802256,-0.53043497,-14.941675,0.64799315,0.51556146,-0.5300926,0.18249162
0.73536325,-1.319242,-15.223141,0.17094572,0.8189585,0.28922564,0.46522376
0.9809368,-0.52891505,-14.94205,0.6478687,0.51530933,-0.5305208,0.18240139
0.73719037,-1.3189397,-15.223454,0.17091313,0.8186198,0.28947195,0.4656785
0.98226136,-0.5302574,-14.941711,0.64781797,0.5149867,-0.53083545,0.1825773
0.738916,-1.3186541,-15.223752,0.17081597,0.81827676,0.2896259,0.46622095
0.9835957,-0.5308726,-14.941369,0.64775425,0.5145833,-0.5312655,0.1826898
0.74050397,-1.3183912,-15.224025,0.17075014,0.81795686,0.28973615,0.46673766
0.98496056,-0.52986866,-14.941835,0.6476409,0.51410806,-0.5318973,0.18259099
0.74045044,-1.3181698,-15.224255,0.17052147,0.81775683,0.28991818,0.46705845
0.98628753,-0.5306279,-14.9414215,0.647562,0.5136574,-0.532394,0.18269145
0.74350715,-1.3179584,-15.224474,0.1704482,0.8173719,0.28987032,0.46778828
0.98759353,-0.5294978,-14.941953,0.6473145,0.5131475,-0.5332327,0.1825559
0.74629664,-1.3177652,-15.224675,0.17031051,0.81700057,0.2898975,0.4684697
0.98878056,-0.5303616,-14.942435,0.6472606,0.5126209,-0.53373706,0.18275239
0.74875057,-1.3175956,-15.224851,0.1701942,0.81675804,0.28984326,0.46896827
0.9898671,-0.53115225,-14.942878,0.64715475,0.5121288,-0.53428656,0.18290135
0.74893826,-1.3174573,-15.224994,0.17010295,0.8166247,0.28978577,0.46926907
0.99090606,-0.52986896,-14.9433,0.64695835,0.5117755,-0.5349117,0.18275735
0.7510038,-1.3173392,-15.225116,0.16998225,0.8164677,0.28973722,0.46961576
0.9929822,-0.53081965,-14.943703,0.646928,0.5114123,-0.5352694,0.18283427
0.7527181,-1.3172413,-15.227191,0.16976497,0.8164405,0.289549,0.4698576
0.9937389,-0.53166467,-14.94406,0.64697665,0.5111976,-0.5353439,0.18304421
0.75213325,-1.3171666,-15.22688,0.16959001,0.8164732,0.28948873,0.46990117
0.9944304,-0.5301923,-14.944387,0.6468976,0.5110526,-0.53565645,0.18281384
0.75360274,-1.3171046,-15.228578,0.16950768,0.8165116,0.2893074,0.46997592
0.9963243,-0.5287713,-14.944703,0.6468147,0.5110072,-0.53583777,0.1827029
0.7528569,-1.3170576,-15.229863,0.16921191,0.8166387,0.28912467,0.46997404
0.9955637,-0.5299238,-14.944965,0.6470271,0.5109463,-0.53561896,0.18276253
0.75228536,-1.3152555,-15.230847,0.16900478,0.81686014,0.28870472,0.4699219
0.9960356,-0.53088593,-14.945183,0.64722025,0.51089996,-0.5354038,0.18283877
0.75184214,-1.3138582,-15.231611,0.16895893,0.8171217,0.28826234,0.46975517
0.9953807,-0.52959174,-14.945366,0.6472983,0.5110071,-0.53530365,0.18255606
0.74990064,-1.3143562,-15.232211,0.16898145,0.8173625,0.2879394,0.46952617
0.9948266,-0.5284967,-14.946521,0.64740974,0.5110749,-0.53519124,0.18230072
0.7498763,-1.3132367,-15.232686,0.16894615,0.8175394,0.28766546,0.46939874
0.9953039,-0.5294625,-14.946555,0.64758545,0.5111605,-0.53485465,0.18242425
0.74841833,-1.3137792,-15.233067,0.16894808,0.8177633,0.28740466,0.46916768
0.99481106,-0.531191,-14.946583,0.64779174,0.5112593,-0.5344758,0.18252519
0.745874,-1.3128508,-15.233373,0.16867341,0.8181707,0.28681204,0.4689189
0.99353033,-0.53010964,-14.947464,0.64796555,0.51182103,-0.53366804,0.18269716
0.7450987,-1.310796,-15.234921,0.16833185,0.8184334,0.28638998,0.4688411
0.99242204,-0.5299875,-14.948227,0.6481354,0.5122929,-0.5328918,0.18303746
0.74569494,-1.310341,-15.236194,0.1681446,0.81854135,0.2860171,0.46894756
0.9914583,-0.5291084,-14.94889,0.64823556,0.5127125,-0.5323014,0.18322612
0.7450172,-1.3087925,-15.237247,0.16777013,0.8186571,0.28575402,0.46903992
0.9906164,-0.529809,-14.94947,0.6483807,0.5130009,-0.5317276,0.1835714
0.7444517,-1.3075008,-15.238126,0.16738398,0.81874275,0.28559887,0.46912292
0.98987764,-0.52972615,-14.949977,0.6484912,0.5132318,-0.53132033,0.18371433
0.7439767,-1.3064158,-15.238864,0.16701058,0.81877065,0.28555414,0.46923456
0.9892267,-0.5303158,-14.950425,0.6485325,0.5134755,-0.5309295,0.18401779
0.7445797,-1.3065029,-15.239489,0.1667001,0.8185927,0.28569686,0.46956828
0.98928064,-0.5302079,-14.950822,0.6485207,0.51362723,-0.53068906,0.18432876
0.7451314,-1.305556,-15.24006,0.16634989,0.818465,0.2857308,0.46989432
0.9887303,-0.5295139,-14.951174,0.6485241,0.5137018,-0.5305663,0.18446285
0.7456443,-1.3057442,-15.240591,0.16605043,0.8182637,0.28591394,0.4702393
0.9882401,-0.530032,-14.951488,0.64855623,0.51377684,-0.5303667,0.18471453
0.74612534,-1.3047934,-15.241089,0.16574115,0.81805795,0.28609803,0.4705944
0.98780197,-0.52941555,-14.951768,0.64856434,0.51382756,-0.53027314,0.1848138
0.7469773,-1.3031095,-15.241971,0.16508925,0.8177703,0.28640682,0.47113532
0.98802966,-0.5288533,-14.951757,0.64849263,0.5139208,-0.5301799,0.18507305
0.747348,-1.3010898,-15.242354,0.16474843,0.8176597,0.2865761,0.4713437
0.9885897,-0.52884436,-14.951985,0.64843196,0.5139308,-0.5302127,0.18516403
0.74906284,-1.3005968,-15.242709,0.16457076,0.8175145,0.2867673,0.47154132
0.9882168,-0.52883625,-14.95219,0.6484098,0.5139589,-0.5302025,0.1851929
0.74915683,-1.301512,-15.243002,0.16445778,0.81744224,0.28705677,0.47152972
0.98787874,-0.52924657,-14.951959,0.6483952,0.514008,-0.5301484,0.18526292
0.74923915,-1.3009708,-15.243258,0.16433753,0.81739557,0.2872593,0.4715292
0.9879683,-0.52922267,-14.952146,0.64835596,0.5140862,-0.53012234,0.18525729
0.7493109,-1.3004988,-15.243483,0.16429512,0.81742066,0.2873701,0.471433
0.987673,-0.5288239,-14.952315,0.64832884,0.51415277,-0.53011787,0.18518014
0.74936986,-1.301413,-15.243665,0.16429345,0.8174235,0.28759927,0.47128892
0.9877615,-0.5288181,-14.952471,0.6483133,0.5142412,-0.5300622,0.1851487
0.74941903,-1.3021748,-15.243817,0.1643495,0.81744915,0.2878143,0.47109357
0.9875022,-0.529153,-14.952613,0.6483143,0.51433194,-0.52998894,0.18510272
0.74945956,-1.302804,-15.242752,0.16443056,0.8175003,0.28794175,0.47089854
0.9872647,-0.5288134,-14.952743,0.6483008,0.5144331,-0.5299466,0.18499005
0.74836105,-1.3021953,-15.242997,0.16438569,0.81757253,0.28814504,0.4706644
0.9870466,-0.5288088,-14.952863,0.6482928,0.5145803,-0.52984655,0.1848954
0.74744034,-1.3016852,-15.243203,0.16430551,0.8177637,0.28826517,0.47028655
0.9865543,-0.5288045,-14.952971,0.6483163,0.5148034,-0.52964264,0.1847762
0.74666363,-1.3022767,-15.242354,0.164298,0.81791395,0.28840837,0.4699401
0.9861009,-0.52880055,-14.953073,0.6483555,0.51499474,-0.52946144,0.18462454
0.7469749,-1.302779,-15.242605,0.1643672,0.81804377,0.28854138,0.46960807
0.9859458,-0.52879685,-14.953165,0.6483716,0.51523125,-0.52924657,0.18452457
0.74539626,-1.3032079,-15.242819,0.16438527,0.8182531,0.28856906,0.46921995
0.9855524,-0.5282933,-14.953251,0.64837134,0.5155124,-0.52904236,0.18432546
0.7437022,-1.3030621,-15.242362,0.16447622,0.8184938,0.28868294,0.46869802
0.9844121,-0.5280453,-14.95315,0.6485067,0.5164611,-0.52815115,0.18374866
0.7426179,-1.3026158,-15.241775,0.1645366,0.8186095,0.28869724,0.4684657
0.9834487,-0.5272728,-14.953288,0.6485644,0.51717305,-0.52756494,0.18322547
0.74242383,-1.3029779,-15.241263,0.16476199,0.81871057,0.28867522,0.46822345
0.9828722,-0.5268975,-14.952995,0.6486461,0.51817197,-0.5266548,0.18273158
0.74225384,-1.3040087,-15.240815,0.16502051,0.81883854,0.2885852,0.4679641
0.98159355,-0.52586704,-14.9532,0.64872223,0.519386,-0.5256148,0.18200785
0.7421043,-1.3042374,-15.240421,0.16520281,0.8189687,0.2885335,0.46770376
0.9802359,-0.5254133,-14.952778,0.64902425,0.52070886,-0.52417487,0.18130253
0.74132824,-1.3037951,-15.240072,0.16536133,0.81914407,0.28840995,0.4674167
0.97799593,-0.5249159,-14.952315,0.64948857,0.52214575,-0.52244425,0.18050061
0.7406404,-1.304015,-15.239764,0.1655196,0.8193331,0.28829527,0.4671001
0.97539437,-0.5224435,-14.952725,0.64986026,0.5236845,-0.5208077,0.17943111
0.7400285,-1.3036293,-15.23949,0.16556095,0.8195526,0.28820977,0.46675304
0.9716414,-0.52206284,-14.952067,0.6504599,0.5252674,-0.51873606,0.17863078
0.7394824,-1.3038373,-15.239244,0.16564213,0.81977063,0.2881079,0.4664041
0.96913636,-0.52048534,-14.951416,0.6509026,0.52690965,-0.5168269,0.17771287
0.73846877,-1.3040235,-15.239025,0.1656963,0.82003075,0.28800982,0.46598792
0.96366686,-0.5174121,-14.950738,0.6514655,0.52854943,-0.51487786,0.17643458
0.7375584,-1.3041908,-15.238828,0.16575511,0.8202791,0.28790578,0.46559405
0.9584852,-0.5160924,-14.950096,0.652084,0.53003794,-0.5128383,0.1756221
0.73673844,-1.3043413,-15.23865,0.16581789,0.82054204,0.28782558,0.4651578
0.9539068,-0.51661193,-14.949529,0.65271395,0.5314523,-0.5107975,0.17495422
0.7359978,-1.3044775,-15.23849,0.16593193,0.8208715,0.28772697,0.4645964
0.9498592,-0.5152642,-14.949028,0.65326065,0.5328417,-0.50898385,0.17397036
0.73043525,-1.3065287,-15.237056,0.16688208,0.8227713,0.28796527,0.46073183
0.92548656,-0.51518714,-14.952057,0.6572882,0.5410899,-0.49623755,0.17012452
0.72558784,-1.3075728,-15.2359,0.16736175,0.82396066,0.28805488,0.4583703
0.9146892,-0.5111598,-14.953215,0.6581751,0.54397076,-0.49238193,0.16870487
0.72142917,-1.3099182,-15.234624,0.16785997,0.825017,0.28821456,0.45618245
0.903486,-0.5106787,-14.951434,0.6590242,0.5458034,-0.48939854,0.16815154
0.7078802,-1.3137534,-15.23189,0.16828534,0.8272668,0.28819987,0.4519409
0.8922374,-0.5193953,-14.949218,0.6603542,0.5475651,-0.48546448,0.16860922
0.7028571,-1.3162671,-15.22875,0.16858318,0.8282346,0.28808758,0.45012522
0.88714826,-0.5165066,-14.948534,0.6605928,0.54837453,-0.48439148,0.1681292
0.69854164,-1.3184266,-15.2280855,0.16871239,0.8290073,0.28805542,0.4486726
0.88347673,-0.5172584,-14.94804,0.6610669,0.54887813,-0.48317778,0.16811533
0.6971501,-1.31809,-15.227553,0.16877232,0.8296269,0.28808132,0.44748676
0.8808475,-0.5149162,-14.947687,0.66145396,0.5491275,-0.48247346,0.16780086
0.6891839,-1.3200594,-15.229356,0.16979429,0.83089393,0.2876137,0.44504327
0.8760509,-0.50739735,-14.953288,0.6631178,0.5490755,-0.48122707,0.16495906
0.68276364,-1.3240249,-15.233186,0.17101231,0.8318662,0.28752768,0.44281068
0.8726698,-0.5080284,-14.95427,0.6648255,0.5486119,-0.4799284,0.16340397
0.67517376,-1.3271666,-15.238725,0.17237298,0.8327949,0.2875618,0.4405093
0.8703441,-0.50256276,-14.960846,0.66594297,0.54842055,-0.47909093,0.16194691
0.6695156,-1.3295084,-15.247901,0.17402203,0.8340104,0.28745288,0.43762302
0.8687514,-0.4929904,-14.968264,0.6665131,0.5485424,-0.47854033,0.16081281
0.66543365,-1.3336672,-15.2619295,0.17557769,0.83594346,0.2870364,0.43356803
0.86153406,-0.48908463,-14.9736395,0.6674046,0.5485777,-0.4772918,0.16070545
0.66489416,-1.3413427,-15.278976,0.17746624,0.8386418,0.28577024,0.4283937
0.85324454,-0.47369626,-14.986923,0.66755044,0.54948235,-0.47607446,0.16061978
0.67359173,-1.3650959,-15.32317,0.1820432,0.846167,0.28118858,0.41448116
0.85078585,-0.4247428,-15.01842,0.6708949,0.551244,-0.46740946,0.16600776
0.6761265,-1.3952627,-15.380445,0.18533249,0.8522629,0.27665225,0.4034393
0.8524492,-0.3661933,-15.054376,0.6737379,0.5537566,-0.45852378,0.17084159
0.67500323,-1.4309846,-15.445974,0.18808098,0.8573729,0.27216968,0.3942854
0.8609952,-0.29570293,-15.101677,0.6752194,0.55742174,-0.45028806,0.1749296
0.67034054,-1.4771776,-15.514822,0.19101618,0.8615899,0.26762965,0.38671705
0.8627319,-0.22331482,-15.15422,0.6761435,0.5616876,-0.44224137,0.17821223
0.6543416,-1.5256212,-15.587188,0.19352418,0.86534584,0.26308548,0.38014612
0.8593731,-0.1510533,-15.213993,0.67670554,0.56600684,-0.434818,0.1806632
0.51807094,-1.6697888,-15.790014,0.20241988,0.8738127,0.25049257,0.3643229
0.747647,0.050919972,-15.388508,0.67690784,0.5770518,-0.4167296,0.18746626
0.3764813,-1.7737628,-15.922419,0.2090891,0.8774337,0.24223317,0.35737216
0.6095984,0.1827046,-15.499108,0.67597204,0.58301425,-0.4080482,0.1914494
0.25693497,-1.847659,-16.014343,0.2140174,0.87957436,0.23675978,0.3528319
0.49291998,0.2607655,-15.580502,0.6751392,0.5868724,-0.4026611,0.19398944
0.148781,-1.8951068,-16.099403,0.21729654,0.8814893,0.23204759,0.3491603
0.3753454,0.30876362,-15.648061,0.67486185,0.58923405,-0.39885682,0.19564779
0.039481543,-1.9504001,-16.175037,0.22102042,0.88306844,0.22826008,0.34530786
0.26300815,0.36401817,-15.716839,0.6737971,0.59156805,-0.39661875,0.1968209
-0.06998826,-1.9957666,-16.259672,0.22471707,0.88404375,0.22485937,0.34264737
0.14074886,0.40903506,-15.785636,0.6724377,0.5937434,-0.39513,0.19791071
-0.19196953,-2.0372767,-16.340616,0.2281575,0.88475484,0.2218521,0.3404919
0.014960616,0.45031342,-15.860804,0.67118716,0.59552234,-0.39415905,0.19874538
-0.33756983,-2.0706651,-16.426544,0.23153001,0.8852632,0.21957466,0.3383638
-0.12522095,0.49681994,-15.938305,0.66957366,0.5976481,-0.39335307,0.19940276
-0.48445943,-2.1081104,-16.514223,0.23507954,0.88543147,0.21729822,0.33694243
-0.28341532,0.54507965,-16.016535,0.6676501,0.5997878,-0.39310557,0.19991495
-0.6388462,-2.1537604,-16.60945,0.23911501,0.8853752,0.21547033,0.3354211
-0.45384076,0.5871103,-16.094793,0.66561,0.6019472,-0.3929874,0.20045896
-0.8021549,-2.1949253,-16.706808,0.24263506,0.8854172,0.21362521,0.3339594
-0.634466,0.6202879,-16.17285,0.6634841,0.60409975,-0.39304823,0.2009116
-1.9454968,-2.4454923,-17.316675,0.25925314,0.88787735,0.20124425,0.32243207
-1.8434289,0.72965187,-16.649765,0.6531275,0.61038226,-0.39986882,0.20239319
-2.3686457,-2.5564754,-17.548464,0.26801974,0.88826597,0.19535232,0.31778377
-2.365132,0.7664255,-16.85809,0.64739376,0.6135683,-0.40431023,0.20235735
-2.6422255,-2.6259637,-17.681816,0.27403688,0.8879905,0.19198821,0.31546387
-2.6936564,0.78298044,-16.983562,0.6433387,0.6154872,-0.40811297,0.20182836
-2.8891842,-2.6629303,-17.800762,0.2782763,0.88776964,0.18911397,0.3141073
-2.9869595,0.7869815,-17.095022,0.64036506,0.61657846,-0.41159943,0.20087183
-3.5383725,-2.7472208,-18.086002,0.2856148,0.8865047,0.18670042,0.31253257
-3.72059,0.8181082,-17.355396,0.6353726,0.61800975,-0.4181011,0.19888993
-3.8681426,-2.8102167,-18.227636,0.29076362,0.8850978,0.18632202,0.31199792
-4.086438,0.8477862,-17.49606,0.6313319,0.6189441,-0.42337802,0.19768512
-4.134029,-2.845885,-18.35593,0.2939288,0.8841766,0.1864003,0.31159678
-4.408379,0.86163056,-17.594439,0.62851053,0.61955065,-0.4270667,0.19683906
-5.062164,-2.9559498,-18.749676,0.301846,0.8820351,0.18574125,0.31048885
-5.4622374,0.9433881,-17.893341,0.62093395,0.6196524,-0.43653202,0.19977945
-5.626255,-3.0365155,-18.944788,0.3081835,0.87964785,0.18406485,0.3120301
-6.1292033,0.9884068,-18.05069,0.6165817,0.61853486,-0.44322768,0.20196782
-5.969764,-3.0833876,-19.04533,0.31191877,0.87791467,0.18302236,0.31380787
-6.508667,1.01279,-18.143677,0.61288357,0.6176304,-0.44875056,0.20378758
-6.246088,-3.1004517,-19.134645,0.31378737,0.87655735,0.18203764,0.3163021
-6.8383193,1.033046,-18.216103,0.6094706,0.61688536,-0.4537283,0.20525272
-6.532044,-3.1269336,-19.198647,0.31583643,0.87508446,0.18137532,0.31871247
-7.1580105,1.0524765,-18.269035,0.6064422,0.6162439,-0.45813188,0.20636524
-6.8353057,-3.13223,-19.257584,0.3175052,0.87386215,0.17998923,0.3211844
-7.475709,1.0640525,-18.34883,0.60385305,0.6150052,-0.46278632,0.20726562
-7.1112695,-3.133289,-19.3232,0.31840405,0.872437,0.17881599,0.32480383
-7.8006988,1.0509882,-18.418617,0.6018372,0.6133765,-0.46724346,0.20795387
-7.700401,-3.1627645,-19.423534,0.3209655,0.86858493,0.1779551,0.33297658
-8.455423,1.0986048,-18.519953,0.5975748,0.6105686,-0.47600538,0.20863684
-7.9840517,-3.1624653,-19.479425,0.3223949,0.86623555,0.17799975,0.33765912
-8.773302,1.1347957,-18.560497,0.59504247,0.6094808,-0.48031944,0.20916708
-8.279162,-3.1316466,-19.521362,0.3224946,0.86425567,0.17823675,0.34247795
-9.106016,1.1420338,-18.599365,0.5930155,0.6079304,-0.48451635,0.20975499
-8.568876,-3.102414,-19.560509,0.32269126,0.86215526,0.17827395,0.34752995
-9.41094,1.1665505,-18.645586,0.59086096,0.6061937,-0.488966,0.21053474
-8.865199,-3.1042569,-19.583717,0.32312423,0.85965914,0.17930041,0.352744
-9.756445,1.1868333,-18.67021,0.58886546,0.6044596,-0.493135,0.21138583
-9.147466,-3.096936,-19.603739,0.32339746,0.85711145,0.18010993,0.3582381
-10.048547,1.2293384,-18.705894,0.58682275,0.6023614,-0.49769148,0.2123747
-10.372753,-3.1031613,-19.607742,0.32535467,0.8481276,0.17962694,0.37756872
-11.468045,1.3839438,-18.782238,0.5822573,0.59547985,-0.50941867,0.2165017
-10.786984,-3.1044064,-19.600853,0.32674775,0.84108686,0.17899454,0.39213493
-11.959565,1.3764163,-18.812887,0.57844347,0.58774817,-0.52067965,0.22101602
-11.054383,-3.0815864,-19.584097,0.3271677,0.8354622,0.17863494,0.40379927
-12.211663,1.4133593,-18.834396,0.57425284,0.5803359,-0.5313873,0.22598982
-11.63377,-3.0422747,-19.51548,0.32689446,0.82460207,0.17921524,0.42550376
-12.782764,1.6483029,-18.83033,0.56538886,0.56738853,-0.55112296,0.23381484
-11.831227,-3.0537806,-19.482435,0.32657698,0.8189067,0.18023641,0.43618134
-13.029928,1.5907719,-18.837883,0.56311184,0.560644,-0.5584862,0.2380686
-12.024513,-3.025323,-19.460445,0.32598716,0.8139173,0.18077287,0.4456369
-13.187017,1.6561627,-18.839396,0.56003237,0.55523634,-0.5653899,0.24168329
-12.155446,-3.05808,-19.44067,0.32556587,0.80890685,0.18169183,0.45460382
-13.333781,1.6999997,-18.855078,0.55761313,0.5495598,-0.5719156,0.24487616
-12.320048,-3.0569415,-19.405956,0.32492208,0.8041246,0.18254599,0.46312666
-13.501548,1.7010775,-18.850523,0.5559777,0.5440571,-0.5775093,0.24773733
-12.452934,-3.0490243,-19.391323,0.32408148,0.79900366,0.18340354,0.47215205
-13.658137,1.7551209,-18.834234,0.5540217,0.5384576,-0.5836072,0.25005203
-12.602547,-3.039751,-19.365328,0.323608,0.7936987,0.18386789,0.48115778
-13.858628,1.7428606,-18.807907,0.55271965,0.53330046,-0.58847076,0.25257453
-12.717056,-3.0609655,-19.337059,0.32282376,0.78840005,0.18463634,0.49001998
-13.998692,1.7557878,-18.79495,0.5515881,0.52709526,-0.5943173,0.2543779
-12.832234,-3.0882773,-19.308336,0.32229233,0.7829152,0.1853008,0.49883378
-14.16512,1.7814424,-18.761602,0.55033374,0.5207646,-0.60045683,0.25571212
-12.993685,-3.0629811,-19.271833,0.321628,0.7781275,0.18545051,0.5066371
-14.306062,1.8173321,-18.731863,0.5488154,0.5142407,-0.6068243,0.25714275
-13.095181,-3.10406,-19.241463,0.32110265,0.77272713,0.18611118,0.51492566
-14.480353,1.8706483,-18.656708,0.5475872,0.5079956,-0.61281335,0.25796995
-13.238517,-3.0968964,-19.18925,0.3203768,0.7680252,0.18628491,0.5222968
-14.530592,1.8736217,-18.664745,0.5460601,0.5003202,-0.61937463,0.26052478
-14.028463,-3.064705,-18.925049,0.31706184,0.75275594,0.18647526,0.54594636
-14.871297,1.8742164,-18.4818,0.54909074,0.48955664,-0.62466645,0.26196468
-14.27873,-3.065956,-18.84145,0.31464133,0.74220896,0.1866363,0.56151015
-14.9163685,1.8205074,-18.452902,0.55090684,0.48211682,-0.6282002,0.26349494
-14.39799,-3.0738964,-18.80166,0.31308806,0.73493415,0.18718024,0.57167417
-14.9407625,1.7866967,-18.44712,0.55271083,0.47693545,-0.6301788,0.26442024
-14.483359,-3.0908637,-18.770634,0.31188938,0.729608,0.18795012,0.5788541
-14.937952,1.8106933,-18.453655,0.5534131,0.47291288,-0.6327019,0.2641511
-14.569642,-3.0558088,-18.764427,0.31114444,0.7256197,0.18812226,0.5841878
-14.968148,1.777044,-18.454962,0.55446535,0.46953464,-0.63420814,0.26435867
-14.640725,-3.1103153,-18.732428,0.3099127,0.72190917,0.19020125,0.5887485
-15.004946,1.7780039,-18.447533,0.55570614,0.4659745,-0.63594323,0.26388395
-14.7549095,-3.0981474,-18.702957,0.30716166,0.7194535,0.19175702,0.59267837
-15.050755,1.824334,-18.430668,0.5564827,0.46319464,-0.6377547,0.2627677
-15.117583,-3.044475,-18.605148,0.30233112,0.7076216,0.1915962,0.60922784
-15.289364,1.7877773,-18.349724,0.5590711,0.45023,-0.6442614,0.2639313

