ICVP Direct Stim Program 4.0.1+v4.0.1 - RelativeLocations
Updated at: 2022-08-22--16-43-40
Subject ID: CKT
Tester ID: kstipp
Direct Stimulation Input from the UI

UserID ; Time ; Electrodes ; Frequency (Hz) ; Cathodic Phase Duration (us) ; Train Length (ms) ; Duty On (ms); Duty Off (ms) ; Inter-train Length (ms) ; Amplitude (uA) ; Sent to Gateway ; Response ; Response Latency (ms) ; Response Duration (ms) ; Comments
kstipp ; 2022-08-22--16-43-40 ; 3000-3001-3004-3005 , 3000-3001-3004-3005-1502-1503-1506-1507 ; 200 ; 200 ; 1000 ; 1000 ; 0 ; 0 ; 40 ; True ;  ;  ;  ; moved up. 1st was group 2-3 with 1 larger than other 2, the 2nd was very close

Position t,Position u,Position v,Orientation w,Orientation x,Orientation y,Orientation z
1.038092,-1.4436638,-14.966272,0.3135163,0.74717355,0.10471264,0.5766061
1.0260857,-0.14983444,-14.591944,0.15906389,0.7469897,-0.4100264,0.49858144
1.0380956,-1.4452598,-14.966233,0.3136853,0.7473139,0.104659796,0.5763417
1.0288594,-0.15074782,-14.591775,0.15924212,0.74645674,-0.4104077,0.49900886
1.0380986,-1.4445578,-14.966203,0.31365755,0.7475324,0.10444893,0.5761117
1.0287774,-0.15143894,-14.591646,0.15940894,0.7462401,-0.41046727,0.49923062
1.0362371,-1.4458905,-14.96618,0.31400418,0.7483996,0.104462095,0.5747931
1.0334262,-0.14965814,-14.59154,0.15963128,0.7453293,-0.41143098,0.49972665
1.0312709,-1.4469111,-14.966162,0.31436285,0.7497513,0.10446452,0.57283163
1.034562,-0.14833012,-14.593791,0.15972254,0.74503636,-0.41165552,0.49994937
1.0274218,-1.4460201,-14.966148,0.31460553,0.751248,0.10438062,0.57074904
1.0331649,-0.14958893,-14.595412,0.15999915,0.74520993,-0.4113248,0.49987444
1.0244051,-1.4453219,-14.967735,0.31485,0.75244564,0.10429242,0.56905025
1.0342556,-0.15051642,-14.596605,0.1602148,0.7453048,-0.41113314,0.49982145
1.0189798,-1.4447688,-14.968993,0.31503606,0.7535924,0.104265586,0.5674324
1.0330491,-0.15321727,-14.597488,0.16064346,0.74544364,-0.41064268,0.49988016
1.0160817,-1.4443263,-14.969999,0.3152423,0.7545055,0.10423306,0.5661089
1.0340686,-0.15333347,-14.598161,0.16046846,0.7456404,-0.41060382,0.4996748
1.0123715,-1.443969,-14.970811,0.31539333,0.75529844,0.10417935,0.5649762
1.0330025,-0.15342163,-14.59867,0.16044645,0.7458912,-0.41035566,0.49951124
1.0093493,-1.4449794,-14.971473,0.31557465,0.7559828,0.10420398,0.56395406
1.0321835,-0.15348934,-14.599062,0.16039136,0.74619645,-0.41008103,0.49929854
1.0068668,-1.444573,-14.972015,0.31563854,0.756645,0.104171164,0.56303555
1.031547,-0.15354197,-14.599366,0.16038713,0.7464617,-0.40989944,0.4990525
1.0036373,-1.4442365,-14.9724655,0.31566828,0.7572643,0.10413519,0.5621923
1.0294695,-0.15358333,-14.599606,0.16027722,0.7467914,-0.4096279,0.4988174
1.00206,-1.4450718,-14.97284,0.31576678,0.7577353,0.10416314,0.5614968
1.0293181,-0.15361618,-14.599795,0.16022418,0.74702257,-0.40936852,0.49870127
0.9996755,-1.4447131,-14.973156,0.31581917,0.75819063,0.10413168,0.5608582
1.0291966,-0.15364252,-14.599948,0.16025141,0.74726,-0.40912062,0.49854034
0.99766004,-1.4444098,-14.973423,0.3158449,0.7586372,0.103995174,0.5602647
1.0277461,-0.15366384,-14.600071,0.16025318,0.747587,-0.40873635,0.4983646
0.9959459,-1.4441521,-14.973649,0.31587404,0.7590184,0.10393241,0.5597434
1.026562,-0.15368125,-14.600172,0.16023837,0.747954,-0.40838322,0.49810806
0.99447954,-1.4439315,-14.973843,0.31592155,0.75939494,0.10386539,0.55921817
1.0255874,-0.15369558,-14.600255,0.16019757,0.7482258,-0.40814123,0.49791136
0.9932182,-1.4437417,-14.9740095,0.3159752,0.75973195,0.10382428,0.5587375
1.0247791,-0.15370746,-14.600324,0.16003385,0.7485105,-0.40795594,0.49768782
0.9913074,-1.4435778,-14.9741535,0.31600225,0.7600686,0.10381767,0.55826545
1.0241038,-0.15261601,-14.600381,0.15990072,0.74881744,-0.4077523,0.49743578
0.989647,-1.4442143,-14.974279,0.3160968,0.7604127,0.10378103,0.55774987
1.024582,-0.15274423,-14.600429,0.15979551,0.74899775,-0.4076202,0.4973063
0.9881975,-1.4440299,-14.974388,0.31610477,0.7608024,0.10376252,0.5572171
1.023993,-0.1518588,-14.60047,0.15969843,0.7492374,-0.40748486,0.49708742
0.9869265,-1.4438682,-14.974484,0.31612083,0.7612083,0.103717856,0.5566617
1.0234913,-0.15204893,-14.600505,0.15957846,0.7495135,-0.4072897,0.49686956
0.98646116,-1.4437212,-14.974571,0.31615973,0.76151794,0.10365362,0.55622786
1.0230614,-0.1522118,-14.600534,0.15941958,0.749746,-0.4071165,0.49671173
0.986021,-1.4442846,-14.974653,0.3162082,0.761779,0.10362177,0.5558486
1.0226912,-0.15235208,-14.60056,0.15923321,0.7499383,-0.40702924,0.49655274
0.9847748,-1.4440824,-14.974739,0.31614023,0.7620635,0.10351018,0.55551803
1.0223707,-0.15166391,-14.599773,0.15899667,0.7502175,-0.40687016,0.4963371
0.98351276,-1.4438777,-14.974826,0.31604478,0.7623138,0.103441946,0.55524164
1.0220917,-0.15183437,-14.599088,0.15880907,0.7504606,-0.40670237,0.4961671
0.98226434,-1.4436752,-14.974912,0.31607518,0.76243013,0.103406884,0.55507106
1.0218481,-0.15198334,-14.59849,0.1586451,0.750643,-0.40659043,0.49603552
0.98191637,-1.4433217,-14.975061,0.31601408,0.76259094,0.10328128,0.5549083
1.020799,-0.15092339,-14.597501,0.15828112,0.75101846,-0.4064353,0.49571037
0.980717,-1.4431591,-14.975131,0.31595415,0.76266855,0.10317313,0.5548559
1.0206743,-0.15048403,-14.597091,0.15815683,0.7511763,-0.40632614,0.49560043
0.9806867,-1.4430141,-14.975192,0.31583816,0.762727,0.10316988,0.5548422
1.0205636,-0.15068896,-14.596727,0.15809391,0.75127816,-0.40622458,0.49554947
0.9795681,-1.4417883,-14.974159,0.31570905,0.7628323,0.10315024,0.55477446
1.0198995,-0.15030622,-14.596403,0.15800668,0.7514264,-0.40613306,0.49542728
0.979663,-1.4417917,-14.973278,0.31568927,0.762879,0.10309998,0.5547309
1.0198429,-0.15050113,-14.596113,0.15795325,0.75153893,-0.40603003,0.49535805
0.97974485,-1.4417946,-14.972518,0.31569,0.76288766,0.1031047,0.5547177
1.019792,-0.15067594,-14.595853,0.15788576,0.7516801,-0.40589818,0.49527347
0.9787565,-1.4417974,-14.971805,0.3156909,0.7629358,0.10307988,0.5546556
1.0192615,-0.15083319,-14.595619,0.15783724,0.75181264,-0.4057592,0.49520165
0.9789366,-1.4417998,-14.971191,0.3157138,0.7629157,0.10306536,0.55467296
1.018783,-0.15051453,-14.595408,0.15771072,0.751949,-0.40566552,0.49511176
0.97909296,-1.4418018,-14.970659,0.3157099,0.7628667,0.10303147,0.55474883
1.0187877,-0.15022631,-14.595217,0.15763383,0.752039,-0.4056006,0.49505273
0.979226,-1.4427547,-14.970206,0.31572303,0.76280016,0.1030427,0.5548308
1.0183764,-0.15038058,-14.595043,0.1576132,0.75214756,-0.4054728,0.49499893
0.9793399,-1.4435705,-14.969819,0.31578055,0.762677,0.10303609,0.5549684
1.0183972,-0.15012595,-14.594886,0.15752247,0.7522277,-0.40539566,0.4949693
0.9794396,-1.4434114,-14.9694805,0.3157215,0.7626234,0.10302078,0.5550786
1.0180411,-0.149894,-14.594743,0.15746632,0.75230765,-0.4053285,0.49492073
0.97952837,-1.4424146,-14.969179,0.31567755,0.7625976,0.102920115,0.5551577
1.0177162,-0.15003859,-14.594611,0.15743439,0.7523618,-0.40525818,0.4949061
0.9804175,-1.4423643,-14.968917,0.31563836,0.7624808,0.102909595,0.55534244
1.0174189,-0.15017083,-14.594492,0.15740843,0.7524059,-0.4052194,0.49487898
0.9804191,-1.4423207,-14.96869,0.315633,0.76236844,0.10298043,0.55548644
1.0174679,-0.14997046,-14.594381,0.15734394,0.752445,-0.4051989,0.49485695
0.98042053,-1.4430156,-14.968492,0.3157417,0.76221824,0.10301701,0.5556241
1.0175129,-0.15009199,-14.594281,0.15732238,0.75246316,-0.4051903,0.49484324
0.9811182,-1.4429289,-14.968316,0.31564376,0.76196,0.10307091,0.5560237
1.0172224,-0.14988354,-14.5941725,0.15734671,0.75246876,-0.4051566,0.49485457
0.981733,-1.4428525,-14.968824,0.3155246,0.76170397,0.10312283,0.5564324
1.0169312,-0.1500268,-14.594065,0.15736401,0.7524809,-0.40510795,0.49487042
0.98227686,-1.4427849,-14.968645,0.31539443,0.7614761,0.103141345,0.55681455
1.0166143,-0.14978498,-14.593946,0.15735766,0.7525269,-0.4050031,0.4948884
0.9833569,-1.4427248,-14.968485,0.31529832,0.7612323,0.10314299,0.5572018
1.0162734,-0.14952472,-14.59382,0.15736192,0.75258815,-0.40487334,0.49489993
0.9837519,-1.4421042,-14.968911,0.31518462,0.7610781,0.10309246,0.5574861
1.0159367,-0.14973009,-14.593694,0.15736161,0.7526552,-0.40472564,0.49491885
0.984105,-1.4420882,-14.968753,0.31514114,0.76093346,0.10308058,0.55771035
1.0155811,-0.14943399,-14.593561,0.15736127,0.75269353,-0.4045953,0.49496725
0.9844216,-1.4420738,-14.968611,0.31511205,0.76081693,0.103078976,0.55788594
1.0152336,-0.14967422,-14.593432,0.15741545,0.7527251,-0.40443966,0.49502915
0.98470634,-1.442061,-14.968483,0.31508675,0.7607189,0.103066385,0.55803627
1.0154247,-0.14988986,-14.593316,0.15746152,0.7527471,-0.4043054,0.4950907
0.9849632,-1.4420494,-14.968368,0.3150519,0.76064,0.10305029,0.55816644
1.0150911,-0.1501017,-14.593203,0.15749747,0.75278544,-0.40414727,0.4951501
0.9851954,-1.4420388,-14.968264,0.31502944,0.7605973,0.10302388,0.55824214
1.0152866,-0.15029202,-14.593101,0.15755163,0.75279176,-0.40401396,0.49523202
0.98540604,-1.4420292,-14.968168,0.31501225,0.7605433,0.10298892,0.55833197
1.0149503,-0.14995033,-14.592995,0.15759327,0.75281835,-0.40388808,0.49528104
0.98559743,-1.4420205,-14.968082,0.31498557,0.76051563,0.10294915,0.558392
1.0146066,-0.14960103,-14.592887,0.15763547,0.75284415,-0.4037745,0.49532107
0.98614806,-1.442389,-14.968004,0.31501186,0.7604663,0.10293147,0.55844754
1.0148606,-0.14927937,-14.592787,0.15768544,0.752824,-0.40371928,0.49538082
0.9862932,-1.4420103,-14.967933,0.31497958,0.7604669,0.102885105,0.5584735
1.0145026,-0.14895283,-14.592687,0.15774323,0.7528273,-0.40367746,0.49539152
0.98642594,-1.4420036,-14.967867,0.31497812,0.7604693,0.10284206,0.558479
1.0141844,-0.14924745,-14.593182,0.15783061,0.75281817,-0.40358916,0.49544945
0.9865476,-1.4419974,-14.967807,0.31497127,0.76047325,0.10282774,0.55848014
1.0139005,-0.15006605,-14.593624,0.1579798,0.75278646,-0.4034976,0.4955247
0.9866593,-1.4416852,-14.968059,0.31496736,0.7605006,0.10278006,0.55845386
1.0141743,-0.14974286,-14.594019,0.15804775,0.7527584,-0.40344393,0.49558938
0.98676205,-1.4416893,-14.9679985,0.3150018,0.76052266,0.10272394,0.5584148
1.0144202,-0.14995424,-14.594375,0.15812817,0.75272644,-0.4033731,0.4956699
0.98685664,-1.4416931,-14.967943,0.31502476,0.7605644,0.10269881,0.5583496
1.0141649,-0.14966811,-14.594694,0.15815327,0.7527238,-0.40332493,0.49570507
0.98668104,-1.4414338,-14.968156,0.31504264,0.7606475,0.10263117,0.5582386
1.0139346,-0.14940976,-14.594982,0.15822136,0.75269794,-0.4032681,0.4957689
0.98651886,-1.4414438,-14.968351,0.31508157,0.76072246,0.10258719,0.55812263
1.0137261,-0.1496059,-14.595244,0.15831475,0.7526616,-0.4032172,0.49583557
0.9861316,-1.441453,-14.9685335,0.31512788,0.7608642,0.10252955,0.5579139
1.0135369,-0.1497839,-14.595481,0.15854253,0.7525441,-0.40325448,0.49591073
0.9859981,-1.4414617,-14.968701,0.31519818,0.76104474,0.10246312,0.55763996
1.0137529,-0.14994581,-14.595697,0.15875782,0.7524097,-0.4033046,0.4960051
0.9856602,-1.4414696,-14.968857,0.31528428,0.7612849,0.10238835,0.55727714
1.0139499,-0.1500934,-14.595894,0.15893134,0.75227416,-0.40340036,0.4960773
0.9853453,-1.4414771,-14.969003,0.31539217,0.7615688,0.10233145,0.55683845
1.0137794,-0.15022825,-14.596073,0.1591262,0.7521571,-0.403475,0.49613157
0.98495036,-1.4414862,-14.969185,0.31551346,0.7618777,0.1022931,0.55635405
1.0139561,-0.15035169,-14.596238,0.15930793,0.7520107,-0.40360552,0.4961891
0.98447084,-1.4414976,-14.969405,0.31567433,0.762198,0.10224294,0.55583316
1.0138022,-0.15046489,-14.596389,0.15949722,0.75188935,-0.4037164,0.49622184
0.9843242,-1.4415094,-14.969634,0.31580698,0.7625063,0.102173425,0.55534744
1.013961,-0.15056889,-14.596528,0.15964487,0.7517587,-0.40384337,0.49626908
0.9837313,-1.441523,-14.9699,0.31590626,0.7628531,0.10213396,0.5548217
1.0141071,-0.15066461,-14.596656,0.15981786,0.7516133,-0.40398943,0.4963148
0.9830633,-1.4415383,-14.970201,0.3160267,0.76314855,0.102044806,0.554363
1.0142418,-0.15102385,-14.596773,0.15998927,0.75147986,-0.40410662,0.49636608
0.98233277,-1.441555,-14.97053,0.31619126,0.7634092,0.10202666,0.55391353
1.0146236,-0.15109806,-14.596881,0.16013609,0.75129867,-0.40429837,0.49643695
0.9815553,-1.441573,-14.970879,0.31633475,0.7636572,0.10196199,0.5535014
1.0147321,-0.15116666,-14.596982,0.1603624,0.751088,-0.40450072,0.4965178
0.9807481,-1.4415915,-14.971241,0.31645635,0.76382786,0.101889834,0.5532096
1.0148325,-0.15123017,-14.5970745,0.1605968,0.75084156,-0.4047661,0.49659845
0.9799286,-1.4416102,-14.97161,0.3165129,0.76400644,0.10180589,0.55294603
1.0151463,-0.15106831,-14.59716,0.16085298,0.75052303,-0.40511674,0.49671116
0.9791037,-1.4407582,-14.971981,0.31644827,0.7642037,0.101712525,0.5527275
1.0154376,-0.15091808,-14.5972395,0.1611348,0.75016683,-0.40551725,0.4968311
0.97828996,-1.4399178,-14.972345,0.3164436,0.7642573,0.10167244,0.5526635
1.0157082,-0.15097769,-14.597513,0.16151728,0.7497495,-0.405931,0.496999
0.9775175,-1.4401146,-14.9726925,0.31645113,0.76429313,0.10169969,0.5526047
1.015964,-0.15103401,-14.597579,0.1619562,0.7492673,-0.40641963,0.4971839
0.97678137,-1.439245,-14.973023,0.31638715,0.7642881,0.10173333,0.55264205
1.0164962,-0.15110032,-14.597656,0.16233341,0.7487296,-0.40702087,0.497379
0.9761038,-1.4395379,-14.973328,0.3164215,0.7641539,0.101814955,0.5527929
1.0169051,-0.15119208,-14.598092,0.16269803,0.74819875,-0.40758798,0.49759427
0.97548485,-1.4398054,-14.973606,0.31640035,0.76400745,0.101910226,0.55298996
1.0178329,-0.15088537,-14.598211,0.16297585,0.7476133,-0.40824178,0.49784726
0.9760365,-1.4400296,-14.973839,0.31639436,0.76381284,0.10199521,0.55324644
1.0189618,-0.15104732,-14.598357,0.16330805,0.7469682,-0.4089109,0.49815756
0.9775192,-1.4402189,-14.974036,0.31626096,0.7631327,0.10213498,0.55423456
1.021087,-0.15125029,-14.598538,0.16371952,0.74533564,-0.41039085,0.49924958
0.9787788,-1.441346,-14.973237,0.31616712,0.7625363,0.10226943,0.5550836
1.0246274,-0.1505599,-14.598762,0.16401024,0.7437248,-0.41187814,0.50033045
0.980773,-1.4413912,-14.972554,0.31608817,0.7619272,0.102374114,0.55594504
1.0285743,-0.14979023,-14.59901,0.16417314,0.7422846,-0.4131896,0.5013335
0.9824865,-1.4405581,-14.971968,0.3158551,0.7613363,0.102372974,0.5568864
1.0326521,-0.15035793,-14.599267,0.16459176,0.74050593,-0.4145652,0.50268906
0.9839667,-1.4398384,-14.971461,0.31566352,0.7607606,0.10241508,0.55777335
1.0383835,-0.1509322,-14.599528,0.16481926,0.7390163,-0.41572672,0.50384605
0.98603874,-1.4400005,-14.971021,0.31556734,0.76020044,0.10250919,0.55857366
1.0437413,-0.15327206,-14.599771,0.16509464,0.7377607,-0.41653875,0.5049241
0.987846,-1.4401422,-14.970637,0.31544167,0.7596882,0.10260551,0.5593233
1.0464288,-0.15337527,-14.599979,0.16527791,0.7368353,-0.4171791,0.50568616
0.98942935,-1.440266,-14.970301,0.3153897,0.75919056,0.10270318,0.56001
1.0507954,-0.15346439,-14.600159,0.16527137,0.7359905,-0.41771773,0.5064735
0.9908224,-1.440375,-14.970005,0.31531373,0.7587154,0.10284628,0.56067014
1.0522195,-0.15353619,-14.600304,0.16540591,0.73543,-0.41803986,0.5069777
0.9926939,-1.4404714,-14.969743,0.31525823,0.7582719,0.10295897,0.5612803
1.0555881,-0.15359518,-14.600423,0.16560958,0.73472404,-0.41848117,0.5075703
0.99435323,-1.4411657,-14.969511,0.3152309,0.75785494,0.103075534,0.561837
1.0582825,-0.15364236,-14.600518,0.16564058,0.73429644,-0.41858783,0.50809073
0.9958298,-1.441205,-14.969304,0.31516382,0.7574584,0.10323875,0.56237924
1.0603942,-0.15367934,-14.600594,0.16562483,0.7340136,-0.41879913,0.5083304
0.9965985,-1.4412402,-14.96912,0.31506637,0.7571401,0.103377156,0.56283677
1.0620054,-0.15607125,-14.60065,0.1658665,0.73370224,-0.41884136,0.50866616
0.99780905,-1.4417937,-14.968955,0.3150038,0.7567825,0.10355863,0.5633192
1.0632298,-0.15788884,-14.600693,0.16595288,0.733525,-0.41878253,0.50894207
0.99889666,-1.441795,-14.968807,0.31492934,0.7563737,0.10374768,0.5638748
1.0618418,-0.15692489,-14.600723,0.1660649,0.7335513,-0.41866413,0.508965
0.9999742,-1.4423145,-14.96866,0.31485167,0.7559234,0.10398577,0.5644778
1.0630445,-0.15618725,-14.600747,0.1660257,0.7334494,-0.4186649,0.5091239
1.0011802,-1.4422829,-14.968496,0.3147582,0.75547266,0.104219295,0.56509006
1.0639724,-0.15561819,-14.600765,0.16589497,0.73349255,-0.41869968,0.50907576
1.0024759,-1.4429525,-14.96832,0.31468943,0.7550047,0.104499474,0.56570166
1.0646846,-0.15518133,-14.60078,0.1657218,0.73349315,-0.41859075,0.50922084
1.0038283,-1.4436513,-14.968136,0.31464732,0.75455254,0.104787886,0.56627476
1.0630122,-0.15486571,-14.602976,0.16577832,0.7336334,-0.41842324,0.50913817
1.0052029,-1.4443617,-14.967948,0.31456614,0.75412476,0.10509472,0.56683254
1.0638896,-0.15677029,-14.60464,0.16577867,0.7337615,-0.41820744,0.5091308
1.0078357,-1.4438726,-14.9694395,0.31441075,0.75351864,0.105494365,0.56764996
1.0630329,-0.15765843,-14.606896,0.16549063,0.73430455,-0.4176452,0.508903
1.007985,-1.4446566,-14.970088,0.31438395,0.7533349,0.105633415,0.5678828
1.0618799,-0.15687658,-14.607612,0.16536148,0.7346031,-0.41750622,0.5086281
1.008118,-1.4453564,-14.970668,0.31430578,0.7533392,0.10567585,0.56791246
1.0610062,-0.15813163,-14.608155,0.16523165,0.7352814,-0.41684848,0.5082294
1.0092936,-1.4449701,-14.971217,0.31423745,0.75339246,0.10565635,0.5678833
1.0603358,-0.1573396,-14.608572,0.16497962,0.7358692,-0.41642687,0.507806
1.0092914,-1.4446317,-14.971698,0.31414828,0.7535681,0.105589814,0.56771195
1.059815,-0.15839195,-14.607228,0.1648742,0.7363421,-0.41602433,0.5074847
1.0092895,-1.4453535,-14.972122,0.3141559,0.75372636,0.10553237,0.5675083
1.0594062,-0.15763424,-14.6061735,0.16469926,0.7367877,-0.41569063,0.5071681
1.0092878,-1.4449841,-14.972497,0.3141347,0.7539003,0.10542181,0.56730956
1.057577,-0.15552823,-14.605336,0.16452426,0.7372616,-0.4153896,0.5067827
1.0092863,-1.4446632,-14.971847,0.31409132,0.75403196,0.1053504,0.5671718
1.0561113,-0.15527032,-14.604665,0.16448988,0.737627,-0.41505134,0.50653917
1.0092851,-1.4443822,-14.971278,0.3140516,0.7541551,0.105283864,0.56704247
1.0549259,-0.15506175,-14.604122,0.16439804,0.7380236,-0.41481918,0.50618136
1.009284,-1.4441345,-14.970776,0.3139994,0.75432026,0.10527312,0.5668535
1.053959,-0.1548916,-14.603681,0.16439372,0.7382974,-0.41463402,0.5059351
1.0092831,-1.4439149,-14.970331,0.3139935,0.75443655,0.10522254,0.5667115
1.0531636,-0.15475164,-14.603316,0.16439092,0.7385536,-0.4144475,0.50571495
1.0092821,-1.4446138,-14.969936,0.31404978,0.7545374,0.105255805,0.5665398
1.0536689,-0.15347123,-14.603015,0.1643139,0.73878336,-0.4143921,0.5054496
1.0092813,-1.4452382,-14.9695835,0.3140865,0.7545839,0.10531428,0.5664466
1.0529846,-0.1535084,-14.602762,0.16436338,0.7389902,-0.41424912,0.5052484
1.0084442,-1.445777,-14.969279,0.31415278,0.7546548,0.10533116,0.5663123
1.0534601,-0.15353961,-14.6025505,0.16433465,0.7391165,-0.41420612,0.50510824
1.0085129,-1.44545,-14.969016,0.31416947,0.7546975,0.10537022,0.56623894
1.0538625,-0.15356605,-14.602371,0.16437623,0.7391813,-0.41419685,0.5050075
1.0085737,-1.4459279,-14.9687805,0.31423593,0.7547126,0.10535672,0.5661843
1.0542051,-0.15358855,-14.602219,0.16439505,0.7391944,-0.4141843,0.5049925
1.0086287,-1.4456041,-14.968569,0.31421575,0.7547876,0.105306424,0.5661048
1.0535973,-0.15360782,-14.602088,0.1644277,0.73922586,-0.41416892,0.5049482
1.0086796,-1.4460642,-14.968372,0.31426162,0.75481296,0.1052999,0.56604683
1.0530741,-0.15362439,-14.601975,0.1644838,0.7392343,-0.41413942,0.5049419
1.0087259,-1.4457341,-14.968194,0.3142662,0.75485957,0.1052516,0.56599116
1.0534345,-0.15445189,-14.601878,0.16461474,0.73915076,-0.41415274,0.5050106
1.0080563,-1.445445,-14.968748,0.31425124,0.7549243,0.105207145,0.56592137
1.0537479,-0.15439902,-14.601793,0.16467284,0.7390658,-0.41419393,0.50508213
1.0081416,-1.4451904,-14.968561,0.31424266,0.7549628,0.10516367,0.5658828
1.0532879,-0.15435284,-14.60172,0.16470672,0.7389887,-0.41425395,0.50513476
1.0075762,-1.4456066,-14.968396,0.31429935,0.7549985,0.10512968,0.56581
1.0528842,-0.15431231,-14.601655,0.16479042,0.73890394,-0.41430098,0.50519294
1.0082986,-1.4453647,-14.968248,0.31428638,0.75495905,0.10506096,0.5658826
1.0531907,-0.1542766,-14.601598,0.16491021,0.7385805,-0.41464573,0.50534385
1.0083607,-1.4451393,-14.968111,0.3142626,0.75492305,0.1049903,0.56595695
1.0540912,-0.15487419,-14.601547,0.16509151,0.7381898,-0.4149437,0.50561094
1.009106,-1.4455849,-14.967968,0.31426856,0.75484425,0.10494528,0.5660671
1.0550395,-0.15479453,-14.601495,0.16521503,0.73775965,-0.41533902,0.5058738
1.009856,-1.445296,-14.967824,0.3142587,0.7547593,0.10489362,0.5661955
1.0560226,-0.15471192,-14.601439,0.1652802,0.7373453,-0.41572413,0.50614023
1.0098124,-1.4450353,-14.967693,0.3142127,0.7546953,0.104852654,0.5663139
1.056132,-0.15463544,-14.601388,0.1653543,0.7370116,-0.41602427,0.5063554
1.0097739,-1.444121,-14.967578,0.31412947,0.75463295,0.10478706,0.56645525
1.0571245,-0.15455823,-14.601336,0.16544268,0.73663366,-0.41631806,0.50663483
1.0104749,-1.443944,-14.9674635,0.31407112,0.75450546,0.10477449,0.5666597
1.0571433,-0.15535298,-14.60129,0.16554116,0.7363691,-0.4164916,0.5068447
1.0111713,-1.4437681,-14.967349,0.31397915,0.75439835,0.104732566,0.56686085
1.0580988,-0.15520105,-14.601244,0.16557412,0.7360952,-0.4166964,0.5070634
1.0118529,-1.4435959,-14.967238,0.31387553,0.7542499,0.10471738,0.56711864
1.059024,-0.15505391,-14.601201,0.1655614,0.7358679,-0.41686994,0.5072548
1.0125006,-1.4425468,-14.967132,0.3137247,0.7541364,0.10467166,0.5673615
1.0588526,-0.15492612,-14.601162,0.16552131,0.7357885,-0.41695184,0.5073157
1.0141628,-1.4424713,-14.967022,0.3136441,0.75395644,0.10465413,0.56764835
1.0597264,-0.15584154,-14.601126,0.16557881,0.73561907,-0.41701287,0.5074924
1.0146707,-1.4424012,-14.966921,0.3135348,0.7538457,0.1046889,0.5678493
1.0605472,-0.15560873,-14.601092,0.16557094,0.7354839,-0.4170766,0.5076385
1.0151381,-1.4423367,-14.966828,0.31345585,0.7537128,0.10470441,0.56806654
1.0625885,-0.15537739,-14.601058,0.16558897,0.7353589,-0.4171706,0.50773656
1.0155652,-1.4422777,-14.966744,0.3134063,0.7536188,0.1047097,0.56821764
1.0619521,-0.15634976,-14.601029,0.16562115,0.7354395,-0.4169965,0.5077523
1.0159417,-1.443316,-14.966669,0.31336278,0.7535278,0.10474063,0.5683565
1.0625547,-0.15604137,-14.601005,0.16559933,0.7355018,-0.41693056,0.5077232
1.0162826,-1.4431428,-14.966601,0.31320143,0.75353485,0.10469686,0.5684442
1.063099,-0.15576284,-14.600983,0.16557644,0.7356193,-0.41682282,0.507649
1.016578,-1.4429926,-14.967633,0.31309995,0.7535883,0.10461244,0.5684447
1.0624204,-0.15553102,-14.600964,0.1656012,0.7357806,-0.4165973,0.5075924
1.0168365,-1.4428611,-14.968537,0.31298566,0.7536668,0.10454607,0.5684158
1.0618514,-0.15533672,-14.600948,0.16561596,0.735964,-0.41640592,0.5074786
1.0170603,-1.443797,-14.969318,0.312968,0.75368553,0.10452293,0.568405
1.06035,-0.1551728,-14.601956,0.16563718,0.7361762,-0.4162253,0.50731194
1.0172585,-1.4435823,-14.970011,0.31289417,0.75372416,0.10445743,0.5684064
1.0600455,-0.1550336,-14.601843,0.16564478,0.73634464,-0.41608864,0.5071773
1.0164347,-1.4424088,-14.970597,0.3127596,0.75388706,0.104376376,0.5682793
1.0597854,-0.15491474,-14.602667,0.16564691,0.7365081,-0.41596162,0.50704336
1.0157329,-1.442351,-14.971097,0.31272203,0.7540051,0.10433885,0.5681503
1.0595621,-0.15481263,-14.603374,0.16567297,0.7366937,-0.41584107,0.50686395
1.0151315,-1.4423014,-14.971525,0.31271186,0.75414944,0.10427919,0.5679753
1.0585372,-0.15472446,-14.603985,0.16569062,0.7369011,-0.4157266,0.5066506
1.0137631,-1.4422587,-14.971895,0.31271753,0.75430256,0.104259625,0.5677724
1.057648,-0.15464796,-14.604516,0.16571286,0.7370963,-0.41561756,0.50644875
1.0133858,-1.4430295,-14.972214,0.31277314,0.7544185,0.10424298,0.5675907
1.0568726,-0.15458128,-14.604978,0.16573471,0.7372757,-0.41553986,0.5062443
1.0122902,-1.4429328,-14.972492,0.3127843,0.7545786,0.10420159,0.5673791
1.0561936,-0.15452287,-14.605383,0.165743,0.7374628,-0.41547093,0.5060255
1.0120615,-1.4428483,-14.972735,0.31277946,0.75474167,0.10417774,0.5671693
1.0555964,-0.15447147,-14.60574,0.16576572,0.7376903,-0.41541868,0.50572926
1.0111681,-1.4427743,-14.972949,0.312745,0.75493646,0.10415172,0.5669338
1.055069,-0.1544261,-14.606054,0.1657734,0.73790675,-0.41536614,0.50545406
1.0103806,-1.4427088,-14.973136,0.31272814,0.7551124,0.10412136,0.5667144
1.0546016,-0.1543859,-14.606333,0.16579725,0.7381326,-0.41524154,0.5052188
1.0096836,-1.4426512,-14.973303,0.312746,0.7552809,0.104122296,0.5664798
1.0541857,-0.15435013,-14.606581,0.16579871,0.7383564,-0.41516918,0.50495076
1.0090646,-1.4425998,-14.973451,0.31275198,0.7554323,0.10410895,0.566277
1.0538146,-0.15431818,-14.606802,0.16577663,0.7385804,-0.41507787,0.5047054
1.0085129,-1.442554,-14.973582,0.3127372,0.7555764,0.10408611,0.566097
1.0534823,-0.1532409,-14.606476,0.16568908,0.7387882,-0.41504043,0.50446075
1.0080193,-1.4419771,-14.973701,0.3127049,0.75573665,0.10406805,0.5659042
1.0531837,-0.15326956,-14.606682,0.16570538,0.7389899,-0.41492128,0.50425804
1.0075767,-1.4419688,-14.973806,0.31271648,0.7558679,0.10405203,0.56572545
1.0529149,-0.15329538,-14.606393,0.16569556,0.7391942,-0.41483036,0.5040364
1.0071784,-1.4414777,-14.973902,0.31269455,0.7560272,0.1040073,0.565533
1.0522224,-0.15376829,-14.606582,0.16571835,0.7393994,-0.41469565,0.50383896
1.0068191,-1.4414939,-14.973987,0.3126895,0.75615436,0.1039911,0.5653688
1.0515953,-0.15376942,-14.606326,0.16571467,0.739619,-0.41458264,0.5036107
1.0064942,-1.4415088,-14.974065,0.31268016,0.7563067,0.10393008,0.5651812
1.0510261,-0.15377046,-14.606093,0.16568862,0.73986304,-0.41448215,0.5033434
1.0057849,-1.4415221,-14.974134,0.31266195,0.75646317,0.103885256,0.5649902
1.0505081,-0.1537714,-14.605883,0.16566162,0.7401454,-0.41435567,0.5030413
1.0055339,-1.4419281,-14.974199,0.31267366,0.75658196,0.10387615,0.56482637
1.0500358,-0.15377226,-14.60569,0.16563419,0.74047357,-0.41424423,0.5026589
1.0050966,-1.4419202,-14.974311,0.3126284,0.7568127,0.103788465,0.5645582
1.0495396,-0.15343788,-14.605353,0.16553518,0.74123555,-0.41401464,0.5017568
1.0049056,-1.4419166,-14.97436,0.31259874,0.75691193,0.10374549,0.56444955
1.0491662,-0.1534495,-14.605206,0.16549002,0.741686,-0.41388386,0.5012137
1.0047306,-1.4419134,-14.974404,0.31256905,0.75703293,0.10367712,0.5643163
1.0488231,-0.1534602,-14.605069,0.16541454,0.7421442,-0.41375422,0.500667
1.0045698,-1.4419104,-14.974445,0.31253347,0.75714564,0.103640676,0.5641914
1.04849,-0.15347058,-14.604938,0.1654404,0.7425948,-0.41360378,0.50011444
1.004422,-1.4416181,-14.9744835,0.31246495,0.7573021,0.10356234,0.56403387
1.048103,-0.15312414,-14.604784,0.16538206,0.74301904,-0.41351703,0.49957505
1.0042857,-1.4416238,-14.974519,0.31244284,0.7574435,0.10347699,0.56387186
1.0476743,-0.15315288,-14.604614,0.1653716,0.74335873,-0.4134194,0.49915385
1.0040429,-1.4411292,-14.97433,0.31234005,0.7577185,0.10327676,0.56359583
1.0460486,-0.15277404,-14.603613,0.16519034,0.7440499,-0.41340283,0.4981969
1.0039095,-1.4408576,-14.974371,0.31223607,0.7578502,0.103155226,0.56349874
1.0455179,-0.15284222,-14.602784,0.16521202,0.74423265,-0.4135983,0.4977543
1.0037602,-1.4405538,-14.974418,0.31217182,0.7579859,0.103003085,0.5633795
1.0456628,-0.15227331,-14.602023,0.16518404,0.74428755,-0.41394097,0.49739638
1.0036235,-1.440596,-14.974139,0.31216618,0.75808275,0.10291205,0.5632691
1.0451204,-0.15238252,-14.601247,0.16523321,0.7443176,-0.41419291,0.4971253
1.0034962,-1.4406353,-14.97388,0.31218567,0.75817597,0.1028176,0.56315
1.0453027,-0.15248147,-14.600543,0.16531116,0.74433434,-0.41440493,0.49689755
1.0029368,-1.4402848,-14.973955,0.31211478,0.7583457,0.102680296,0.5629858
1.0447507,-0.15258221,-14.599827,0.16541916,0.7443927,-0.41454655,0.49665606
1.0031873,-1.4403454,-14.974025,0.31217995,0.7584061,0.102595225,0.56288385
1.0449778,-0.15194032,-14.599169,0.16549762,0.7443995,-0.41473794,0.49646
1.0025835,-1.4399713,-14.974102,0.31216782,0.7585814,0.1024722,0.5626766
1.0451888,-0.1513436,-14.5985565,0.16553247,0.7444303,-0.41489473,0.4962711
1.0024471,-1.4400576,-14.974175,0.3122197,0.7587071,0.10240321,0.56249094
1.0445862,-0.15073395,-14.597931,0.16553344,0.7445109,-0.41499972,0.49606207
1.0017462,-1.4396138,-14.974261,0.3121828,0.75892204,0.10225158,0.56224895
1.0440308,-0.15099642,-14.59818,0.1656504,0.7445425,-0.41500843,0.49596834
1.0016282,-1.4397386,-14.974342,0.31223276,0.7590772,0.1021765,0.5620255
1.0435177,-0.15123881,-14.598409,0.16580942,0.7445761,-0.4150742,0.49580953
1.0009062,-1.4398685,-14.974427,0.3122865,0.75923824,0.102081776,0.56179523
1.0430435,-0.15146285,-14.59862,0.16593552,0.7446555,-0.41513532,0.49559698
1.0001233,-1.4393159,-14.974519,0.31228408,0.7594757,0.101997614,0.56149065
1.0425783,-0.15077643,-14.597922,0.16601263,0.7447433,-0.4152241,0.49536487
0.99930173,-1.4387362,-14.974615,0.31230852,0.75967884,0.10186708,0.5612259
1.0421486,-0.1501421,-14.598202,0.16610263,0.7449084,-0.41523728,0.49507532
0.99846435,-1.4381453,-14.974713,0.3123843,0.75987154,0.10182547,0.56093043
1.0417628,-0.15049092,-14.598452,0.16635352,0.74496615,-0.41526723,0.494879
0.99763215,-1.437558,-14.974811,0.31239218,0.76006705,0.10173944,0.56067675
1.0423036,-0.15079068,-14.598666,0.16652556,0.74503064,-0.41529322,0.49470204
0.9968236,-1.4369875,-14.974906,0.31237015,0.7602916,0.10163173,0.56040394
1.0427706,-0.15022095,-14.598853,0.16662619,0.7450885,-0.41536918,0.49451727
0.99609405,-1.4375079,-14.974992,0.31244597,0.7604225,0.10160168,0.5601894
1.0423845,-0.14892438,-14.599016,0.166636,0.74528927,-0.4154373,0.49415416
0.9941921,-1.436864,-14.975077,0.3125029,0.76061666,0.10155852,0.559902
1.0420171,-0.14851668,-14.599171,0.16669808,0.7454116,-0.4155128,0.49388513
0.9936684,-1.4362752,-14.975156,0.31254408,0.76077145,0.101461016,0.5596863
1.0416694,-0.14813094,-14.599318,0.16675305,0.7454662,-0.41559428,0.4937156
0.9931949,-1.435743,-14.975226,0.3125827,0.7608814,0.10141986,0.5595227
1.0413424,-0.14776808,-14.599456,0.16673867,0.74555475,-0.41563946,0.49354866
0.99279404,-1.4365175,-14.975286,0.31268844,0.7608856,0.1014629,0.5594501
1.0410365,-0.1474287,-14.599586,0.16673568,0.7456763,-0.41564852,0.4933583
0.9936254,-1.4359956,-14.975335,0.3127048,0.76093084,0.10137737,0.5593949
1.0407519,-0.14711304,-14.599707,0.16685545,0.745831,-0.4155406,0.4931749
0.9943196,-1.4366654,-14.975377,0.31279802,0.7609245,0.10129041,0.5593672
1.0404887,-0.14682092,-14.599817,0.1669194,0.74585646,-0.41556022,0.4930983
0.99385303,-1.4361783,-14.975412,0.3128092,0.7610029,0.1012462,0.5592622
1.0402626,-0.14748357,-14.599914,0.16703172,0.74595565,-0.41543412,0.4930163
0.99344563,-1.4367826,-14.975443,0.31290734,0.7610258,0.10119826,0.55918485
1.040066,-0.14805986,-14.5999975,0.16721176,0.7460462,-0.4152294,0.4929908
0.9930865,-1.4373151,-14.97547,0.31303552,0.7610014,0.1012054,0.559145
1.0398833,-0.14769761,-14.600075,0.16713926,0.7461694,-0.4151279,0.49291444
0.9916991,-1.4378091,-14.974442,0.31313002,0.7610203,0.10132391,0.55904496
1.039721,-0.14825529,-14.599264,0.16715167,0.7462268,-0.4150374,0.4928995
0.9904111,-1.4382677,-14.973485,0.31314886,0.7610235,0.10139877,0.5590164
1.0395751,-0.1487569,-14.598536,0.16723478,0.74626154,-0.41501233,0.49283984
0.9903696,-1.437572,-14.97374,0.31304184,0.76102096,0.101396345,0.55908036
1.03848,-0.14830464,-14.598762,0.16730455,0.74637073,-0.41492805,0.49272183
0.99033266,-1.4369527,-14.973966,0.3130411,0.76097596,0.101500876,0.5591229
1.0384443,-0.14883575,-14.598032,0.1673881,0.74634993,-0.4150148,0.49265173
0.99030155,-1.4374864,-14.973101,0.31316394,0.7607774,0.101783365,0.559273
1.0384123,-0.14930916,-14.597381,0.16739905,0.746293,-0.4150766,0.4926821
0.9902753,-1.4379377,-14.97237,0.3132701,0.7605974,0.10207184,0.55940574
1.0383828,-0.14880802,-14.596778,0.16726203,0.7462826,-0.41519272,0.49264678
0.9912042,-1.4383218,-14.971748,0.31341958,0.7603911,0.1024097,0.5595408
1.0383556,-0.14834496,-14.59622,0.16728236,0.7462627,-0.41524804,0.49262333
0.99199927,-1.4386506,-14.971215,0.313557,0.7602126,0.10270612,0.55965203
1.0383304,-0.14791834,-14.595708,0.16727284,0.7462457,-0.4152953,0.4926125
0.9918251,-1.4389337,-14.970757,0.31369036,0.76008487,0.10300297,0.55969614
1.0392447,-0.14755459,-14.59527,0.16732925,0.74617994,-0.41541734,0.49259004
0.99249,-1.4399941,-14.97036,0.31389293,0.7599316,0.10330764,0.5597345
1.0391353,-0.14722954,-14.594879,0.16744299,0.74624854,-0.41542056,0.49244472
0.9922933,-1.4409161,-14.970016,0.31409535,0.75980324,0.10357654,0.5597455
1.0390333,-0.14692634,-14.594514,0.16747159,0.7462293,-0.41550335,0.49239433
0.9928575,-1.4417212,-14.969714,0.3142658,0.7596709,0.10391535,0.55976677
1.038946,-0.14757541,-14.59511,0.16760431,0.74626863,-0.41549173,0.49229935
0.9926532,-1.4424276,-14.96945,0.31445542,0.75957644,0.104218185,0.55973214
1.038869,-0.14726289,-14.594751,0.16756746,0.746254,-0.415565,0.49227217
0.99313754,-1.4430499,-14.969217,0.31463468,0.75946903,0.104520306,0.5597208
1.038797,-0.14697047,-14.594416,0.16759454,0.7461847,-0.41568658,0.49226546
0.99293476,-1.4436002,-14.969012,0.3148392,0.75938916,0.10484138,0.5596542
1.0396017,-0.14671902,-14.594127,0.16761424,0.74606,-0.41588056,0.49228394
0.9927548,-1.4446881,-14.968829,0.31518507,0.75914925,0.10537526,0.55968463
1.0394739,-0.14732508,-14.593877,0.16796574,0.74573094,-0.41629815,0.49230978
0.99259454,-1.4450877,-14.968666,0.31544292,0.75894874,0.10581107,0.5597291
1.0393554,-0.14705189,-14.593646,0.16815369,0.7454898,-0.41669273,0.4922769
0.9929923,-1.4465269,-14.96852,0.3157561,0.7586968,0.106250346,0.5598108
1.0392414,-0.1459108,-14.593423,0.16818771,0.7452958,-0.41703388,0.49227008
0.9933489,-1.4467891,-14.96839,0.31600356,0.75847757,0.10657879,0.5599059
1.0408127,-0.14576064,-14.59323,0.16828133,0.74501675,-0.4173393,0.49240175
0.99371773,-1.4481835,-14.968255,0.3162678,0.7582304,0.106953286,0.5600201
1.0413828,-0.1456304,-14.593064,0.16843428,0.74478745,-0.4175414,0.4925249
0.994086,-1.4489805,-14.968121,0.31646246,0.7580047,0.10726017,0.5601568
1.0418798,-0.14551687,-14.592918,0.16844572,0.7446438,-0.41773495,0.49257416
0.99501556,-1.4497187,-14.967996,0.31665978,0.75770825,0.10753967,0.5603928
1.0423148,-0.14541747,-14.592792,0.16854998,0.74453306,-0.4178382,0.49261832
0.99532455,-1.4504719,-14.96787,0.31681868,0.75741005,0.10778052,0.56065977
1.0426973,-0.14533007,-14.59268,0.16858679,0.74443656,-0.41795978,0.49264833
0.9962057,-1.4505324,-14.967756,0.31689072,0.7570763,0.107947335,0.56103754
1.0436809,-0.14525291,-14.592582,0.16864413,0.7442719,-0.41813615,0.49272794
0.9976093,-1.4511828,-14.967653,0.31701347,0.75662607,0.10819396,0.56152797
1.0439389,-0.14518455,-14.592494,0.16875906,0.74412,-0.41830605,0.4927738
0.99900496,-1.4518297,-14.96755,0.31707054,0.75621045,0.10835669,0.5620239
1.0441684,-0.14512374,-14.592417,0.16888537,0.7439806,-0.41843,0.49283585
0.9997404,-1.4524897,-14.967445,0.3171598,0.75574815,0.108544454,0.5625589
1.0438192,-0.14506947,-14.592347,0.16905889,0.74388915,-0.4185874,0.49278054
1.0012268,-1.4531537,-14.96734,0.31723955,0.75523776,0.108704716,0.5631681
1.0440329,-0.14502087,-14.592285,0.16918269,0.74370575,-0.41882768,0.49281067
1.002585,-1.4530213,-14.967244,0.31721026,0.75477314,0.10879963,0.56378883
1.0447248,-0.14497723,-14.592229,0.16927263,0.7434985,-0.41908446,0.49287423
1.0048244,-1.4537146,-14.967144,0.3172213,0.7541915,0.108930066,0.5645354
1.0453479,-0.14493793,-14.592178,0.16938512,0.74329114,-0.41936234,0.49291196
1.0069488,-1.4535097,-14.96705,0.31720448,0.7535967,0.109041326,0.5653171
1.0459106,-0.14535369,-14.592133,0.1696194,0.74304813,-0.41961956,0.49297896
1.0080427,-1.4533193,-14.966961,0.31716895,0.7530332,0.10907507,0.56608087
1.0464201,-0.14530143,-14.592092,0.16984312,0.74276936,-0.41994122,0.49304807
1.0101591,-1.4541185,-14.966871,0.31715313,0.7524391,0.10912584,0.56686944
1.0464753,-0.14566125,-14.592053,0.17013396,0.7425377,-0.4202287,0.49305192
1.0134681,-1.4549384,-14.966778,0.31717217,0.7517471,0.10920396,0.5677611
1.0469123,-0.1456017,-14.592407,0.17042686,0.7422561,-0.4205685,0.4930849
1.015302,-1.4545106,-14.966694,0.3171014,0.7511031,0.10931757,0.5686304
1.0469433,-0.14554742,-14.592361,0.17071183,0.7420128,-0.4209873,0.4929952
1.0170398,-1.4553709,-14.966614,0.317132,0.7504499,0.109324664,0.5694739
1.0473207,-0.14549781,-14.592669,0.17108275,0.7417107,-0.42138436,0.49298185
1.018647,-1.4561666,-14.96654,0.31711906,0.74984,0.10941302,0.57026696
1.0476663,-0.14545241,-14.59295,0.17148545,0.7413569,-0.42180234,0.49301684
1.0216136,-1.4569099,-14.966471,0.31708744,0.7492396,0.109472565,0.5710616
1.0479832,-0.14572588,-14.593208,0.17191248,0.7410288,-0.42214042,0.49307194
1.0243024,-1.4575837,-14.966408,0.31707627,0.74875474,0.10952793,0.5716928
1.0482894,-0.14567533,-14.593458,0.17220075,0.7407661,-0.42252955,0.49303284
1.0266776,-1.4581788,-14.966352,0.31705946,0.74834543,0.10957175,0.5722295
1.0486118,-0.1456221,-14.593721,0.17253445,0.7405521,-0.4228621,0.4929525
1.0287313,-1.4586935,-14.966304,0.3170397,0.74800456,0.10952686,0.5726944
1.0489544,-0.14556552,-14.594,0.17294116,0.740283,-0.4232015,0.4929229
1.0303708,-1.4574239,-14.967947,0.31692895,0.74779105,0.10944101,0.57305086
1.0493191,-0.14550531,-14.594297,0.17339204,0.7400087,-0.42351538,0.4929067
1.031773,-1.4580797,-14.967608,0.31691706,0.74766326,0.10941908,0.5732283
1.0497053,-0.14544155,-14.594611,0.1739769,0.73974574,-0.42384186,0.49281478
1.0348351,-1.4586487,-14.967317,0.31694627,0.7475095,0.10935103,0.5734257
1.0507389,-0.14536603,-14.594983,0.17441814,0.7394273,-0.42424104,0.49279317
1.0354592,-1.4591051,-14.968913,0.3168937,0.7475009,0.10921893,0.57349104
1.051855,-0.14594643,-14.595386,0.17496802,0.7392141,-0.42439544,0.4927852
1.0359702,-1.4594789,-14.968368,0.31686178,0.74748826,0.109097645,0.5735484
1.0522406,-0.14649872,-14.595769,0.17531358,0.7391431,-0.42454404,0.49264094
1.0363867,-1.4597834,-14.967923,0.31677392,0.7475981,0.10904997,0.57346267
1.0534528,-0.14630775,-14.596185,0.17542478,0.73903066,-0.4247843,0.4925628
1.0367247,-1.4600306,-14.967563,0.3168253,0.74768007,0.10896608,0.5733434
1.0537858,-0.14612539,-14.596582,0.17561798,0.7391169,-0.424762,0.49238393
1.0369836,-1.4584237,-14.967287,0.31677908,0.74788034,0.10872804,0.5731529
1.0550654,-0.14593641,-14.596995,0.17578945,0.73916686,-0.42469227,0.49230775
1.037186,-1.4571667,-14.967072,0.3167998,0.74806523,0.10851281,0.572941
1.0552907,-0.14576219,-14.597376,0.1758336,0.73929274,-0.4246542,0.4921358
1.0357021,-1.4561871,-14.966903,0.3167873,0.7483976,0.1083682,0.572541
1.0565715,-0.14558855,-14.5977545,0.1759674,0.7393953,-0.42461577,0.491967
1.0345333,-1.4554155,-14.96677,0.31678793,0.7487563,0.10822899,0.57209796
1.05778,-0.1465444,-14.598113,0.17615388,0.7395108,-0.42440492,0.49190864
1.0350845,-1.456283,-14.966664,0.3168838,0.7490277,0.10811555,0.5717108
1.0589063,-0.14743528,-14.598446,0.17638683,0.7396057,-0.4242161,0.4918453
1.03412,-1.4569801,-14.966579,0.31700552,0.7493492,0.107956015,0.571252
1.0587212,-0.14818414,-14.598726,0.17658481,0.73979354,-0.42400864,0.49167073
1.0320007,-1.454871,-14.967848,0.31697625,0.7498237,0.10771874,0.5706901
1.0585636,-0.14882182,-14.598965,0.17677596,0.73991305,-0.42384955,0.4915593
1.0315378,-1.4544165,-14.967615,0.3170218,0.75019526,0.107593,0.57019997
1.0584278,-0.14830944,-14.59917,0.17678982,0.7400617,-0.42375,0.49141642
1.0311561,-1.4540418,-14.96863,0.31705764,0.7505713,0.10743033,0.5697156
1.0583099,-0.14786467,-14.599348,0.17685284,0.74023765,-0.42357978,0.49127537
1.0296925,-1.4548769,-14.968326,0.31715822,0.75094265,0.107318826,0.56919116
1.0582083,-0.1484819,-14.599502,0.17688316,0.74033254,-0.42343056,0.49125004
1.028468,-1.4544865,-14.969161,0.31712756,0.75150704,0.106964745,0.5685296
1.0581188,-0.14804119,-14.600622,0.17683586,0.7406151,-0.4232756,0.49097466
1.0253673,-1.453123,-14.969865,0.31706452,0.75207394,0.1066342,0.5678769
1.0580388,-0.14764751,-14.601624,0.17687447,0.7408562,-0.42308468,0.49076167
1.0237216,-1.45295,-14.970461,0.31709042,0.7524988,0.106394075,0.5673443
1.0579667,-0.14729302,-14.602525,0.17687151,0.7410339,-0.42293587,0.49062267
1.0223179,-1.4528025,-14.97097,0.3170781,0.75287485,0.106195614,0.56688935
1.0569712,-0.14792475,-14.603293,0.17695157,0.7412185,-0.4227563,0.49046957
1.021114,-1.4517889,-14.971407,0.3170578,0.75318223,0.10599579,0.5665297
1.0570047,-0.14757922,-14.6030655,0.17685837,0.7413452,-0.42274407,0.4903223
1.0200759,-1.4517576,-14.971784,0.3170525,0.7534345,0.1057894,0.5662357
1.0579275,-0.14726391,-14.602858,0.17679146,0.7413661,-0.42279047,0.4902749
1.0191762,-1.4517304,-14.97211,0.3170305,0.7536584,0.10563866,0.5659781
1.0570276,-0.14614464,-14.602678,0.17676824,0.7415664,-0.42273378,0.49002898
1.0183927,-1.4509462,-14.972394,0.31697106,0.753866,0.105517365,0.5657574
1.0562482,-0.1467854,-14.603328,0.1769308,0.7417043,-0.42255795,0.48991334
1.0177071,-1.4509827,-14.972642,0.31692207,0.75406075,0.105409816,0.56554544
1.0563346,-0.14657821,-14.603128,0.17695878,0.74180764,-0.42253,0.48977095
1.0171049,-1.4510148,-14.97286,0.31690907,0.75421244,0.10532618,0.56536597
1.0556836,-0.14639707,-14.602955,0.17698136,0.741986,-0.4223907,0.4896127
1.0165735,-1.4510431,-14.973053,0.31686693,0.7543513,0.10523901,0.56522053
1.0558021,-0.14623798,-14.602802,0.17697553,0.74215066,-0.42220148,0.48952836
1.016103,-1.4510682,-14.973223,0.31682613,0.7544835,0.10516499,0.5650807
1.0559067,-0.1460977,-14.602668,0.17694823,0.74228776,-0.42212254,0.48939845
1.015685,-1.4510905,-14.972786,0.3167856,0.75459266,0.10511239,0.56496745
1.0559992,-0.14597353,-14.602548,0.1769486,0.74238706,-0.42201012,0.48934463
1.0153121,-1.4511102,-14.972396,0.31675163,0.75468874,0.10505375,0.5648691
1.0560814,-0.1458632,-14.602443,0.17692718,0.7425365,-0.42188185,0.4892363
1.0149784,-1.451128,-14.972048,0.31672728,0.75475705,0.10502277,0.5647973
1.0561546,-0.14632714,-14.602347,0.17698598,0.742652,-0.42176732,0.4891385
1.0146788,-1.451144,-14.971734,0.31669092,0.7548301,0.104991496,0.56472576
1.0562202,-0.14620791,-14.6022625,0.176975,0.74277854,-0.421679,0.4890263
1.0148886,-1.4511584,-14.971453,0.3166758,0.75488716,0.10496015,0.5646638
1.0557716,-0.14610097,-14.602186,0.1770301,0.7429138,-0.42155132,0.48891103
1.0146227,-1.4511713,-14.971653,0.31663933,0.75495636,0.10491567,0.5646001
1.0558499,-0.14600472,-14.6021185,0.17702663,0.7430023,-0.42151496,0.48880905
1.0148145,-1.4511831,-14.971402,0.3166035,0.7550125,0.10488505,0.56455076
1.0559206,-0.14591788,-14.6020565,0.17701331,0.74307203,-0.42151308,0.4887095
1.0145775,-1.4507827,-14.971586,0.31655923,0.7550804,0.10484259,0.56449264
1.0555496,-0.14540423,-14.602,0.17696962,0.7431615,-0.4215004,0.48860022
1.0143621,-1.450809,-14.971753,0.31652918,0.755141,0.10482355,0.5644319
1.0556263,-0.14535168,-14.60195,0.17699364,0.74316347,-0.42156097,0.4885363
1.0141658,-1.4504622,-14.971906,0.31647435,0.75522673,0.10478357,0.5643554
1.0553035,-0.14530389,-14.601904,0.1770188,0.7431701,-0.42155522,0.48852205
1.013634,-1.4501454,-14.972044,0.31642887,0.7553249,0.10474783,0.56425613
1.0550092,-0.14563337,-14.601862,0.17708926,0.7431439,-0.42154583,0.4885444
1.0134821,-1.4498554,-14.972171,0.31636482,0.75542206,0.104707666,0.56416947
1.0547405,-0.14557986,-14.601823,0.17709759,0.7430973,-0.42157146,0.48859024
1.0133429,-1.4499077,-14.972287,0.31632462,0.7554946,0.10466588,0.56410265
1.0544947,-0.14586756,-14.601788,0.17716873,0.74307954,-0.42154884,0.48861098
1.013215,-1.4499556,-14.972394,0.31628194,0.75554794,0.10464749,0.5640585
1.0545893,-0.14613129,-14.601756,0.17719434,0.7429988,-0.42158848,0.48869038
1.0133842,-1.4497128,-14.972492,0.316195,0.7555954,0.104592495,0.56405383
1.0546759,-0.1463735,-14.602031,0.17717974,0.74291915,-0.42162895,0.4887818
1.0135404,-1.4494888,-14.972583,0.3161254,0.75565743,0.104537435,0.56402
1.0547558,-0.14630769,-14.602283,0.17720091,0.74282825,-0.42172307,0.48883104
1.0136844,-1.4495411,-14.972667,0.31608045,0.75570756,0.10450858,0.5639834
1.0548294,-0.14624706,-14.602515,0.17725702,0.7427427,-0.42178908,0.48888373
1.0135714,-1.4495895,-14.972744,0.31603462,0.75577825,0.10444627,0.5639259
1.0546367,-0.14645158,-14.60273,0.1773078,0.7426925,-0.42179638,0.48893532
1.0132332,-1.4496343,-14.972816,0.31598982,0.7558785,0.104385436,0.5638279
1.0547104,-0.14638951,-14.602941,0.17732249,0.7426163,-0.42182907,0.48901737
1.0131416,-1.4494537,-14.972883,0.31591108,0.75597125,0.10431335,0.563761
1.054795,-0.14631835,-14.603183,0.17734325,0.7425443,-0.42187333,0.489081
1.0130568,-1.4494971,-14.972945,0.31587026,0.7560719,0.10424131,0.5636622
1.0545594,-0.14624713,-14.603424,0.17735663,0.742505,-0.42189395,0.489118
1.0127,-1.4492927,-14.973018,0.31579304,0.7562402,0.104095824,0.56350654
1.0546479,-0.14618114,-14.603341,0.1773232,0.7424535,-0.42195258,0.48915774
1.0125992,-1.4490728,-14.973097,0.31571823,0.7564035,0.10396928,0.56335264
1.0544212,-0.14643039,-14.603574,0.17736654,0.74242216,-0.4219228,0.48921525
1.0124962,-1.4491459,-14.973177,0.31567696,0.75653356,0.10384738,0.5632236
1.0545119,-0.14636046,-14.603488,0.17734896,0.74239045,-0.4219274,0.48926583
1.0123913,-1.4492202,-14.97326,0.31562167,0.7567588,0.103707924,0.5629776
1.0545952,-0.14629608,-14.603409,0.1773669,0.74230516,-0.4219747,0.48934796
1.012281,-1.4489584,-14.973345,0.3155078,0.7570353,0.10350149,0.56270766
1.0543804,-0.14623,-14.603628,0.17745034,0.7422742,-0.4219807,0.4893594
1.0121703,-1.4490495,-14.973432,0.31545016,0.7573034,0.10334525,0.5624078
1.054468,-0.14645463,-14.603545,0.17752333,0.7422298,-0.42196438,0.48941442
1.01161,-1.4487257,-14.973533,0.31532726,0.7576231,0.103173785,0.5620776
1.054549,-0.14666171,-14.603469,0.17761259,0.74217135,-0.42194933,0.4894837
1.0109763,-1.4483595,-14.973648,0.31521562,0.757938,0.102994025,0.56174845
1.0546236,-0.14659524,-14.603398,0.17762104,0.74217427,-0.421943,0.48948163
1.0108819,-1.4479967,-14.973762,0.3151083,0.7581881,0.10286905,0.5614941
1.0547057,-0.14681335,-14.603612,0.17768513,0.7421523,-0.42193827,0.48949578
1.0101657,-1.4476025,-14.973885,0.31504214,0.758463,0.10276611,0.5611787
1.0547972,-0.14672184,-14.603849,0.17779316,0.7421351,-0.4219179,0.48950016
1.0101069,-1.4472219,-14.974005,0.31497028,0.758664,0.10266808,0.56096524
1.0548972,-0.14662164,-14.604109,0.17785801,0.74211603,-0.42191952,0.48950416
1.0100504,-1.4468554,-14.974119,0.3149341,0.75882053,0.10262155,0.5607824
1.0546086,-0.14652349,-14.604363,0.17793518,0.7421426,-0.42186454,0.48948324
1.0099962,-1.4465035,-14.97423,0.3148375,0.7589883,0.10261241,0.5606111
1.0547314,-0.146418,-14.604636,0.17798738,0.74212265,-0.4218697,0.48949012
1.0091902,-1.4461383,-14.974345,0.3147403,0.759178,0.10253805,0.5604225
1.0548613,-0.14630637,-14.604926,0.17802434,0.74208766,-0.42188576,0.48951572
1.0083729,-1.4457679,-14.974461,0.31466693,0.75935787,0.10251462,0.56022424
1.0549968,-0.14618997,-14.605227,0.17805977,0.74209446,-0.42181942,0.48954976
1.0064387,-1.4443364,-14.975606,0.31453213,0.7598812,0.10246171,0.55959964
1.054594,-0.14607878,-14.605516,0.17817813,0.74216765,-0.42165792,0.4895349
1.0045272,-1.4440428,-14.975616,0.3143924,0.76043946,0.102487884,0.5589146
1.0547552,-0.14653283,-14.605806,0.17833014,0.74217606,-0.42150486,0.48959872
1.002691,-1.4437608,-14.975627,0.31435406,0.7608674,0.1024946,0.5583523
1.054917,-0.1469883,-14.606097,0.17843975,0.74215853,-0.42135796,0.48971164
1.0009716,-1.4434968,-14.9756365,0.3144045,0.7611369,0.10249925,0.5579555
1.0544624,-0.1474183,-14.606372,0.17852242,0.74219185,-0.4211865,0.4897785
0.999397,-1.443255,-14.975645,0.31442168,0.76145667,0.10241098,0.5575256
1.054036,-0.14721355,-14.606628,0.17852443,0.7422192,-0.4210728,0.489834
0.9979827,-1.4430377,-14.975653,0.31439546,0.7616368,0.10229688,0.5573153
1.0536263,-0.14764054,-14.606876,0.17859344,0.7422324,-0.42095026,0.48989427
0.9967144,-1.4413062,-14.97566,0.31431207,0.7618784,0.10209863,0.55706847
1.0532298,-0.14805369,-14.607116,0.17866881,0.7422401,-0.4207869,0.4899955
0.99559915,-1.4397837,-14.975666,0.31416702,0.7620885,0.10186839,0.55690503
1.0528451,-0.14845465,-14.607348,0.17872779,0.7422174,-0.42068452,0.49009615
0.9962449,-1.4401072,-14.975671,0.31411874,0.7621582,0.10187003,0.55683637
1.0524656,-0.14956258,-14.607576,0.17884381,0.74219245,-0.4205635,0.49019557
0.99524575,-1.4403833,-14.975676,0.31408054,0.7623201,0.101754926,0.55665743
1.0528178,-0.1491732,-14.607783,0.17884372,0.7421554,-0.42051336,0.4902947
0.9943939,-1.4406188,-14.975678,0.3140468,0.7624546,0.10163748,0.55651367
1.0524354,-0.14952004,-14.607983,0.17890483,0.7420988,-0.42044938,0.4904129
0.9937134,-1.4423125,-14.975682,0.3141546,0.7625071,0.10163521,0.55638134
1.0527931,-0.14913018,-14.608162,0.17889751,0.742023,-0.42042205,0.49055377
0.9931285,-1.4422337,-14.975685,0.31406644,0.76261675,0.10150764,0.55630416
1.053119,-0.14877525,-14.608325,0.17887382,0.7419419,-0.42041677,0.4906895
0.99262637,-1.4405987,-14.975687,0.31395742,0.7627781,0.10137947,0.5561677
1.0541213,-0.14913909,-14.608478,0.17888775,0.74181646,-0.42044663,0.49084845
0.9921978,-1.4392031,-14.975688,0.31378278,0.76300126,0.10116449,0.55599934
1.0543517,-0.14878353,-14.608619,0.17890006,0.74173903,-0.42042115,0.49098283
0.9918342,-1.4380193,-14.97569,0.31362036,0.7632249,0.10094642,0.5558236
1.0545645,-0.14845519,-14.608749,0.17889744,0.7416854,-0.42038885,0.49109244
0.9915372,-1.4386517,-14.975691,0.3136192,0.7632431,0.10096734,0.5557955
1.0547678,-0.14884724,-14.608873,0.17896368,0.74164826,-0.42032507,0.4911789
0.99129295,-1.4391718,-14.975692,0.3136183,0.76330006,0.100991085,0.5557134
1.0549546,-0.1485075,-14.608987,0.17899771,0.74157935,-0.42033553,0.4912616
0.99109095,-1.4396017,-14.975693,0.3137426,0.7633783,0.101008296,0.5555327
1.0551325,-0.14890239,-14.609095,0.17904365,0.7415288,-0.4202465,0.49139735
0.99092025,-1.43839,-14.975694,0.31370524,0.76354873,0.10085865,0.5553467
1.0553013,-0.14927751,-14.609199,0.17909832,0.7414887,-0.42013785,0.49153095
0.9907805,-1.4389405,-14.975694,0.31384987,0.76359785,0.100807,0.5552069
1.0554614,-0.14963314,-14.609296,0.17914723,0.74143904,-0.4200943,0.49162507
0.9906622,-1.4378514,-14.975694,0.3138523,0.763758,0.100842565,0.5549786
1.0556127,-0.14996944,-14.609388,0.17921789,0.7414257,-0.41996735,0.49172798
0.9888838,-1.4368699,-14.977366,0.31380752,0.7640778,0.10079374,0.5545725
1.0549974,-0.15026765,-14.60947,0.17928933,0.7414591,-0.41981423,0.49178237
0.9854551,-1.4359846,-14.97705,0.31390992,0.7644801,0.10070155,0.5539766
1.0552056,-0.15058173,-14.610413,0.17934771,0.7414366,-0.41971186,0.4918823
0.98451596,-1.4370766,-14.976796,0.3140214,0.76479274,0.10064689,0.5534916
1.0545655,-0.15085648,-14.610415,0.17938292,0.74147385,-0.41964847,0.4918674
0.98376024,-1.4379554,-14.976593,0.3142266,0.7650272,0.10065868,0.5530487
1.0547905,-0.15031415,-14.610416,0.1793891,0.74147725,-0.41963765,0.49186918
0.981174,-1.4368061,-14.978335,0.3141235,0.76547205,0.100534074,0.55251414
1.0541514,-0.15149781,-14.611287,0.17955363,0.74149525,-0.41953364,0.4918708
0.97900885,-1.435844,-14.977784,0.31413808,0.765831,0.10042879,0.5520274
1.0535913,-0.15169786,-14.611213,0.17959744,0.7415058,-0.41950616,0.49186233
0.9793023,-1.4350969,-14.97933,0.3140617,0.7661539,0.10030458,0.5516453
1.05395,-0.15189868,-14.612059,0.17968723,0.74146104,-0.41950482,0.4918982
0.97757244,-1.4364686,-14.978589,0.3142919,0.7664022,0.10024446,0.55118006
1.0542579,-0.15119636,-14.611911,0.17962036,0.7414471,-0.41955587,0.4919001
0.97619885,-1.4375578,-14.978,0.31441146,0.76665515,0.10025984,0.5507571
1.0536928,-0.15142097,-14.611783,0.17960425,0.7414807,-0.4195224,0.49188384
0.9751049,-1.4384254,-14.977531,0.31452206,0.76698476,0.10025855,0.5502351
1.0539919,-0.15161589,-14.611672,0.17964406,0.7414261,-0.41949818,0.49197227
0.97214544,-1.4391484,-14.97714,0.31464976,0.76740074,0.10028009,0.5495777
1.0535027,-0.15178585,-14.611577,0.17967227,0.7414518,-0.41944703,0.49196684
0.9696976,-1.4375943,-14.976818,0.31454676,0.7680351,0.10006084,0.5487899
1.0530508,-0.15269424,-14.611487,0.1797794,0.74145454,-0.41934097,0.492014
0.9677255,-1.4363421,-14.976558,0.31449407,0.76853305,0.09985057,0.5481609
1.0526458,-0.15277782,-14.611407,0.17985436,0.74149805,-0.4192348,0.49201155
0.96620655,-1.4376196,-14.976357,0.31474122,0.76914525,0.09976761,0.54717463
1.052991,-0.15285264,-14.611336,0.1798489,0.741463,-0.41916877,0.49212247
0.9650176,-1.436331,-14.9762,0.31475553,0.7697768,0.09954045,0.54631895
1.0533024,-0.15292014,-14.611272,0.17982247,0.7414315,-0.41908592,0.49225026
0.96412027,-1.4376255,-14.976081,0.31490767,0.7702495,0.099456795,0.5455798
1.0529145,-0.1529809,-14.611214,0.17983805,0.74150175,-0.41894308,0.49226034
0.96343887,-1.4386084,-14.975991,0.3149165,0.77062607,0.09934171,0.5450635
1.0532135,-0.15303592,-14.611161,0.17984556,0.74156564,-0.41874734,0.49232796
0.9629154,-1.4371032,-14.975922,0.31468228,0.7711772,0.09920813,0.5444433
1.0535065,-0.15377346,-14.61111,0.17987965,0.74164736,-0.41852716,0.4923795
0.96017164,-1.4382468,-14.975868,0.31457496,0.7716262,0.09933346,0.543846
1.0537723,-0.15377489,-14.611063,0.17982593,0.7417502,-0.41838956,0.49236125
0.9580168,-1.4367285,-14.975825,0.31432483,0.77213097,0.0993096,0.5432783
1.0533328,-0.15447451,-14.611017,0.17978722,0.7418866,-0.4181699,0.49235648
0.9563603,-1.4355612,-14.975793,0.314432,0.7724649,0.0992544,0.54275143
1.0529426,-0.1544272,-14.610977,0.17970003,0.7420168,-0.4180164,0.49232242
0.9524398,-1.4346462,-14.975767,0.31445116,0.7728634,0.09934998,0.5421553
1.0525924,-0.15438472,-14.610941,0.17960013,0.74214023,-0.41787302,0.49229458
0.9522153,-1.4339938,-14.97832,0.3145,0.77317077,0.099161334,0.54172295
1.0522753,-0.15434626,-14.610908,0.17951049,0.74228495,-0.41772982,0.49223047
0.95205295,-1.4335217,-14.980166,0.31462905,0.7735155,0.099187955,0.5411508
1.0519524,-0.1543071,-14.611555,0.1794408,0.74241066,-0.4175875,0.49218705
0.94939786,-1.4357108,-14.978988,0.31488633,0.7739617,0.099317685,0.54033875
1.0516269,-0.15426762,-14.612209,0.1794184,0.74256873,-0.41738564,0.492128
0.94166315,-1.4346933,-14.9808235,0.31503052,0.775664,0.099163346,0.53783625
1.0504979,-0.15422806,-14.612864,0.17949168,0.7428321,-0.41701558,0.49201754
0.93893737,-1.436785,-14.982141,0.3153924,0.7764353,0.09931343,0.5364819
1.0502346,-0.15509872,-14.613545,0.17959149,0.74299264,-0.4167209,0.49198842
0.9369694,-1.4354118,-14.98309,0.3154655,0.7771377,0.098966464,0.53548497
1.0499694,-0.15597497,-14.614232,0.17962958,0.74311,-0.4164648,0.49201417
0.9325812,-1.4344219,-14.980806,0.31564498,0.7778196,0.09904933,0.5343728
1.0497261,-0.15573879,-14.6148615,0.17962497,0.7431952,-0.4163389,0.49199373
0.9294853,-1.4337234,-14.979196,0.31571797,0.7782836,0.099009804,0.5336609
1.0494908,-0.15663923,-14.615471,0.17965765,0.74318486,-0.41629118,0.4920377
0.9303628,-1.4332632,-14.978133,0.31565538,0.77853537,0.098797195,0.5333699
1.0492812,-0.15630226,-14.616013,0.17967814,0.7431607,-0.4162967,0.49206206
0.9280092,-1.4329362,-14.977379,0.31551185,0.7788486,0.09876124,0.53300416
1.0490948,-0.15600236,-14.616495,0.17972367,0.7431258,-0.4163051,0.4920911
0.92638034,-1.4297245,-14.979842,0.31534767,0.77901137,0.09848545,0.53291434
1.0500307,-0.15575153,-14.615807,0.17976423,0.74300826,-0.41640323,0.49217075
0.9252534,-1.4275025,-14.981545,0.3151912,0.77900624,0.09838937,0.53303224
1.0497816,-0.1555403,-14.616264,0.17981195,0.74291253,-0.41654444,0.4921783
0.9244983,-1.4289297,-14.979772,0.31538633,0.77892387,0.09837573,0.5330397
1.0495653,-0.15535691,-14.616662,0.17985988,0.74281335,-0.4166864,0.4921902
0.9267688,-1.4298742,-14.978597,0.31546307,0.77871937,0.09830835,0.5333055
1.0493815,-0.15520099,-14.616041,0.17985833,0.74271965,-0.41686666,0.49217957
0.92566836,-1.4305153,-14.9778,0.31553075,0.77862036,0.0985759,0.5333605
1.0501351,-0.15415664,-14.61551,0.1798525,0.74259853,-0.41706178,0.49219912
0.9274196,-1.4309571,-14.977251,0.31540614,0.7785045,0.09846079,0.5336247
1.0507833,-0.15325853,-14.615053,0.17983454,0.74243474,-0.41728517,0.49226353
0.92864895,-1.433651,-14.976867,0.3155413,0.77837163,0.09843019,0.5337442
1.0505215,-0.15248217,-14.614657,0.17984085,0.7423222,-0.41744116,0.4922987
0.92952716,-1.4310461,-14.97659,0.31528956,0.7783844,0.09827418,0.5339031
1.050294,-0.15258877,-14.614315,0.1799217,0.7422055,-0.41755667,0.49234712
0.93016493,-1.431306,-14.976391,0.31521076,0.77836484,0.09806724,0.53401613
1.0508374,-0.15268181,-14.614016,0.1799851,0.7420578,-0.41769856,0.4924262
0.9306352,-1.4294537,-14.978287,0.31497008,0.77828884,0.09795771,0.53428894
1.0513139,-0.15346831,-14.614458,0.18010284,0.7418815,-0.41782776,0.4925392
0.930987,-1.4300098,-14.977764,0.31502917,0.7780562,0.09799954,0.5345852
1.0510637,-0.153491,-14.614178,0.18015318,0.74175614,-0.41793853,0.4926157
0.9293748,-1.4304408,-14.977359,0.3149504,0.7780573,0.09792362,0.534644
1.0514786,-0.15414725,-14.614566,0.18023781,0.74158823,-0.4180512,0.49274173
0.9317243,-1.4307698,-14.97705,0.31482276,0.7777837,0.097928494,0.5351161
1.0512425,-0.15352066,-14.614307,0.18020503,0.74147195,-0.41822803,0.49277872
0.9335406,-1.4310241,-14.97681,0.31479356,0.77746624,0.09812316,0.5355588
1.0516063,-0.153537,-14.614076,0.18023828,0.74131835,-0.4183635,0.4928826
0.93334496,-1.4312229,-14.976624,0.31457236,0.77728707,0.098218255,0.5359312
1.0519314,-0.15300614,-14.61387,0.18023081,0.7411651,-0.41851935,0.4929836
0.93472534,-1.4298451,-14.976476,0.31423244,0.7770651,0.098307475,0.536436
1.0522226,-0.15304862,-14.613684,0.18022928,0.7409747,-0.41866755,0.49314448
0.9358273,-1.4302034,-14.976357,0.31411394,0.77669185,0.098412275,0.5370262
1.0529767,-0.1530868,-14.613518,0.18022804,0.74075985,-0.4188316,0.49332836
0.9381007,-1.4304923,-14.976262,0.3140212,0.77623516,0.09859141,0.5377076
1.0531887,-0.1531212,-14.613367,0.18028203,0.7405095,-0.41899616,0.49354464
0.938633,-1.4307271,-14.976185,0.31386995,0.7759001,0.098692104,0.53826076
1.0533804,-0.1531523,-14.613233,0.180282,0.74026823,-0.41916013,0.49376726
0.94031984,-1.4309196,-14.976121,0.31362638,0.77559847,0.098793596,0.5388186
1.053976,-0.15360256,-14.613109,0.18034504,0.73995876,-0.41932565,0.49406755
0.940526,-1.4310788,-14.9760685,0.31353715,0.7753197,0.09885602,0.5392601
1.054517,-0.15361054,-14.612998,0.18039812,0.73966503,-0.41946828,0.4943668
0.9406977,-1.4300828,-14.976025,0.31332374,0.7750989,0.09895967,0.53968227
1.0550096,-0.15361781,-14.612895,0.18036897,0.7393674,-0.4196337,0.49468225
0.9419136,-1.4303197,-14.975988,0.3133499,0.77477306,0.099105544,0.5401081
1.0554608,-0.15362448,-14.6128025,0.1803696,0.7390574,-0.41981685,0.49498975
0.94294,-1.4305197,-14.975958,0.31320003,0.7744886,0.099225365,0.5405807
1.0559683,-0.15363197,-14.612699,0.18039529,0.7387986,-0.41992888,0.49527162
0.9438117,-1.4297222,-14.975932,0.3130891,0.77429086,0.09924973,0.54092366
1.0565513,-0.15364058,-14.613089,0.18043067,0.738582,-0.4199877,0.49553174
0.9445565,-1.4290408,-14.97591,0.31292105,0.7740463,0.0993475,0.54135275
1.057198,-0.15365013,-14.613522,0.1804233,0.7383713,-0.42005607,0.4957905
0.94519633,-1.4284552,-14.975891,0.31275764,0.77381754,0.09943311,0.54175836
1.057915,-0.15436754,-14.614002,0.18052864,0.7381753,-0.4200592,0.49604133
0.947408,-1.4287791,-14.975875,0.31269863,0.7732303,0.09962586,0.5425949
1.0586541,-0.15432061,-14.614497,0.18048882,0.7380368,-0.42008317,0.49624154
0.94853973,-1.4290601,-14.975861,0.3126156,0.77276665,0.09973917,0.54328203
1.0585514,-0.15353234,-14.614929,0.18030284,0.7379951,-0.42009446,0.4963617
0.9495267,-1.4293052,-14.975848,0.3124707,0.7723817,0.09984823,0.5438924
1.0592577,-0.15355437,-14.615359,0.18019144,0.7379177,-0.4201176,0.49649748
0.9511025,-1.4302311,-14.976548,0.31240806,0.77194035,0.099930465,0.5445395
1.0599649,-0.1535764,-14.615791,0.18009205,0.73785883,-0.42014247,0.4966
0.9524888,-1.4310457,-14.976488,0.31232643,0.77147835,0.10001447,0.54522526
1.0606581,-0.15359803,-14.616214,0.17995846,0.73783207,-0.4201101,0.49671564
0.9537131,-1.4311233,-14.9770775,0.31219527,0.7710543,0.1000694,0.54588974
1.0603386,-0.15454088,-14.616582,0.1800367,0.73780334,-0.4199805,0.49683958
0.9547986,-1.431192,-14.9776,0.31201616,0.7706738,0.10009843,0.54652363
1.0610275,-0.15546514,-14.616943,0.18006627,0.7377907,-0.41991338,0.4969043
0.95576435,-1.4312532,-14.978065,0.31186056,0.7702902,0.10011839,0.54714924
1.0606613,-0.15529948,-14.61725,0.18004371,0.7378644,-0.41978315,0.49691302
0.9566266,-1.4313078,-14.978479,0.31169125,0.7699316,0.10008385,0.54775643
1.0613333,-0.15616621,-14.61755,0.18005612,0.73781484,-0.41974255,0.49701637
0.9579216,-1.4308338,-14.978851,0.31149775,0.76959044,0.10007235,0.5483478
1.0619563,-0.1559029,-14.617826,0.18005021,0.7378317,-0.4197027,0.49702707
0.95937735,-1.4309226,-14.979269,0.3113527,0.7691936,0.10005373,0.54899
1.0637399,-0.15564533,-14.618098,0.1798417,0.73780394,-0.41977987,0.4970787
0.96387243,-1.4311393,-14.9802885,0.31073347,0.7677889,0.10006203,0.5513008
1.0633336,-0.15522264,-14.618543,0.17978904,0.73788327,-0.41973436,0.4970184
0.9697065,-1.4312767,-14.980934,0.31031197,0.7663759,0.10011255,0.5534907
1.0626587,-0.15506192,-14.618711,0.17967515,0.7379499,-0.41976592,0.49693403
0.974179,-1.4314156,-14.981587,0.30983248,0.7649582,0.10016561,0.5557065
1.063117,-0.1549264,-14.6188545,0.17962945,0.7379192,-0.4198149,0.49695474
0.98026645,-1.4315528,-14.982233,0.30942482,0.7636084,0.10013191,0.5577922
1.063538,-0.15480195,-14.618986,0.17963064,0.73787594,-0.4199157,0.49693343
0.983894,-1.4316753,-14.982808,0.30908063,0.7624697,0.100233614,0.55951977
1.0639224,-0.15468822,-14.619106,0.17964481,0.7378074,-0.42004746,0.4969187
0.98908323,-1.4317842,-14.983319,0.30888435,0.76152426,0.10024064,0.5609128
1.0632163,-0.15459238,-14.619206,0.17964892,0.73775554,-0.42016813,0.49689215
0.99347913,-1.4297835,-14.983752,0.3086277,0.7608192,0.10020647,0.5620158
1.0636077,-0.15450862,-14.619295,0.17962755,0.7376589,-0.4203343,0.4969027
0.99708354,-1.428143,-14.984108,0.3083351,0.76030535,0.10012056,0.5628865
1.0639482,-0.1534552,-14.619371,0.1795137,0.7376152,-0.42050675,0.49686283
0.9976722,-1.429071,-14.984383,0.30828297,0.7597899,0.10041726,0.5635578
1.0642626,-0.15349074,-14.619443,0.1794767,0.737536,-0.42059752,0.49691704
1.0004075,-1.4298104,-14.984601,0.30829072,0.7593292,0.100583754,0.56414443
1.0645512,-0.15352336,-14.619507,0.17941493,0.73746425,-0.42067656,0.49697894
1.0049905,-1.4304049,-14.9847765,0.3082636,0.75886214,0.100737326,0.56476
1.0658385,-0.15252186,-14.618534,0.17920454,0.73731524,-0.42093173,0.49705997
1.006064,-1.4308566,-14.984911,0.3082252,0.7585159,0.100947164,0.56520844
1.0659589,-0.15266013,-14.618699,0.17919853,0.7372216,-0.42102033,0.4971259
1.009348,-1.4336644,-14.985013,0.30836427,0.75805587,0.10106113,0.56572914
1.0660676,-0.15278491,-14.618848,0.17915487,0.7372022,-0.42106465,0.4971329
1.009329,-1.4332929,-14.985089,0.30826488,0.7577594,0.10120171,0.56615514
1.0661654,-0.15289722,-14.618981,0.17917265,0.73720527,-0.42104632,0.49713746
1.0118301,-1.4330088,-14.9851465,0.30818945,0.75731945,0.10141671,0.56674623
1.0662532,-0.15299806,-14.619102,0.17917448,0.7372611,-0.4210286,0.49706894
1.0136882,-1.4353292,-14.985189,0.30832505,0.7568586,0.10163359,0.567249
1.0663319,-0.15308839,-14.619209,0.17910442,0.73741305,-0.42092523,0.49695638
1.0150645,-1.4370477,-14.985222,0.3086168,0.7562282,0.10194327,0.56787515
1.0653619,-0.15420066,-14.6193,0.17911288,0.73755383,-0.42076862,0.49687707
1.0187432,-1.4383544,-14.985246,0.3086862,0.7556481,0.10210453,0.56858027
1.0655242,-0.15317462,-14.619376,0.17892776,0.7377433,-0.42070067,0.49671993
1.0214651,-1.4366392,-14.985264,0.3087403,0.75512826,0.102216765,0.56922096
1.0656626,-0.1532349,-14.619441,0.1788226,0.73793554,-0.42062095,0.49653968
1.0207813,-1.4329164,-14.985275,0.3084855,0.7548574,0.102310255,0.5697014
1.0648928,-0.15328658,-14.619497,0.17874423,0.73816055,-0.42049563,0.4963396
1.0228592,-1.4327254,-14.985285,0.30853662,0.75423855,0.10255121,0.5704496
1.0642291,-0.15333113,-14.619546,0.17868184,0.7383923,-0.4203139,0.49617127
1.0271323,-1.4325802,-14.9852915,0.3083565,0.7535748,0.10284849,0.57137
1.0644559,-0.15256795,-14.618786,0.17852296,0.73858374,-0.4202669,0.49598318
1.0275071,-1.4351162,-14.985296,0.3082978,0.75263476,0.103334785,0.57255167
1.0638914,-0.15190342,-14.618124,0.17838888,0.7388244,-0.42019036,0.4957379
1.0376192,-1.4384693,-14.985303,0.30802023,0.74996424,0.10397696,0.5760781
1.0622766,-0.15148334,-14.617708,0.17822926,0.73935384,-0.4199862,0.49517867
1.0406985,-1.4394903,-14.985305,0.30791458,0.74848664,0.1041472,0.5780223
1.0619409,-0.15164034,-14.617214,0.17815185,0.7395983,-0.41991422,0.4949025
1.0491832,-1.4402431,-14.985306,0.3075779,0.7466976,0.10466414,0.5804171
1.0610231,-0.15177935,-14.616776,0.17807396,0.73987985,-0.41982153,0.4945882
1.0551434,-1.440772,-14.985307,0.30735305,0.7447266,0.10511027,0.5829822
1.0602075,-0.1513135,-14.616388,0.1779665,0.7401684,-0.419762,0.4942455
1.0626414,-1.4411387,-14.985309,0.3071084,0.74207217,0.105580226,0.5864011
1.0594802,-0.15089807,-14.616041,0.17788729,0.7404474,-0.4197357,0.49387836
1.0712192,-1.4448911,-14.985309,0.30672458,0.73918384,0.10598079,0.5901656
1.0588295,-0.1505264,-14.615731,0.17782502,0.7407111,-0.41974142,0.49350023
1.0844115,-1.4437053,-14.985309,0.30631822,0.73604524,0.10629231,0.5942294
1.0582455,-0.15019286,-14.615454,0.1777934,0.74096835,-0.41972467,0.4931396
1.0966989,-1.4468082,-14.981448,0.30660197,0.73276645,0.10584585,0.5982017
1.05772,-0.14989264,-14.615202,0.17774363,0.7412496,-0.41974446,0.4927178
1.1083137,-1.4447329,-14.979055,0.3073851,0.72932035,0.104851194,0.6021731
1.0572456,-0.1496217,-14.614976,0.17771706,0.7415631,-0.41981792,0.49219286
1.1374133,-1.4477613,-14.977537,0.30891043,0.72134084,0.103172,0.61122614
1.0568163,-0.14980975,-14.615205,0.1776801,0.7419495,-0.41992682,0.49153045
1.1586155,-1.4540364,-14.972127,0.3097819,0.71589065,0.10237895,0.61729604
1.0568385,-0.14956877,-14.615413,0.1775089,0.7422565,-0.42013034,0.49095458
1.1748633,-1.4574566,-14.969177,0.310151,0.7114791,0.10180195,0.6222863
1.0564677,-0.14895862,-14.615602,0.17728136,0.74258375,-0.42036307,0.49034244
1.1882083,-1.4592527,-14.9676285,0.31000397,0.7076673,0.10103197,0.62681514
1.0565012,-0.14840256,-14.615772,0.17710982,0.74273914,-0.4207401,0.4898454
1.2101247,-1.460184,-14.966826,0.3097113,0.7037513,0.1002133,0.6314827
1.0561776,-0.148247,-14.61593,0.17692831,0.74286276,-0.42103538,0.4894698
1.2259549,-1.4657393,-14.961334,0.30907667,0.7002152,0.09956393,0.63581234
1.0558183,-0.14807424,-14.616104,0.1768478,0.74290454,-0.4213009,0.48920676
1.2387142,-1.4683949,-14.958708,0.3082627,0.69669145,0.09864006,0.6402073
1.0558923,-0.14741418,-14.616297,0.17667642,0.7428886,-0.42168418,0.4889626
1.2605491,-1.4590648,-14.957479,0.30654237,0.6934264,0.09766811,0.64471126
1.0559711,-0.14671212,-14.615976,0.1765441,0.74278575,-0.42206186,0.4888409
1.2704062,-1.4548529,-14.95162,0.30493805,0.69029313,0.09668207,0.648969
1.0565411,-0.14658074,-14.615689,0.17642666,0.7425326,-0.42244303,0.48893857
1.2857041,-1.4529308,-14.948946,0.30345863,0.68677455,0.095821306,0.6535074
1.0570543,-0.14646241,-14.61543,0.1763444,0.7422475,-0.42276728,0.4891208
1.3035219,-1.4520735,-14.942257,0.30238792,0.6829815,0.09497678,0.65808606
1.0575496,-0.14586699,-14.61518,0.17619099,0.7419343,-0.42322555,0.489255
1.3112077,-1.4517035,-14.939372,0.30181232,0.6798791,0.09393998,0.6617016
1.0580752,-0.14523514,-14.614915,0.17598067,0.741638,-0.42365,0.4894126
1.3919443,-1.4396521,-14.926177,0.2931119,0.6697673,0.093021765,0.6759024
1.0595679,-0.14517918,-14.614676,0.17582726,0.74063146,-0.424783,0.49000946
1.4423503,-1.4348844,-14.914802,0.29026735,0.667722,0.09295485,0.6791551
1.0618123,-0.14452167,-14.613818,0.17571603,0.7396618,-0.4258985,0.49054545
1.4798158,-1.4394313,-14.910612,0.2900447,0.6675967,0.092442855,0.6794433
1.0642143,-0.14449765,-14.612899,0.17570086,0.73876613,-0.42691794,0.49101424
1.5187216,-1.4474636,-14.90914,0.29087916,0.6684353,0.09181402,0.67834646
1.0674441,-0.14522676,-14.612705,0.17584687,0.73784715,-0.42792463,0.49146727
1.5579407,-1.4566993,-14.915182,0.29222062,0.67068386,0.09056882,0.67571265
1.0725659,-0.14407916,-14.611426,0.17597623,0.736814,-0.4291178,0.49193034
1.6040757,-1.4663804,-14.917153,0.29404384,0.67247224,0.0886765,0.67339134
1.0782351,-0.14280891,-14.611294,0.17612898,0.7357353,-0.43045,0.4923262
1.6524633,-1.4761996,-14.917769,0.2958759,0.6748723,0.08648863,0.67046607
1.0822316,-0.14301094,-14.611167,0.17640823,0.73463774,-0.4317653,0.49271318
1.7014751,-1.4860444,-14.917953,0.29719034,0.67634267,0.08491705,0.6686013
1.0860184,-0.14163093,-14.611048,0.17646118,0.73363286,-0.43305358,0.49306086
1.7363425,-1.4958267,-14.918004,0.29848877,0.6773512,0.083449274,0.66718525
1.0910248,-0.14373149,-14.610942,0.17693186,0.7323575,-0.4343954,0.4936075
1.7812407,-1.5126396,-14.925079,0.29961663,0.67862505,0.08243904,0.6655086
1.0954958,-0.14381547,-14.610848,0.17717917,0.7312126,-0.43578064,0.49399498
1.8291008,-1.5243194,-14.926983,0.30094808,0.6799488,0.081329666,0.6636908
1.0993551,-0.14388795,-14.610767,0.1774588,0.73011637,-0.43717328,0.49428537
1.8704025,-1.5345712,-14.927474,0.30210313,0.68138814,0.080410406,0.6617992
1.1026347,-0.14193551,-14.610698,0.17763874,0.72913456,-0.43846378,0.49452686
1.9099439,-1.544438,-14.927597,0.30306652,0.68308353,0.0795116,0.65971625
1.1075051,-0.14243318,-14.610641,0.17789094,0.7282517,-0.43950203,0.49481547
1.9564764,-1.5542198,-14.927627,0.30395958,0.684475,0.07902706,0.65791893
1.1114074,-0.14283194,-14.612785,0.17797877,0.7275367,-0.44040427,0.49503344
1.9896582,-1.5565007,-14.927634,0.30438653,0.6861883,0.07834336,0.65601593
1.1122205,-0.1431369,-14.614426,0.17821395,0.7270696,-0.44103897,0.49506998
2.027214,-1.5570191,-14.927636,0.3046617,0.68783426,0.07785067,0.6542207
1.1150942,-0.14337912,-14.615729,0.178495,0.7265719,-0.44167578,0.4951317
2.0657597,-1.5571338,-14.927636,0.30481395,0.6893485,0.07758543,0.6525853
1.1150743,-0.14356235,-14.6167145,0.1786486,0.72640586,-0.4420247,0.49500862
2.0968513,-1.5571585,-14.927636,0.30459693,0.69086117,0.07739323,0.65110815
1.1150591,-0.14153622,-14.615299,0.17884196,0.72625834,-0.44240925,0.4948117
2.190831,-1.549475,-14.926102,0.3040596,0.6940048,0.07727281,0.6480232
1.1171341,-0.14416476,-14.615034,0.17941272,0.7259067,-0.44291958,0.49466434
2.229867,-1.5479372,-14.91964,0.30360883,0.6955804,0.077255726,0.6465455
1.1166816,-0.1441684,-14.614056,0.1797356,0.72591716,-0.44297305,0.49448392
2.3315122,-1.5491061,-14.918089,0.30319571,0.6981481,0.07729313,0.6439624
1.1160603,-0.14060728,-14.612713,0.17992331,0.72602063,-0.4431666,0.49409005
2.3887281,-1.5555532,-14.910347,0.30308318,0.6992188,0.07718749,0.64286536
1.1178505,-0.14135501,-14.612236,0.18017411,0.72598,-0.44322538,0.49400574
2.4386199,-1.5568426,-14.9088,0.30292296,0.700363,0.07696506,0.64172095
1.1192944,-0.13990755,-14.609801,0.18008907,0.7258949,-0.44338492,0.49401855
2.5485644,-1.5571004,-14.90849,0.30301943,0.70137864,0.07646105,0.6406255
1.1204337,-0.14082207,-14.609938,0.18023814,0.7258583,-0.44338503,0.49401802
2.6243813,-1.5648416,-14.908428,0.30320144,0.70215017,0.07595849,0.63975334
1.1212964,-0.1434961,-14.610041,0.180552,0.7256678,-0.443375,0.4941922
2.685683,-1.56639,-14.908416,0.30341232,0.7027541,0.07546496,0.63904834
1.1219876,-0.14363876,-14.610123,0.18079303,0.725625,-0.4433774,0.4941648
2.811127,-1.5682995,-14.908413,0.30361208,0.7038191,0.07471119,0.63786894
1.1229774,-0.14384304,-14.61024,0.18099122,0.725333,-0.4434485,0.49445698
2.9152746,-1.5670816,-14.9007225,0.30355075,0.70422316,0.074477404,0.6374793
1.1254368,-0.1439171,-14.610283,0.18112186,0.7250607,-0.4435243,0.49474052
2.9822423,-1.5668379,-14.899185,0.303421,0.7046076,0.07435699,0.6371302
1.1274176,-0.14181171,-14.610317,0.18115367,0.72479564,-0.4436527,0.49500194
3.0340843,-1.5590996,-14.906567,0.3030876,0.70508146,0.07426673,0.6367751
1.1268188,-0.14231889,-14.6124,0.18150066,0.7244975,-0.44365743,0.49530706
3.090591,-1.5498621,-14.900354,0.3026356,0.7055065,0.07429733,0.63651574
1.1263716,-0.14465156,-14.613955,0.1818472,0.72422326,-0.44360045,0.4956319
3.240307,-1.5326352,-14.9068,0.30183944,0.706392,0.074371,0.63590276
1.1260332,-0.14456086,-14.615131,0.1821809,0.7238646,-0.44369265,0.49595067
3.3163884,-1.52919,-14.90809,0.30110464,0.70738924,0.07445613,0.6351321
1.1257727,-0.14449108,-14.616037,0.18247597,0.72359306,-0.4436737,0.49625522
3.377743,-1.5285008,-14.908348,0.30038384,0.7083921,0.074526094,0.63434696
1.125571,-0.14611869,-14.616739,0.18280181,0.7232049,-0.44377065,0.4966143
3.4438417,-1.528363,-14.9084,0.2997168,0.709475,0.074519396,0.6334524
1.1254122,-0.14739802,-14.6172905,0.18302773,0.7229591,-0.44375622,0.4969019
3.5185792,-1.536025,-14.90841,0.29911828,0.7104758,0.07445244,0.632621
1.1252848,-0.1484264,-14.617734,0.1833229,0.7226935,-0.44377258,0.49716476
3.579665,-1.5375576,-14.908413,0.29853848,0.7115071,0.074321076,0.63175064
1.1251794,-0.1477548,-14.6181,0.18339919,0.72263825,-0.44389582,0.49710697
3.6533995,-1.5532434,-14.908413,0.298046,0.71241206,0.07414515,0.6309835
1.1250919,-0.1471968,-14.618404,0.1835185,0.7225454,-0.44402054,0.49708658
3.729664,-1.5563805,-14.908413,0.29747334,0.7132756,0.07386597,0.63031054
1.125019,-0.14673096,-14.618658,0.18362018,0.72243226,-0.44411612,0.4971279
3.7987452,-1.557008,-14.908413,0.29681265,0.71419513,0.073553726,0.629617
1.1249577,-0.14634056,-14.61887,0.18374656,0.7223994,-0.4441813,0.49707067
3.950663,-1.5663863,-14.908413,0.29528165,0.7160915,0.07266576,0.6282846
1.1262833,-0.14979357,-14.619191,0.18412744,0.72227633,-0.4441688,0.49711993
4.373534,-1.6051474,-14.916102,0.2928676,0.7184873,0.071485005,0.62681305
1.1274996,-0.15040578,-14.619323,0.18391882,0.7224546,-0.44423455,0.49687928
4.5042467,-1.6205893,-14.91764,0.29023954,0.7211958,0.07019096,0.6250687
1.1302166,-0.14937115,-14.619444,0.18355416,0.72252494,-0.44445664,0.49671325
4.5995965,-1.6313674,-14.917947,0.287664,0.7239051,0.068901844,0.62326837
1.1293327,-0.15006964,-14.619539,0.18352611,0.7228077,-0.44433004,0.4964253
4.6724944,-1.6489024,-14.925698,0.285166,0.72676164,0.06754631,0.621237
1.1286255,-0.14918631,-14.619615,0.18329144,0.7230733,-0.44430605,0.49614665
4.7562814,-1.6677889,-14.927249,0.28274295,0.7295311,0.06617853,0.61924255
1.1280544,-0.14984304,-14.619678,0.1832406,0.7233369,-0.44412363,0.4959445
4.8268666,-1.6792558,-14.927559,0.28057706,0.7321525,0.06461998,0.6172954
1.1275893,-0.150378,-14.619728,0.18317495,0.72357327,-0.44398472,0.4957482
4.9025016,-1.6969287,-14.935311,0.27863187,0.73456275,0.06302261,0.61547554
1.1284807,-0.15083645,-14.619771,0.18303895,0.7237127,-0.44399428,0.49558643
5.0636826,-1.7334669,-14.937172,0.27531838,0.7382843,0.06019724,0.61279064
1.1274043,-0.14916685,-14.619842,0.18280706,0.724146,-0.4439778,0.49505347
5.1344175,-1.7462194,-14.944922,0.2737874,0.73978317,0.058875997,0.61179656
1.1270577,-0.14854631,-14.619867,0.18269053,0.7243597,-0.44401017,0.4947546
5.217772,-1.771839,-14.938784,0.27278057,0.7407644,0.057897713,0.61115205
1.1256325,-0.14803018,-14.619888,0.18255098,0.7246682,-0.44396257,0.4943971
5.288271,-1.7846526,-14.945246,0.27175888,0.74152434,0.05708528,0.6107619
1.1255186,-0.14867774,-14.619906,0.18248533,0.72487277,-0.4439162,0.49416295
5.363888,-1.7872154,-14.946538,0.27058235,0.7421343,0.0565904,0.61058944
1.1254226,-0.1481979,-14.619922,0.18231337,0.725054,-0.44394538,0.49393418
5.440529,-1.8031073,-14.946796,0.26971978,0.74231946,0.056374576,0.6107659
1.1243665,-0.14876531,-14.619934,0.18222864,0.72525704,-0.44384754,0.49375543
5.5019956,-1.8062856,-14.946848,0.2687099,0.7425667,0.056479484,0.6109009
1.1243908,-0.14832383,-14.619945,0.18206139,0.7253895,-0.44388324,0.49359047
5.575806,-1.8069212,-14.939169,0.26766983,0.74231875,0.056933407,0.6116162
1.1244118,-0.14794481,-14.619074,0.18191291,0.72550416,-0.44387707,0.4934822
5.636707,-1.8070484,-14.937633,0.2663869,0.74205726,0.057973534,0.6123955
1.1235942,-0.1476177,-14.619159,0.18184476,0.725687,-0.4437775,0.4933279
5.695025,-1.7840047,-14.9373255,0.26447842,0.7420099,0.058951072,0.6131861
1.1236788,-0.14812778,-14.618438,0.18183187,0.7257771,-0.4437278,0.49324492
5.7528267,-1.7870858,-14.937264,0.26264566,0.7421343,0.060431607,0.6136792
1.1237526,-0.14781821,-14.61781,0.18173224,0.72582823,-0.44373372,0.49320105
5.8105254,-1.787702,-14.937253,0.26079056,0.7423776,0.06182847,0.61403674
1.1231008,-0.1482636,-14.617261,0.18174407,0.7258828,-0.44365185,0.4931898
5.8682036,-1.7801355,-14.93725,0.25884497,0.7429389,0.06325209,0.61403614
1.1232083,-0.1479746,-14.616097,0.18167354,0.7258953,-0.44365618,0.4931936
5.9335675,-1.7709324,-14.937249,0.2568878,0.74392414,0.06460572,0.61352396
1.1233032,-0.14836605,-14.615716,0.18169022,0.72590196,-0.44358933,0.4932378
5.9927783,-1.7690918,-14.937249,0.25466967,0.74548244,0.06611077,0.6123959
1.1240015,-0.14809868,-14.614764,0.18163686,0.7258616,-0.44359007,0.49331623
6.0507584,-1.7687237,-14.937249,0.2526839,0.74730015,0.06774285,0.6108226
1.1240405,-0.14785181,-14.613886,0.18161754,0.7258157,-0.44358256,0.4933976
6.1161823,-1.7532707,-14.944939,0.25049657,0.749252,0.0688493,0.6092067
1.1247745,-0.14827979,-14.612945,0.18162632,0.7257318,-0.44357234,0.49352708
6.283061,-1.75787,-14.946476,0.24784932,0.7521994,0.07001825,0.6065182
1.1241062,-0.14865708,-14.612115,0.18165591,0.7256442,-0.44351518,0.4936964
6.3702655,-1.7587897,-14.9544735,0.24559213,0.75453043,0.07094304,0.60442996
1.1241425,-0.14833982,-14.611315,0.18164262,0.7255214,-0.44348097,0.49391246
6.433844,-1.7666633,-14.956073,0.24372013,0.7563593,0.07179426,0.6027992
1.1249018,-0.14875026,-14.611249,0.18166286,0.7253674,-0.4434828,0.4941294
6.5506077,-1.7700909,-14.964147,0.24040158,0.75897044,0.07276474,0.6007298
1.1263678,-0.14954285,-14.611121,0.18176608,0.72504014,-0.4434281,0.49462053
6.6083274,-1.7689236,-14.965697,0.23859252,0.75976783,0.073187694,0.6003916
1.1270636,-0.14991906,-14.61106,0.18178459,0.7248634,-0.4433994,0.49489844
6.6583195,-1.7610005,-14.973697,0.23633182,0.7606368,0.073594324,0.6001357
1.1268562,-0.14943218,-14.611008,0.18178622,0.72472197,-0.44337934,0.4951228
6.714456,-1.7517262,-14.9676075,0.23399346,0.7612288,0.07425385,0.60022014
1.1274643,-0.14979184,-14.6117525,0.18184759,0.7245401,-0.4433349,0.4954062
6.7564425,-1.7421814,-14.97408,0.23148294,0.7619466,0.07520506,0.6001644
1.1272414,-0.15010534,-14.612403,0.181959,0.724335,-0.44328213,0.4957124
6.857116,-1.7325828,-14.975374,0.22740643,0.7629607,0.076391794,0.6002847
1.1277616,-0.15109512,-14.612971,0.1821507,0.72408897,-0.44321108,0.49606496
6.9080095,-1.7229735,-14.975634,0.22410467,0.76385266,0.07710669,0.60030067
1.1282358,-0.15129301,-14.61349,0.18225309,0.72386724,-0.44319504,0.49636498
6.941258,-1.7287412,-14.975685,0.22192284,0.76453185,0.077620566,0.60018027
1.1286727,-0.15077476,-14.613968,0.18233469,0.72365695,-0.44319516,0.49664152
6.963287,-1.7298949,-14.975696,0.22009374,0.7652367,0.07784684,0.59992623
1.1290793,-0.15029253,-14.614412,0.18240738,0.7234229,-0.44319987,0.49695146
6.9907613,-1.7378153,-14.983386,0.21889576,0.76580715,0.077837214,0.59963787
1.1302843,-0.1505783,-14.614873,0.18258244,0.723133,-0.44318634,0.4973211
7.003946,-1.7317096,-14.984924,0.21787417,0.7664903,0.077375434,0.5991967
1.1306103,-0.15084395,-14.615299,0.18272291,0.72298896,-0.4431011,0.4975548
7.029652,-1.7304884,-14.985232,0.21709442,0.7667809,0.07649869,0.59922034
1.1309136,-0.15109105,-14.615697,0.18282063,0.7228858,-0.44299787,0.49776074
7.0501723,-1.737934,-14.985294,0.21680668,0.7667371,0.07543497,0.5995154
1.1311903,-0.15051465,-14.61606,0.18287198,0.7227781,-0.4429669,0.49792585
7.069656,-1.7471128,-14.977617,0.21684635,0.7662753,0.07457179,0.6001991
1.1314474,-0.15079188,-14.616397,0.1830284,0.72270274,-0.44288784,0.49804804
7.0735526,-1.7412587,-14.976081,0.2167347,0.76573,0.07378354,0.60103214
1.130899,-0.15103298,-14.61669,0.18319204,0.72269344,-0.4427645,0.498111
7.082022,-1.7400881,-14.975774,0.21684515,0.7649763,0.07270715,0.6020824
1.1311556,-0.15124564,-14.616948,0.18331622,0.7226351,-0.44267806,0.4982268
7.083716,-1.7321643,-14.975713,0.21640804,0.76444656,0.0717755,0.60302347
1.1306773,-0.1514321,-14.617174,0.18345477,0.7226811,-0.4425411,0.49823073
7.068675,-1.7228898,-14.975701,0.21443844,0.76518595,0.070304215,0.60296273
1.1309301,-0.15159999,-14.617379,0.18354549,0.72272813,-0.44231457,0.49833015
7.065667,-1.7210349,-14.975698,0.21328588,0.7658051,0.06934767,0.6026961
1.1305039,-0.15174815,-14.617559,0.18361485,0.7228199,-0.44209787,0.4983638
7.0480275,-1.7298173,-14.96647,0.21203451,0.76761323,0.0689863,0.6008762
1.129205,-0.15200284,-14.616697,0.18361478,0.72305477,-0.44156066,0.4984994
7.0461583,-1.73011,-14.966162,0.21175338,0.768572,0.0692918,0.59971356
1.1289394,-0.15210655,-14.616335,0.18352447,0.72312456,-0.441259,0.4986984
7.038094,-1.7224789,-14.9661,0.21157065,0.7693606,0.069585524,0.59873205
1.1287018,-0.15219937,-14.616011,0.18344449,0.7232146,-0.44097173,0.4988513
7.0364814,-1.7286423,-14.966088,0.2116376,0.76994264,0.07001275,0.59790987
1.1284885,-0.15228269,-14.61572,0.18340611,0.72328633,-0.4406617,0.49903536
7.051539,-1.7298751,-14.958396,0.21201782,0.7699894,0.07036361,0.5976737
1.1282964,-0.15235773,-14.615457,0.18337978,0.723395,-0.44032812,0.49918202
7.05455,-1.7301216,-14.956858,0.21225981,0.7701525,0.0708663,0.5973182
1.128123,-0.15287873,-14.61522,0.18333831,0.72347224,-0.4400027,0.4993723
7.055152,-1.730171,-14.956551,0.21252404,0.7702119,0.07123232,0.5971041
1.127966,-0.15291974,-14.6150055,0.18327846,0.7235567,-0.4396594,0.4995742
7.055273,-1.7378706,-14.956488,0.21318588,0.77022135,0.07148851,0.5968252
1.1278236,-0.15295695,-14.61481,0.1831782,0.7236438,-0.43932447,0.4997795
7.0476074,-1.7471001,-14.956476,0.21378097,0.77024573,0.072103105,0.5965069
1.127694,-0.15299079,-14.614634,0.18305919,0.72373354,-0.43895176,0.5000205
7.046074,-1.7412562,-14.956474,0.2140304,0.7703533,0.072365835,0.5962466
1.1279451,-0.15339084,-14.614472,0.18299098,0.723794,-0.43855488,0.5003062
7.0534573,-1.7400875,-14.956472,0.21423413,0.7704362,0.07258819,0.59603924
1.1282167,-0.15382366,-14.614298,0.18287481,0.7239017,-0.43809867,0.50059247
7.0549335,-1.7398537,-14.956472,0.21438605,0.7705302,0.07302641,0.5958096
1.12852,-0.15430687,-14.614102,0.18275663,0.72400475,-0.43766597,0.50086504
7.047539,-1.7398071,-14.956472,0.21430607,0.77087414,0.07352299,0.5953322
1.1288435,-0.15427785,-14.613351,0.18261307,0.7241269,-0.4372799,0.5010779
7.0460606,-1.7321081,-14.956472,0.21404131,0.7712462,0.073807485,0.59491026
1.1286137,-0.15425153,-14.613193,0.18255442,0.724259,-0.43687868,0.5012582
7.045765,-1.7382579,-14.956472,0.21410166,0.7714713,0.074224204,0.59454453
1.1279105,-0.15472461,-14.61305,0.18255663,0.7244102,-0.4364726,0.50139284
7.045706,-1.7471776,-14.956472,0.21416178,0.771607,0.074475266,0.59431547
1.1277356,-0.15518586,-14.612912,0.18256348,0.7245056,-0.43611774,0.5015612
7.036522,-1.7326318,-14.956472,0.21376014,0.77231795,0.07451646,0.59353095
1.127373,-0.15614218,-14.612012,0.18253629,0.7246251,-0.43561628,0.5018341
7.0361767,-1.7307253,-14.956472,0.21346113,0.77259845,0.074382134,0.59329027
1.126625,-0.15600012,-14.611917,0.1825767,0.7247174,-0.43542582,0.5018515
7.036101,-1.7377334,-14.956472,0.21353206,0.7725863,0.07429486,0.59329146
1.1259573,-0.15532093,-14.6112795,0.18253571,0.7248086,-0.43534654,0.50180346
7.0288095,-1.7320197,-14.956472,0.21338768,0.7727392,0.0739515,0.5931872
1.1258842,-0.15576236,-14.611234,0.18262646,0.72481054,-0.43531674,0.50179344
7.0343146,-1.730629,-14.956472,0.21308468,0.772639,0.07354096,0.5934776
1.1258179,-0.15565918,-14.611192,0.18259925,0.72477657,-0.43539596,0.50178367
7.0356507,-1.7302914,-14.956472,0.21287948,0.7725055,0.07307928,0.593782
1.1257565,-0.15556355,-14.611153,0.1825987,0.724689,-0.43550208,0.50181824
7.0505404,-1.7229267,-14.956472,0.21271744,0.7722078,0.07242156,0.5943077
1.1256994,-0.15547465,-14.611116,0.1826716,0.7246128,-0.4355973,0.5018192
7.0541387,-1.7284094,-14.956472,0.21260162,0.7719441,0.07187465,0.5947579
1.1256461,-0.15539183,-14.611083,0.18273038,0.7245057,-0.4357201,0.50184566
7.0478854,-1.7226075,-14.956472,0.21247584,0.7717458,0.07129138,0.59513026
1.1255964,-0.15531452,-14.611051,0.18274847,0.72435725,-0.43589374,0.5019026
7.046277,-1.7281601,-14.956472,0.21236359,0.7714823,0.07084517,0.5955651
1.1255499,-0.1552422,-14.611022,0.18285415,0.72420084,-0.43603477,0.5019674
7.0528827,-1.7226061,-14.956472,0.2122346,0.77110857,0.07035783,0.5961525
1.1259555,-0.15517455,-14.610994,0.18288545,0.723978,-0.4362142,0.50212157
7.061704,-1.721114,-14.956472,0.212191,0.7706366,0.06997877,0.5968226
1.1263757,-0.15559246,-14.610967,0.18295798,0.72375524,-0.43640053,0.5022542
7.0640416,-1.7137225,-14.956472,0.21209578,0.7701336,0.06947579,0.5975639
1.1268101,-0.15602463,-14.610937,0.18302964,0.723524,-0.43654162,0.5024387
7.0716476,-1.7186905,-14.9495,0.21240075,0.7693163,0.06887089,0.59857756
1.1272994,-0.15651129,-14.6102705,0.18316907,0.72311527,-0.43677026,0.50277746
7.080705,-1.7130845,-14.947586,0.21255814,0.7686025,0.06825813,0.5995083
1.1278287,-0.15703776,-14.6095495,0.18332271,0.7227236,-0.43692172,0.50315297
7.0831947,-1.7115434,-14.947061,0.21262397,0.76794446,0.06787872,0.60037076
1.1283818,-0.15758787,-14.608796,0.18343474,0.7223392,-0.4371052,0.5035045
7.083874,-1.7180344,-14.946918,0.21295579,0.76738614,0.067573786,0.60100096
1.1297995,-0.15723999,-14.608065,0.1834271,0.7219426,-0.43738106,0.5038366
7.077303,-1.7198176,-14.9468775,0.21317744,0.766945,0.06737824,0.60150725
1.130245,-0.15785974,-14.607337,0.183523,0.7215448,-0.43756223,0.504214
7.082116,-1.7203481,-14.946866,0.21341617,0.76649845,0.06717697,0.6020142
1.1306779,-0.15846223,-14.60663,0.18362291,0.7211551,-0.437687,0.50462663
7.076899,-1.7271097,-14.946862,0.21378063,0.76609117,0.06712539,0.6024089
1.1310902,-0.1590358,-14.605956,0.18365696,0.72078294,-0.43780485,0.5050435
7.0690026,-1.7164673,-14.953195,0.2138678,0.76587015,0.06703675,0.60266876
1.1314532,-0.15843013,-14.605364,0.1835355,0.7204894,-0.43791422,0.50541157
7.078998,-1.7191772,-14.949013,0.21396194,0.7655757,0.06692658,0.6030215
1.1317917,-0.15903659,-14.60481,0.18345615,0.720215,-0.437876,0.50586444
7.0823817,-1.7200946,-14.953923,0.21416293,0.7653484,0.06680548,0.6032522
1.132078,-0.15954956,-14.605471,0.18336436,0.7200431,-0.43780282,0.5062057
7.071434,-1.7264179,-14.955522,0.21429121,0.76523167,0.06677345,0.6033582
1.1334581,-0.16000195,-14.606052,0.18326914,0.7197391,-0.43775263,0.5067157
7.0733533,-1.7227907,-14.962074,0.21440317,0.7651499,0.06666419,0.60343426
1.1335462,-0.16039005,-14.606552,0.18317968,0.719642,-0.43762273,0.506998

