ICVP Direct Stim Program 4.0.1+v4.0.1 - RelativeLocations
Updated at: 2022-08-22--16-44-33
Subject ID: CKT
Tester ID: kstipp
Direct Stimulation Input from the UI

UserID ; Time ; Electrodes ; Frequency (Hz) ; Cathodic Phase Duration (us) ; Train Length (ms) ; Duty On (ms); Duty Off (ms) ; Inter-train Length (ms) ; Amplitude (uA) ; Sent to Gateway ; Response ; Response Latency (ms) ; Response Duration (ms) ; Comments
kstipp ; 2022-08-22--16-44-33 ; 1502-1503-1506-1507 , 1502-1503-1506-1507-5603-5602-5606-5607 ; 200 ; 200 ; 1000 ; 1000 ; 0 ; 0 ; 40 ; True ;  ;  ;  ; moved right. 1st = 4 in a diamond, tot he right 4 pencil points in square pattern. close to each other

Position t,Position u,Position v,Orientation w,Orientation x,Orientation y,Orientation z
0.9926743,-1.4644547,-14.977301,0.34628814,0.7454018,0.11700346,0.5574683
1.057788,-0.13039595,-14.597935,0.17739083,0.7481904,-0.41638777,0.48514432
0.99306387,-1.4642644,-14.977748,0.34624705,0.7452943,0.11684964,0.55766994
1.0576985,-0.13121945,-14.598505,0.17764723,0.7479541,-0.41639212,0.48541105
0.99345267,-1.4640746,-14.978193,0.34621856,0.7451781,0.11667881,0.5578786
1.0595746,-0.12994903,-14.598975,0.1776916,0.747576,-0.41661954,0.48578197
0.9938259,-1.4644701,-14.9786215,0.34622207,0.7450333,0.11656481,0.5580934
1.0591418,-0.12898453,-14.599333,0.17782834,0.7473406,-0.41675964,0.4859738
0.99419767,-1.4642519,-14.979048,0.34621966,0.744919,0.116375014,0.5582872
1.0606979,-0.12818153,-14.59963,0.17778735,0.74712825,-0.4169138,0.486183
0.9945659,-1.4640357,-14.97947,0.34617195,0.74489146,0.116212144,0.55838746
1.0619788,-0.12949106,-14.599875,0.17787087,0.74687535,-0.41687575,0.48657364
0.9942767,-1.4638442,-14.979844,0.3460987,0.7449483,0.11606184,0.55838823
1.06302,-0.13055559,-14.600075,0.1781546,0.7465993,-0.41682768,0.48693433
0.994641,-1.4630044,-14.980214,0.34602553,0.74495846,0.115924194,0.55844873
1.0638578,-0.13141213,-14.600234,0.1784144,0.7463662,-0.41678563,0.48723263
0.9957883,-1.4628507,-14.980614,0.3461043,0.7448721,0.115796395,0.55854154
1.0625354,-0.13205221,-14.600354,0.1785809,0.74614847,-0.41694617,0.4873678
0.9961046,-1.4627031,-14.980998,0.34618995,0.7448669,0.11566376,0.5585229
1.0634227,-0.13255863,-14.600449,0.17865546,0.74591255,-0.41707426,0.4875919
0.9956348,-1.4625744,-14.981332,0.34626627,0.7449063,0.115524195,0.55845195
1.0641207,-0.13105293,-14.600523,0.1785663,0.7456768,-0.41726547,0.48782134
0.9959352,-1.4631772,-14.981628,0.3464256,0.74487996,0.115455575,0.55840236
1.0646877,-0.13175875,-14.600584,0.17865756,0.7455989,-0.4172073,0.4879569
0.9962261,-1.4630105,-14.981916,0.34655625,0.7449311,0.11530955,0.55828327
1.065146,-0.13232897,-14.600633,0.17847766,0.7454494,-0.41733027,0.48814592
0.995768,-1.4628646,-14.982167,0.34667283,0.74498343,0.115205556,0.55816257
1.0655143,-0.1327875,-14.600672,0.17837541,0.7453767,-0.41733882,0.48828688
0.9953651,-1.4627362,-14.982389,0.34680006,0.7450967,0.11501792,0.55797094
1.0657974,-0.13123965,-14.600702,0.17816144,0.74522316,-0.4174441,0.48850942
0.99566597,-1.4626178,-14.982594,0.3469356,0.7452153,0.114786044,0.557776
1.0660248,-0.13189873,-14.600727,0.1782228,0.7451207,-0.41735303,0.48872104
0.99529225,-1.4631525,-14.982774,0.34711125,0.7453519,0.11459425,0.5575235
1.0662074,-0.13242806,-14.600746,0.17803092,0.744984,-0.41735134,0.48900086
0.9949609,-1.4630193,-14.982935,0.34722614,0.7455387,0.11434498,0.5572533
1.0645369,-0.1310217,-14.600761,0.17788926,0.74499136,-0.417248,0.4891294
0.99524313,-1.4629005,-14.982501,0.34738767,0.74568325,0.113924764,0.5570454
1.0649679,-0.13165626,-14.600773,0.1777649,0.7444881,-0.4170214,0.49013287
0.9954952,-1.4633429,-14.982112,0.34762493,0.7457012,0.113505185,0.5569589
1.0671074,-0.13219409,-14.600782,0.17733003,0.7439669,-0.41696036,0.4911328
0.99659,-1.4630768,-14.981371,0.34786966,0.7456717,0.1128101,0.55698687
1.067055,-0.13296705,-14.599123,0.17714687,0.7432283,-0.4167797,0.49246874
0.9975056,-1.4629301,-14.980961,0.34806338,0.74558973,0.11249754,0.5570388
1.0688112,-0.13503945,-14.599438,0.17731668,0.7427415,-0.41668049,0.49322537
0.9976624,-1.4627928,-14.980578,0.3482508,0.745508,0.11226792,0.5570774
1.0703137,-0.13681252,-14.599707,0.1773166,0.7423793,-0.4164664,0.49395105
0.9978029,-1.463345,-14.980236,0.3485169,0.7453691,0.11203843,0.557143
1.0715557,-0.13636646,-14.599929,0.1769867,0.74193865,-0.41664672,0.494579
0.9987089,-1.4631634,-14.979877,0.3487068,0.74522907,0.11180962,0.5572575
1.0746714,-0.13598344,-14.600121,0.17681688,0.74152064,-0.41677803,0.4951557
0.99963224,-1.4629781,-14.979512,0.3489054,0.7450389,0.11166164,0.557417
1.0750753,-0.13568084,-14.60027,0.17692864,0.7411935,-0.4167674,0.49561423
1.0005516,-1.4627936,-14.979149,0.34913257,0.7448684,0.111509696,0.55753314
1.0753939,-0.13544221,-14.6003895,0.17688657,0.7409336,-0.4168111,0.495981
1.0014479,-1.4626138,-14.978794,0.34928474,0.7447302,0.11134032,0.5576562
1.0756446,-0.13525432,-14.600483,0.17690107,0.74057907,-0.41696632,0.49637467
1.0022805,-1.4634693,-14.978464,0.34945086,0.7445394,0.11134528,0.557806
1.0758419,-0.13510658,-14.600556,0.17689571,0.7402973,-0.4172678,0.49654347
1.0030682,-1.463196,-14.978152,0.3495711,0.74438167,0.11132385,0.55794543
1.0759969,-0.13499051,-14.600615,0.17686802,0.73993105,-0.4174852,0.49691644
1.0038024,-1.4629414,-14.977861,0.34962845,0.74426794,0.111248404,0.5580762
1.0783137,-0.13489471,-14.600662,0.17686385,0.73960763,-0.41781905,0.49711886
1.0044594,-1.4638679,-14.977602,0.3498212,0.7440935,0.111298546,0.55817807
1.0779245,-0.13482267,-14.600698,0.17682059,0.73934555,-0.41801947,0.4973555
1.0050472,-1.4646968,-14.977369,0.3498766,0.74399066,0.11137616,0.558265
1.077628,-0.13476779,-14.600726,0.17661752,0.7391127,-0.4183995,0.4974541
1.0044225,-1.465388,-14.977176,0.3499457,0.74394417,0.11146809,0.55826515
1.0773998,-0.13472554,-14.600747,0.17658992,0.73900825,-0.41858765,0.4974608
1.0049778,-1.4659909,-14.977007,0.3500294,0.7437551,0.11164291,0.5584296
1.0792909,-0.1326195,-14.600763,0.17627709,0.7387751,-0.41911024,0.497478
1.0054829,-1.4665395,-14.976853,0.35006452,0.74359137,0.11173869,0.5586065
1.0808339,-0.13305692,-14.600778,0.176224,0.738588,-0.41937277,0.49755344
1.0059397,-1.4670354,-14.976714,0.3500696,0.74344236,0.11189626,0.5587701
1.0820671,-0.13340652,-14.600788,0.17615336,0.7383877,-0.41956013,0.49771786
1.0063504,-1.4674815,-14.976588,0.35002682,0.7433176,0.11205897,0.55893034
1.0808579,-0.13366188,-14.600796,0.17617029,0.7382837,-0.41973552,0.49771816
1.0067178,-1.4678804,-14.976477,0.3501001,0.74314517,0.11218451,0.55908847
1.0820218,-0.1338608,-14.600802,0.17608348,0.7381951,-0.41981733,0.49781132
1.0083877,-1.4682612,-14.97637,0.35011494,0.74294674,0.11234636,0.5593103
1.0829529,-0.13401991,-14.600807,0.17600776,0.73802257,-0.41986302,0.49805525
1.0085095,-1.4685909,-14.976277,0.35007703,0.74286735,0.11232895,0.55944306
1.0836599,-0.13414073,-14.598699,0.1759114,0.7379696,-0.41982013,0.498204
1.0086126,-1.4701651,-14.976199,0.35011676,0.74277556,0.11237006,0.55953175
1.0842178,-0.13423608,-14.599171,0.17600644,0.7380441,-0.4196055,0.49824092
1.0100974,-1.470236,-14.976126,0.35005528,0.74273205,0.11230285,0.5596415
1.0846467,-0.13642083,-14.599535,0.17615186,0.7381152,-0.41934496,0.4983034
1.0125437,-1.4676772,-14.976007,0.34989363,0.7427819,0.112016566,0.5597337
1.0832254,-0.13571349,-14.598023,0.17570034,0.7386866,-0.41872278,0.49813935
1.0120698,-1.4667162,-14.975963,0.34989506,0.74287987,0.111870915,0.5596319
1.0838087,-0.135487,-14.596674,0.17551474,0.73885024,-0.41852677,0.4981268
1.011685,-1.4672585,-14.975926,0.34989625,0.7429894,0.11178241,0.55950344
1.0824447,-0.13531445,-14.595647,0.1753842,0.7391154,-0.41823715,0.4980227
1.0113697,-1.4677026,-14.975897,0.34992895,0.74311876,0.11171853,0.5593239
1.0813926,-0.13518137,-14.594854,0.1749802,0.7396927,-0.41779855,0.49767566
1.0099154,-1.4668754,-14.975872,0.34992933,0.7433096,0.11167708,0.55907834
1.0789399,-0.13507754,-14.594236,0.17474717,0.74028903,-0.4173245,0.49726844
1.0098397,-1.4661874,-14.975851,0.34986585,0.74348104,0.11162568,0.55890036
1.0785558,-0.13499564,-14.593748,0.1745784,0.74065906,-0.41702875,0.49702466
1.0097761,-1.4666883,-14.975834,0.34992743,0.74356717,0.11171006,0.5587304
1.0767769,-0.13493039,-14.59336,0.17436104,0.74102277,-0.41686398,0.49669716
1.0097226,-1.4660871,-14.97582,0.34992015,0.7436464,0.111729436,0.5586255
1.076745,-0.13347867,-14.593047,0.1740867,0.74134874,-0.4166835,0.4964583
1.0096772,-1.4665494,-14.975807,0.34993002,0.743751,0.111843385,0.55845726
1.0767192,-0.13230029,-14.592794,0.17377885,0.7417237,-0.41649854,0.4961612
1.0096384,-1.4669441,-14.975797,0.34994864,0.7438324,0.1118705,0.5583318
1.0766981,-0.13259844,-14.5925865,0.17362428,0.7420574,-0.4162744,0.4959043
1.009605,-1.4664053,-14.975787,0.34990504,0.743913,0.11193232,0.5582393
1.0754809,-0.13404416,-14.592415,0.1736313,0.74236023,-0.41598365,0.49569252
1.0095761,-1.4659365,-14.975779,0.34985834,0.74394363,0.11202793,0.5582086
1.0756087,-0.13410649,-14.592272,0.17347024,0.74262935,-0.4158092,0.4954921
1.0095274,-1.4658992,-14.975766,0.34973046,0.7440122,0.11216486,0.55816984
1.0727818,-0.13523123,-14.5930805,0.17352834,0.74323356,-0.41513255,0.49513313
1.0103787,-1.466332,-14.9757595,0.34968665,0.74398285,0.112236395,0.558222
1.0721886,-0.13418685,-14.593867,0.17342797,0.7434122,-0.41502944,0.49498647
1.0101968,-1.4654611,-14.975749,0.34953138,0.7440428,0.11226363,0.5582339
1.0704048,-0.13425557,-14.594235,0.17339973,0.7437829,-0.41467836,0.49473375
1.010994,-1.4659377,-14.975744,0.349517,0.7440194,0.11226991,0.5582729
1.0709411,-0.13344519,-14.594809,0.1732843,0.74381936,-0.4146764,0.49472106
1.0108432,-1.4655088,-14.9757395,0.34944335,0.74405277,0.11222609,0.55828327
1.0706103,-0.13274242,-14.594511,0.17323197,0.74388796,-0.41462693,0.49467775
1.0107111,-1.465133,-14.975737,0.34941024,0.74406713,0.11218552,0.5582929
1.0703222,-0.13288616,-14.595007,0.17322713,0.7439296,-0.41455093,0.49468046
1.0098271,-1.464037,-14.975733,0.34932354,0.74411494,0.11215181,0.5582903
1.0707881,-0.13301197,-14.594723,0.17323127,0.7438902,-0.41456228,0.4947287
1.0097481,-1.4636098,-14.975728,0.3492627,0.7441192,0.11205935,0.55834115
1.0702747,-0.13258381,-14.5942545,0.17319706,0.74387324,-0.41458115,0.4947504
1.0097156,-1.4634339,-14.975726,0.34925482,0.74412274,0.11199273,0.5583548
1.0700614,-0.13271105,-14.59406,0.17321955,0.743825,-0.41459152,0.49480635
1.0096867,-1.4639043,-14.975723,0.34926817,0.7440959,0.111920446,0.5583967
1.0698719,-0.13282418,-14.594472,0.17326683,0.7437851,-0.4146003,0.49484247
1.0096611,-1.4637272,-14.975722,0.34922934,0.74409544,0.11183633,0.5584384
1.0697026,-0.13292511,-14.594283,0.17330323,0.74373174,-0.41460794,0.49490353
1.0096375,-1.4629767,-14.975721,0.34915414,0.74409056,0.111747496,0.5585097
1.0700792,-0.13301545,-14.594114,0.1733082,0.7436413,-0.41469133,0.49496776
1.0096152,-1.4628588,-14.97572,0.34910598,0.7440621,0.111670196,0.55859315
1.0704174,-0.13309658,-14.593963,0.17332143,0.7435578,-0.41473442,0.49505252
1.0095944,-1.4627482,-14.9757185,0.3490529,0.7440397,0.111574315,0.55867535
1.0707219,-0.13316962,-14.593826,0.17333859,0.74345183,-0.4148062,0.4951454
1.009574,-1.4620297,-14.975718,0.34897694,0.7439971,0.11147752,0.55879885
1.0709966,-0.13278286,-14.593703,0.17333414,0.74336076,-0.4148655,0.495234
1.0102365,-1.4619596,-14.975717,0.34893596,0.7439261,0.1113838,0.5589377
1.0712456,-0.13243274,-14.593592,0.1733653,0.7432493,-0.41493508,0.49533206
1.0101689,-1.4618953,-14.975716,0.3488626,0.7438627,0.11130545,0.5590836
1.0714713,-0.13252358,-14.5939,0.17341076,0.7431141,-0.41502023,0.49544773
1.010104,-1.4611348,-14.975714,0.3487597,0.74384224,0.11119095,0.5591977
1.0716767,-0.13221806,-14.593791,0.17344399,0.7429965,-0.4151013,0.4955444
1.0100445,-1.4611284,-14.975713,0.34869996,0.74375474,0.111108065,0.55936784
1.071864,-0.13230827,-14.594061,0.17352198,0.7428524,-0.41518626,0.49566212
1.0107881,-1.4603128,-14.975712,0.34857082,0.7436566,0.11106475,0.5595874
1.0716848,-0.1323907,-14.594308,0.17360759,0.7427638,-0.41521206,0.4957433
1.0115438,-1.459484,-14.976607,0.34844857,0.7435664,0.11100369,0.5597954
1.0718535,-0.13279891,-14.594533,0.1737658,0.7426263,-0.41526636,0.49584827
1.0113336,-1.4587384,-14.977413,0.3483571,0.74350435,0.11091734,0.55995184
1.0720083,-0.13285716,-14.59474,0.17383972,0.7424824,-0.4153484,0.49596912
1.0120482,-1.4589566,-14.978161,0.3483007,0.7433771,0.11092523,0.56015426
1.0721505,-0.13261034,-14.59493,0.17388152,0.74233544,-0.415498,0.49604917
1.0127143,-1.4591599,-14.978857,0.34824237,0.74329555,0.1109037,0.5603029
1.0722812,-0.1326685,-14.595104,0.17396224,0.74221176,-0.41557944,0.49613777
1.0123959,-1.4593343,-14.979455,0.34815744,0.7432966,0.110841244,0.5603667
1.0724063,-0.13272408,-14.595272,0.17406513,0.742095,-0.415661,0.49620792
1.0121136,-1.4586196,-14.979984,0.3480529,0.74330676,0.11069622,0.5604468
1.0725445,-0.1327855,-14.595456,0.17410964,0.7419734,-0.41577455,0.49627903
1.012749,-1.458847,-14.980484,0.34793666,0.74321747,0.11064368,0.56064785
1.0723675,-0.1328419,-14.595627,0.174207,0.7419527,-0.41569963,0.49633864
1.0133467,-1.459061,-14.980954,0.34788394,0.74309397,0.11050397,0.5608717
1.0722047,-0.13289379,-14.595782,0.1742531,0.7419315,-0.41570106,0.496353
1.0139405,-1.458243,-14.981421,0.34773383,0.7430338,0.11030758,0.5610831
1.0723454,-0.13294794,-14.595945,0.17429817,0.74185526,-0.41567826,0.49647018
1.0134503,-1.4575275,-14.98183,0.34752324,0.7430131,0.11017878,0.5612663
1.0725011,-0.1330079,-14.596127,0.1743175,0.74181426,-0.41566363,0.49653694
1.0130335,-1.4578784,-14.982177,0.34739205,0.74297804,0.11001533,0.5614259
1.0726705,-0.13307309,-14.596322,0.17432876,0.74174756,-0.41570458,0.49659815
1.0126731,-1.4572604,-14.982477,0.3471318,0.7430311,0.10988892,0.5615415
1.072845,-0.13270876,-14.596524,0.1743233,0.74171126,-0.41570938,0.49665037
1.0132754,-1.4576272,-14.982752,0.34702557,0.7429311,0.10980579,0.56175554
1.0730288,-0.13280085,-14.596737,0.17432877,0.7416589,-0.41566166,0.4967665
1.0138689,-1.4569718,-14.983023,0.34659702,0.7429109,0.109570116,0.5620927
1.0732195,-0.13289645,-14.596957,0.17424248,0.74168706,-0.41561276,0.4967957
1.0133682,-1.455321,-14.983272,0.34623864,0.7429493,0.10936691,0.5623024
1.073415,-0.13299446,-14.597183,0.17416212,0.7417193,-0.41557255,0.49680936
1.0140089,-1.4548693,-14.983508,0.34599438,0.742826,0.10931839,0.56262505
1.0736129,-0.13309364,-14.597412,0.17407778,0.74175406,-0.41551262,0.49683726
1.0146067,-1.454448,-14.983729,0.34578574,0.7426885,0.10940165,0.56291866
1.073811,-0.13319291,-14.597642,0.1739422,0.7417853,-0.41547638,0.49686834
1.015156,-1.4540608,-14.9839325,0.34557927,0.7425358,0.10946529,0.5632344
1.0733725,-0.13328087,-14.597845,0.17385145,0.74187446,-0.41537216,0.49685413
1.0168694,-1.4549575,-14.984109,0.34549946,0.7422655,0.10962765,0.5636079
1.073566,-0.13335909,-14.597443,0.17370938,0.74193573,-0.4153329,0.49684513
1.0184929,-1.4544653,-14.984277,0.34531438,0.74206877,0.10970516,0.56396514
1.0737385,-0.13287473,-14.597084,0.1735651,0.7419946,-0.415277,0.49685434
1.0199889,-1.4540117,-14.984432,0.34511024,0.741889,0.10974062,0.5643196
1.073893,-0.13296756,-14.596763,0.17346102,0.74205315,-0.4152006,0.49686703
1.0212457,-1.4550503,-14.984561,0.3450715,0.74164194,0.10983991,0.56464857
1.0735314,-0.13305093,-14.596973,0.1734074,0.7421408,-0.41506323,0.49686953
1.0238668,-1.4559817,-14.984677,0.34502408,0.74135417,0.10992172,0.56503946
1.073681,-0.133126,-14.597163,0.17337906,0.7421759,-0.4149591,0.49691403
1.0246248,-1.4536636,-14.98478,0.34472257,0.74135137,0.10990741,0.56522995
1.0733647,-0.1331938,-14.597336,0.17339955,0.7422394,-0.4148207,0.49692765
1.0258327,-1.4529675,-14.98629,0.34442142,0.74087507,0.109510176,0.5661145
1.0732299,-0.13331246,-14.597637,0.1735804,0.7420986,-0.41461706,0.49724472
1.0262969,-1.4527,-14.986119,0.3443433,0.74074745,0.109258294,0.5663775
1.0733883,-0.13337228,-14.597789,0.17358223,0.7420168,-0.4145323,0.49743667
1.0266846,-1.4524765,-14.985976,0.34432623,0.7406682,0.10917445,0.56650776
1.0735518,-0.13343403,-14.597945,0.1735662,0.74192375,-0.4144986,0.49760914
1.0286859,-1.4539771,-14.98586,0.34440905,0.7404249,0.10910634,0.5667886
1.0737187,-0.13349704,-14.5981045,0.17360263,0.7418411,-0.41449165,0.49772552
1.027055,-1.4535536,-14.985768,0.34424117,0.7405136,0.10889954,0.5668145
1.0738788,-0.1330156,-14.598258,0.1736152,0.7417529,-0.41452283,0.4978266
1.0272831,-1.4532182,-14.985696,0.3442084,0.74043036,0.10884038,0.5669544
1.0740393,-0.13310874,-14.598412,0.17362115,0.74163175,-0.41460833,0.49793375
1.0290785,-1.4529219,-14.985631,0.34410903,0.74037385,0.108722106,0.56711125
1.074199,-0.13320135,-14.598564,0.17374459,0.7415514,-0.41463742,0.4979862
1.0306908,-1.4509399,-14.985574,0.3439618,0.7404013,0.10849417,0.56720835
1.0743506,-0.13267173,-14.59871,0.17374016,0.7414994,-0.4147205,0.497996
1.0303123,-1.4510248,-14.985528,0.34386346,0.7405163,0.1083799,0.5671397
1.074496,-0.13216344,-14.598849,0.17378508,0.74140173,-0.41484347,0.49802333
1.0314181,-1.451152,-14.985459,0.3438193,0.7404671,0.10813598,0.5672772
1.0747724,-0.1324859,-14.599114,0.17389305,0.7412739,-0.41502607,0.4980237
1.0309316,-1.4511985,-14.9854355,0.34391508,0.7405182,0.10810565,0.5671583
1.0756748,-0.1318899,-14.59925,0.1739087,0.74119395,-0.41517854,0.49801013
1.0305412,-1.4512359,-14.985415,0.3440068,0.74052423,0.108103216,0.5670951
1.0765927,-0.13212427,-14.599387,0.17392108,0.741113,-0.41530097,0.49802423
1.0318033,-1.4512684,-14.985397,0.34409872,0.74056095,0.108040266,0.5670034
1.0765898,-0.13150378,-14.599511,0.17391314,0.74110633,-0.4153567,0.4979905
1.032889,-1.4512964,-14.985382,0.3441272,0.7406548,0.107823454,0.56690484
1.0774913,-0.13179226,-14.599634,0.1739481,0.74104655,-0.41543263,0.49800393
1.0321708,-1.4513185,-14.985371,0.34421268,0.74070054,0.107781805,0.5668012
1.0774078,-0.13289969,-14.599741,0.17405564,0.7410545,-0.41541895,0.4979658
1.0316001,-1.4513361,-14.985361,0.3442968,0.7408061,0.10761752,0.5666432
1.0782411,-0.13305849,-14.599845,0.17405073,0.74100393,-0.4154918,0.4979821
1.0311421,-1.4513502,-14.985354,0.3443102,0.7408811,0.10753812,0.5665521
1.0790391,-0.13224319,-14.599943,0.1740115,0.7409867,-0.41556528,0.49796015
1.0307713,-1.4513617,-14.985349,0.34435758,0.7409352,0.10748064,0.5664635
1.0788002,-0.13246736,-14.600028,0.17400464,0.7409786,-0.415603,0.49794307
1.0304602,-1.4500563,-14.985342,0.34430262,0.7409895,0.10743762,0.56643397
1.0785949,-0.13177995,-14.6001005,0.17397374,0.7409878,-0.41564223,0.4979075
1.0302036,-1.4502363,-14.985337,0.34440655,0.74098027,0.10749966,0.5663712
1.077582,-0.13202256,-14.600163,0.17399934,0.7410406,-0.4156216,0.49783716
1.029989,-1.4503866,-14.985334,0.34442794,0.74101377,0.10749012,0.5663161
1.0782915,-0.13143891,-14.600219,0.17399459,0.741022,-0.41564783,0.49784464
1.0298004,-1.4493028,-14.985331,0.34440297,0.7410984,0.107455894,0.5662271
1.0781555,-0.13168463,-14.6002655,0.17407873,0.74103117,-0.4156249,0.49782068
1.029643,-1.4495599,-14.985329,0.34454492,0.74116176,0.10748188,0.56605273
1.0780364,-0.13189974,-14.6003065,0.17411898,0.7410295,-0.41563472,0.4978009
1.0295104,-1.4497768,-14.985326,0.34466475,0.74118733,0.10744091,0.56595415
1.0779318,-0.13140804,-14.600344,0.1741113,0.7410303,-0.41569045,0.4977559
1.0283409,-1.4499589,-14.985324,0.34476,0.74124366,0.10736875,0.56583595
1.0778371,-0.13096374,-14.600376,0.17411812,0.7410147,-0.4157651,0.49771428
1.0283574,-1.4501129,-14.985322,0.34480694,0.7412948,0.107335486,0.5657467
1.0777534,-0.13182868,-14.600406,0.17419289,0.7409636,-0.41579625,0.49773815
1.0283713,-1.450244,-14.985321,0.344859,0.74127686,0.10733037,0.56573945
1.0776792,-0.13199908,-14.600431,0.17420453,0.7409345,-0.41585124,0.49773157
1.0274762,-1.450356,-14.98532,0.3449296,0.7412922,0.10731639,0.565679
1.077613,-0.1321509,-14.600454,0.17417948,0.74088585,-0.41590497,0.49776784
1.0284295,-1.4504523,-14.985319,0.34502012,0.7411907,0.10735288,0.56574994
1.0775537,-0.13174734,-14.600476,0.17412409,0.74089307,-0.4159476,0.49774086
1.0284352,-1.4505358,-14.985318,0.3450577,0.7411475,0.10736913,0.56578034
1.0775003,-0.13189892,-14.600494,0.17408547,0.740896,-0.4159341,0.4977612
1.0284404,-1.4506083,-14.985316,0.34503755,0.74109703,0.10739259,0.5658544
1.0774511,-0.1320384,-14.6005125,0.1740485,0.7409082,-0.4159189,0.4977687
1.0284448,-1.450672,-14.985316,0.34495702,0.74102473,0.107427485,0.5659916
1.0774069,-0.13216399,-14.600051,0.17397751,0.7409223,-0.41589612,0.49779165
1.0292672,-1.4507368,-14.985315,0.3448783,0.7409288,0.1074777,0.5661556
1.0773668,-0.13227737,-14.599634,0.17390174,0.74095225,-0.41587347,0.49779236
1.0300863,-1.4508011,-14.985315,0.34479603,0.7408472,0.10754078,0.56630045
1.0773306,-0.13194965,-14.599258,0.17384289,0.740978,-0.41586882,0.49777842
1.0308878,-1.4508641,-14.985315,0.34474105,0.7407246,0.107610255,0.56648105
1.0772978,-0.13165225,-14.598915,0.17377296,0.7410143,-0.41583434,0.4977777
1.0315945,-1.4518601,-14.985315,0.34468988,0.7406377,0.10772491,0.5666039
1.0776563,-0.13177013,-14.598604,0.17371571,0.7410158,-0.41584402,0.49778742
1.0322785,-1.451815,-14.985314,0.3444697,0.7406174,0.10776386,0.566757
1.0776142,-0.1318776,-14.598321,0.17366987,0.7410242,-0.4158429,0.49779186
1.0329425,-1.4506769,-14.985314,0.34425217,0.7405722,0.10778068,0.56694514
1.0775757,-0.13197578,-14.598062,0.17363063,0.7410334,-0.41581956,0.49781138
1.0335566,-1.4507666,-14.985314,0.34415984,0.7404219,0.10788156,0.56717813
1.0775404,-0.13173264,-14.597824,0.17357191,0.74105215,-0.415812,0.49781024
1.0341184,-1.4508485,-14.985314,0.34405807,0.7403318,0.107882276,0.56735724
1.0778244,-0.13182603,-14.597607,0.17351864,0.74104,-0.4158105,0.49784812
1.0334595,-1.4497901,-14.985314,0.34381512,0.74030703,0.10783873,0.5675452
1.0777848,-0.13191181,-14.597708,0.17352854,0.74102026,-0.41579214,0.49788934
1.0340233,-1.4488238,-14.985314,0.34355977,0.74021626,0.10783605,0.5678186
1.0777483,-0.13199076,-14.5978,0.17354348,0.74100536,-0.4157841,0.49791303
1.0345496,-1.4479218,-14.985313,0.34334478,0.74020845,0.107750624,0.5679751
1.0777148,-0.1317923,-14.597886,0.1735215,0.7409958,-0.41578165,0.49793693
1.0337895,-1.445948,-14.986521,0.3427904,0.7402128,0.10700168,0.5684457
1.0776837,-0.1316091,-14.597965,0.17359062,0.7408729,-0.41585395,0.49803537
1.0343665,-1.4453965,-14.987642,0.34222597,0.7401537,0.106478356,0.5689608
1.0776551,-0.1316845,-14.598038,0.17368035,0.74072796,-0.41593644,0.49815086
1.0363759,-1.4448583,-14.988737,0.34183925,0.73998606,0.10599772,0.56950074
1.0776285,-0.1317543,-14.5981045,0.1737603,0.74057174,-0.4160215,0.49828404
1.0366535,-1.4428333,-14.989727,0.34143177,0.73999983,0.1055309,0.56981385
1.0776039,-0.13181901,-14.598166,0.17383246,0.74041235,-0.4160809,0.49844614
1.0368901,-1.4426684,-14.990572,0.34111723,0.7398731,0.10532883,0.570204
1.0775812,-0.1316692,-14.598225,0.17387374,0.740338,-0.41613764,0.4984948
1.0388558,-1.44077,-14.991362,0.34071505,0.7397573,0.105166025,0.57062477
1.07756,-0.13152999,-14.598278,0.1739163,0.7402126,-0.4161799,0.4986309
1.0387229,-1.440957,-14.991996,0.34053236,0.7397257,0.10516702,0.5707745
1.0777539,-0.13138202,-14.598336,0.17398499,0.74009216,-0.41621315,0.49875802
1.0403888,-1.4411167,-14.992538,0.34039846,0.73960143,0.10513677,0.57102096
1.0779978,-0.13147444,-14.598686,0.17409623,0.74001044,-0.41616863,0.49887756
1.0411162,-1.4413549,-14.995106,0.34010828,0.7396736,0.104989074,0.5711276
1.077905,-0.1313351,-14.599443,0.17430156,0.739998,-0.4161055,0.49887705
1.0405811,-1.4414376,-14.996783,0.34006682,0.7397327,0.10485464,0.5711004
1.0778491,-0.1310704,-14.5999,0.17438582,0.74001926,-0.4160775,0.49883938
1.0401487,-1.4415044,-14.998139,0.34009928,0.73971736,0.104857445,0.5711004
1.0777864,-0.13077304,-14.600412,0.17440832,0.7400701,-0.41611195,0.4987272
1.0397959,-1.4415588,-14.999247,0.34003395,0.73984945,0.10491867,0.570957
1.0777172,-0.13044527,-14.600978,0.17441422,0.74014264,-0.41612384,0.49860767
1.0412365,-1.4416063,-15.000207,0.34009516,0.7397684,0.10488136,0.5710324
1.0782619,-0.13071105,-14.601587,0.17449911,0.740151,-0.41616842,0.49852833
1.0406816,-1.4416441,-15.000975,0.3399474,0.73992383,0.10491359,0.57091314
1.0781401,-0.1302996,-14.60222,0.17453091,0.74021596,-0.4162093,0.49838665
1.0402217,-1.4399564,-15.001611,0.339837,0.7399603,0.104775265,0.5709569
1.0787318,-0.13132241,-14.602825,0.17467383,0.7402334,-0.416185,0.49833083
1.0398539,-1.4402808,-15.00212,0.3398176,0.7399832,0.10487658,0.57092017
1.0793421,-0.13158885,-14.603449,0.17473786,0.7402645,-0.41620916,0.49824205
1.0379751,-1.438945,-15.002519,0.3395485,0.74013627,0.10485482,0.5708859
1.0791069,-0.13184063,-14.604039,0.17477912,0.7403419,-0.41622075,0.49810287
1.0379972,-1.4378332,-15.002851,0.3393825,0.7400748,0.10480147,0.57107395
1.078882,-0.13123283,-14.604604,0.17478912,0.74042314,-0.4162618,0.4979443
1.0380172,-1.4368454,-15.004833,0.33920676,0.7400298,0.10470609,0.5712542
1.0786718,-0.13153453,-14.60513,0.17483327,0.74046886,-0.41630572,0.49782395
1.0380332,-1.4377092,-15.006451,0.33914605,0.73997664,0.10472762,0.57135516
1.078473,-0.13091573,-14.605629,0.17482881,0.74051636,-0.41636023,0.49770936
1.0380465,-1.4384203,-15.007782,0.3390829,0.739964,0.10477049,0.5714012
1.0782856,-0.13033263,-14.6061,0.17483556,0.74059415,-0.41638553,0.49757004
1.038058,-1.4372946,-15.008936,0.33877966,0.74002194,0.10485748,0.57149
1.0781153,-0.13075021,-14.606526,0.17487448,0.74065405,-0.41639477,0.4974595
1.0380678,-1.436338,-15.009915,0.3385408,0.74004865,0.10470312,0.57162523
1.0779605,-0.13113016,-14.606915,0.1748843,0.7407549,-0.41638368,0.4973152
1.038076,-1.4336302,-15.010748,0.33810794,0.7402296,0.104557276,0.57167387
1.0778195,-0.13147609,-14.607269,0.17486294,0.74084485,-0.41637826,0.49719313
1.0380828,-1.433345,-15.011429,0.3380334,0.74018615,0.104417704,0.57179976
1.0767689,-0.13084626,-14.607575,0.17483567,0.7409575,-0.41634786,0.49706036
1.0380883,-1.4331138,-15.011981,0.33791336,0.74024916,0.104051694,0.5718557
1.0767484,-0.13120924,-14.607855,0.17480735,0.74106884,-0.41629183,0.49695122
1.0380926,-1.4329388,-15.010543,0.3379518,0.7402876,0.10379004,0.5718308
1.0767294,-0.13058579,-14.608111,0.17473112,0.74116737,-0.41626382,0.49685457
1.0380957,-1.4328046,-15.009441,0.3378868,0.7403398,0.10357307,0.57184094
1.0757773,-0.13003804,-14.608338,0.17463733,0.74129665,-0.41621304,0.49673724
1.0397731,-1.4327005,-15.008586,0.3377529,0.74034846,0.10339451,0.5719412
1.0749608,-0.12867959,-14.607644,0.17453566,0.7414126,-0.41618133,0.49662653
1.0394977,-1.4326187,-15.007915,0.33759144,0.7403549,0.10338597,0.5720297
1.0742569,-0.12835267,-14.607045,0.1744768,0.7415385,-0.4160974,0.49652934
1.040791,-1.4325541,-15.007383,0.3374024,0.74027014,0.10347301,0.5722352
1.074449,-0.12806937,-14.606526,0.17440017,0.74164766,-0.4160325,0.4964478
1.0403804,-1.4310287,-15.006947,0.33706802,0.74038017,0.10350914,0.5722833
1.0738542,-0.12782271,-14.606075,0.17431138,0.7418265,-0.41590393,0.4963195
1.0414486,-1.4325988,-15.006596,0.3371042,0.7401401,0.10376092,0.572527
1.0740578,-0.12760694,-14.6056795,0.17417024,0.74201155,-0.41580075,0.4961788
1.0423157,-1.4325447,-15.00631,0.33692244,0.740047,0.10401656,0.57270783
1.0742368,-0.12810507,-14.605332,0.17409529,0.74219245,-0.41562986,0.4960778
1.0430574,-1.4324983,-15.006066,0.33673167,0.7399084,0.10422996,0.57296026
1.0737412,-0.12854446,-14.605026,0.17402387,0.7424123,-0.4154181,0.49595115
1.0451021,-1.4324567,-15.005847,0.33659047,0.73967344,0.104453124,0.57330585
1.0733025,-0.1289335,-14.604755,0.17396712,0.742591,-0.41523054,0.4958605
1.0469297,-1.4324194,-15.005651,0.33642673,0.73941624,0.10485355,0.5736606
1.0735022,-0.12927923,-14.604514,0.17390357,0.74268234,-0.4151365,0.49582484
1.0470505,-1.4309216,-15.005481,0.33619824,0.73929274,0.10503381,0.57392067
1.0736803,-0.1290274,-14.6043,0.17377722,0.7427841,-0.41507015,0.4957723
1.0471512,-1.4311144,-15.00534,0.33608082,0.7390093,0.105313875,0.574303
1.0733075,-0.12827,-14.604107,0.17365181,0.74293625,-0.41500854,0.49563965
1.0486019,-1.4326395,-15.005224,0.33598965,0.7387044,0.105574064,0.5747007
1.0734785,-0.1286013,-14.603935,0.17362876,0.7429784,-0.41498876,0.4956012
1.0484786,-1.4325789,-15.005127,0.33567205,0.73855907,0.10561304,0.5750658
1.0736324,-0.12889948,-14.60378,0.17363736,0.7429846,-0.4149856,0.49559155
1.0483739,-1.4325275,-15.005045,0.33543456,0.73840535,0.1057649,0.5753738
1.073315,-0.12916861,-14.604095,0.17363532,0.7429857,-0.414988,0.49558854
1.0514311,-1.4308927,-15.006543,0.33362803,0.7374148,0.106135026,0.577622
1.0730278,-0.12897876,-14.604382,0.17360674,0.7428159,-0.41518322,0.4956895
1.054211,-1.4311283,-15.007905,0.33239618,0.73653096,0.106494784,0.579391
1.0731791,-0.12921825,-14.604641,0.17369032,0.74259305,-0.41536272,0.4958439
1.0567319,-1.4294391,-15.009141,0.33154222,0.73617184,0.10651654,0.58033186
1.0733166,-0.12943602,-14.604877,0.17373824,0.7424471,-0.41547263,0.49595356
1.0609614,-1.4300295,-15.010208,0.3309281,0.73573977,0.1064863,0.58123523
1.0738134,-0.1292629,-14.605092,0.17372002,0.74227715,-0.41560194,0.49610582
1.0644863,-1.4305217,-15.011098,0.3307068,0.73555607,0.10626837,0.5816333
1.0735613,-0.12910478,-14.605288,0.17373396,0.7421901,-0.4156539,0.4961877
1.065053,-1.4286958,-15.0118,0.33032048,0.7356495,0.105882324,0.58180505
1.0736659,-0.12896009,-14.605467,0.17375325,0.74206793,-0.4157302,0.49629977
1.067784,-1.4295293,-15.012357,0.33056745,0.735494,0.105530225,0.5819254
1.073772,-0.12881336,-14.605649,0.17369972,0.74197674,-0.41580012,0.49639633
1.0699166,-1.4301802,-15.012793,0.33046144,0.7354008,0.10533643,0.5821385
1.0738769,-0.12903017,-14.60583,0.17373905,0.7418616,-0.41584674,0.49651563
1.0715857,-1.4282742,-15.013132,0.33025455,0.7355081,0.1050393,0.582174
1.0743551,-0.1292457,-14.6060095,0.1738056,0.7417495,-0.41587505,0.49663585
1.072809,-1.4268771,-15.011017,0.33020002,0.73555726,0.104662105,0.5822107
1.0748483,-0.12946796,-14.6061945,0.17386541,0.74165887,-0.41586518,0.4967586
1.0737532,-1.4257987,-15.011806,0.33027515,0.73551244,0.10420321,0.58230704
1.0753801,-0.12925614,-14.606394,0.17389797,0.74157995,-0.4158859,0.49684775
1.0744722,-1.4249777,-15.012405,0.33044273,0.73553497,0.10388894,0.5822396
1.0754396,-0.12903915,-14.606598,0.17389317,0.7415279,-0.41592738,0.49689236
1.0749878,-1.4243888,-15.01046,0.3304905,0.73551595,0.103773594,0.5822572
1.0760237,-0.12934022,-14.606807,0.17393488,0.74143785,-0.41595808,0.49698636
1.0730996,-1.4239676,-15.011326,0.33059067,0.73567754,0.10354014,0.5820377
1.0766379,-0.12907492,-14.607026,0.17391834,0.7413939,-0.41597804,0.497041
1.0717269,-1.4236614,-15.011954,0.33061102,0.73583484,0.103288576,0.5818719
1.0766329,-0.12881531,-14.607242,0.17396076,0.7413772,-0.41596705,0.4970604
1.0707139,-1.4213985,-15.012419,0.3306006,0.73609245,0.102908604,0.5816194
1.0772939,-0.12854797,-14.607463,0.17400028,0.7413459,-0.41597828,0.49708384
1.0699553,-1.4216394,-15.012767,0.33069983,0.7361335,0.10286695,0.58151823
1.0772436,-0.12895952,-14.607666,0.17405717,0.74132675,-0.4159727,0.4970971
1.0693798,-1.4218222,-15.01303,0.33077174,0.7362697,0.10275088,0.58132535
1.0771956,-0.12867936,-14.60786,0.17410564,0.74130327,-0.41597858,0.49711025
1.0689361,-1.4219631,-15.013233,0.3308288,0.7363206,0.10257818,0.58125895
1.0778762,-0.12839712,-14.608055,0.17414165,0.74127305,-0.41599077,0.49713245
1.0685829,-1.4220753,-15.013395,0.33097017,0.7362976,0.102482945,0.5812245
1.077779,-0.12885211,-14.608232,0.17421813,0.7412588,-0.41596997,0.4971444
1.0682987,-1.4221655,-15.013526,0.33113682,0.7362635,0.10237397,0.581192
1.077691,-0.12926485,-14.608391,0.17429799,0.7412345,-0.41596726,0.49715495
1.0680639,-1.4205711,-15.013634,0.3311185,0.73641413,0.10225788,0.581032
1.0783463,-0.12893195,-14.608549,0.17433916,0.7412077,-0.4159937,0.49715814
1.0678757,-1.420912,-15.0137205,0.33126324,0.736453,0.10221206,0.5809083
1.0782083,-0.12862535,-14.608695,0.1744171,0.7411736,-0.41603372,0.49714813
1.0661894,-1.4211812,-15.013788,0.3313648,0.73650575,0.10215716,0.5807931
1.0780721,-0.12911634,-14.6096325,0.1744986,0.74112606,-0.4160574,0.4971707
1.0648438,-1.4213961,-15.013843,0.3315174,0.7364968,0.102155216,0.58071774
1.0788302,-0.12962686,-14.610607,0.17459624,0.74105704,-0.4160896,0.4972124
1.0651473,-1.4201814,-15.0138855,0.33151448,0.736454,0.10212456,0.580779
1.0786065,-0.1301137,-14.611538,0.17466754,0.7409979,-0.41613007,0.4972416
1.0640757,-1.4205124,-15.013921,0.33163157,0.73636407,0.10218662,0.5808154
1.0784144,-0.12963027,-14.611435,0.17472494,0.74093974,-0.41617677,0.49726903
1.0657021,-1.4220362,-15.01395,0.33171296,0.73614216,0.10233795,0.58102345
1.0792179,-0.130142,-14.612328,0.17482881,0.74082047,-0.41625005,0.49734896
1.0670459,-1.4232951,-15.013975,0.3317813,0.73592126,0.102581084,0.5812213
1.0799286,-0.13059458,-14.612134,0.17495273,0.74066806,-0.41635367,0.4974455
1.0670341,-1.4232129,-15.013995,0.3317805,0.7358055,0.10273531,0.58134115
1.08056,-0.13002442,-14.611962,0.17510039,0.7404465,-0.41651827,0.49758556
1.069172,-1.4242177,-15.012938,0.33167708,0.73524594,0.103479065,0.5819758
1.0821606,-0.1294917,-14.611802,0.17521831,0.7400653,-0.41687322,0.49781406
1.071135,-1.4251404,-15.011968,0.33162266,0.7347173,0.1041703,0.5825508
1.082577,-0.13001911,-14.61166,0.17543179,0.739642,-0.41720605,0.49808893
1.0729699,-1.4260027,-15.011061,0.33157924,0.73407996,0.10505365,0.58322006
1.0829474,-0.13048817,-14.611533,0.17570728,0.73916227,-0.41761765,0.498359
1.0733953,-1.4267381,-15.010287,0.33163038,0.73364383,0.10581648,0.5836018
1.0832769,-0.12992296,-14.611421,0.17579691,0.7387606,-0.41803053,0.49857685
1.0750167,-1.4274323,-15.009558,0.3316037,0.73311704,0.106604055,0.5841353
1.0846269,-0.12938695,-14.611314,0.17586505,0.7383654,-0.41846207,0.49877617
1.0765221,-1.4280767,-15.008879,0.33169588,0.7324991,0.107444026,0.58470404
1.0858977,-0.12888241,-14.611214,0.17592396,0.7379441,-0.41889307,0.49901688
1.0778277,-1.4299363,-15.00699,0.33179042,0.7319139,0.10833533,0.5852184
1.0870657,-0.12955444,-14.611122,0.17600633,0.7376529,-0.4191764,0.49918053
1.0789809,-1.4315789,-15.0053215,0.33189937,0.7313565,0.10914191,0.5857035
1.0881337,-0.13016893,-14.611038,0.176123,0.73732466,-0.41950113,0.49935153
1.0800046,-1.4330369,-15.003841,0.33192867,0.7307928,0.10994299,0.58624035
1.0879041,-0.12955949,-14.610968,0.17615221,0.737155,-0.41975138,0.49938142
1.0824921,-1.4344215,-15.002434,0.33191934,0.73033583,0.11065963,0.58668023
1.087711,-0.13011768,-14.610909,0.17618847,0.73711336,-0.41981685,0.49937493
1.0830786,-1.4340686,-15.0027685,0.33190247,0.73014957,0.11107225,0.58684355
1.0875463,-0.1295663,-14.610859,0.17615345,0.73706317,-0.41998205,0.4993225
1.0852523,-1.4337502,-15.001427,0.3322551,0.72999233,0.11076411,0.5868979
1.0874066,-0.12909845,-14.60984,0.17616941,0.73697543,-0.42016822,0.4992898
1.0871617,-1.4352133,-15.000247,0.33253318,0.72991914,0.11061977,0.5868587
1.0882144,-0.1286991,-14.608971,0.17621033,0.7367927,-0.4204441,0.49931276
1.0887996,-1.4364682,-14.999236,0.3327926,0.72979367,0.11047628,0.58689475
1.0889088,-0.12747404,-14.608223,0.17609537,0.73669934,-0.42076415,0.4992214
1.0901766,-1.4375236,-14.998385,0.33295852,0.7297697,0.11034326,0.58685535
1.0895263,-0.12811148,-14.607559,0.17608058,0.73662597,-0.42086086,0.49925348
1.0913154,-1.4383962,-14.997681,0.33299467,0.7297703,0.110190116,0.58686286
1.090085,-0.12868826,-14.606957,0.17609863,0.73663586,-0.42090392,0.49919626
1.0903226,-1.4390568,-14.9971485,0.33312118,0.7297803,0.11006789,0.58680165
1.0906056,-0.12834738,-14.606397,0.1760843,0.7366339,-0.42101237,0.4991128
1.0895615,-1.4378011,-14.99674,0.33295214,0.72995514,0.10981579,0.5867273
1.0910802,-0.12891783,-14.605886,0.17627808,0.7365767,-0.42109302,0.49906066
1.0907062,-1.4385406,-14.996406,0.33292484,0.7299337,0.10965963,0.5867987
1.091522,-0.12854573,-14.605411,0.17627926,0.7365672,-0.42127326,0.49892214
1.0916679,-1.4391617,-14.996124,0.33298716,0.7299096,0.10947826,0.5868272
1.0929894,-0.12714939,-14.604926,0.17608204,0.7364533,-0.42164847,0.49884295
1.0924658,-1.439677,-14.995891,0.33299845,0.72988147,0.10930048,0.5868888
1.0932785,-0.12791732,-14.604502,0.17613754,0.7363982,-0.42179105,0.49878415
1.0913061,-1.4383008,-14.997482,0.33278757,0.7299864,0.1091222,0.5869111
1.0935409,-0.1276072,-14.604116,0.17615727,0.7363471,-0.42198798,0.49868616
1.0920895,-1.4389167,-14.997034,0.3328212,0.72994566,0.10898638,0.586968
1.094884,-0.12839608,-14.603744,0.1762797,0.7361785,-0.42220291,0.49870974
1.0911055,-1.4378011,-14.9982815,0.33268976,0.73000735,0.10886386,0.5869885
1.0949855,-0.12800808,-14.603414,0.1762565,0.7360257,-0.42247647,0.49871194
1.090326,-1.4384358,-14.997751,0.33270994,0.7299966,0.10881644,0.58699924
1.0962588,-0.1264592,-14.603097,0.17612915,0.73588896,-0.42275465,0.4987229
1.0911448,-1.4375012,-14.998769,0.33259752,0.72996795,0.10872528,0.5871155
1.0962013,-0.12627797,-14.602822,0.17615302,0.73574376,-0.42293206,0.49877837
1.0918059,-1.4367465,-14.99959,0.33252236,0.7298835,0.10858498,0.58728904
1.0973935,-0.12610677,-14.602563,0.17606415,0.73562354,-0.4231515,0.49880078
1.0923593,-1.4361148,-15.0002775,0.332422,0.7297631,0.108418286,0.5875262
1.0971901,-0.12596169,-14.602344,0.17619473,0.7355772,-0.42316678,0.49881002
1.0928363,-1.4355706,-15.00087,0.33233038,0.7297187,0.10823363,0.58766717
1.0970166,-0.12583786,-14.602156,0.17625165,0.7354823,-0.42324722,0.4988617
1.0932478,-1.4351008,-15.001382,0.33219543,0.72966915,0.10804784,0.5878391
1.0981206,-0.12572189,-14.60198,0.17627515,0.73534596,-0.42332724,0.4989865
1.093603,-1.4346952,-15.001822,0.331965,0.72955894,0.10803135,0.5881091
1.0991356,-0.12427405,-14.601819,0.17620903,0.73522466,-0.42346424,0.4990724
1.0939099,-1.434345,-15.002204,0.3315582,0.7295681,0.10797414,0.5883376
1.1000029,-0.12570053,-14.601682,0.17632139,0.7350929,-0.42344436,0.49924368
1.0956198,-1.4325956,-15.002551,0.33119467,0.72957003,0.10782608,0.58856714
1.0994474,-0.12560275,-14.601569,0.17632589,0.7351136,-0.42336276,0.49928075
1.097151,-1.4310291,-15.002862,0.330859,0.7294861,0.107496955,0.58892
1.0989891,-0.12552209,-14.601477,0.17628027,0.7350326,-0.42337996,0.49940133
1.0985006,-1.4296484,-15.003136,0.33057877,0.72940665,0.10715909,0.5892373
1.0986083,-0.12545505,-14.601399,0.17611459,0.7349405,-0.42352495,0.49947247
1.09967,-1.4300823,-15.003373,0.33041176,0.72927845,0.10683726,0.589548
1.0994459,-0.12420709,-14.601329,0.17594309,0.73479915,-0.42374918,0.49955073
1.1006671,-1.4287782,-15.003574,0.33010802,0.7292567,0.10658791,0.5897901
1.0990164,-0.12542234,-14.601271,0.17594318,0.7347437,-0.42381936,0.49957272
1.0998589,-1.4277551,-15.003733,0.3298855,0.72924525,0.10629747,0.5899812
1.099727,-0.12644145,-14.601221,0.17594315,0.7345736,-0.423974,0.4996917
1.0992181,-1.4254329,-15.003859,0.3295945,0.7293697,0.10600745,0.59004223
1.1003848,-0.12626922,-14.601175,0.17581327,0.7344426,-0.4241825,0.49975294
1.1001897,-1.4249865,-15.003964,0.3294171,0.72931457,0.105814464,0.590244
1.0998774,-0.1261246,-14.601136,0.17572112,0.73442006,-0.4243494,0.4996768
1.1010374,-1.424597,-15.004057,0.3292617,0.7292606,0.105721675,0.59041405
1.1005002,-0.12599288,-14.601101,0.1756968,0.73422265,-0.42460293,0.49976012
1.1002244,-1.4242873,-15.00413,0.32909852,0.72931945,0.10552104,0.5904683
1.0999943,-0.12588187,-14.601072,0.17560028,0.7342063,-0.4247992,0.49965125
1.101037,-1.4240214,-15.004194,0.32886216,0.7293321,0.10550886,0.59058636
1.100585,-0.12578078,-14.601045,0.1757011,0.73405105,-0.4249599,0.49970734
1.1017423,-1.4237906,-15.00425,0.3287725,0.72929496,0.10548234,0.59068686
1.100086,-0.12469642,-14.601022,0.17564,0.7340986,-0.42515302,0.4994945
1.102348,-1.4235923,-15.004296,0.3286321,0.72933793,0.10535285,0.5907351
1.1006441,-0.1247239,-14.601001,0.17568329,0.734102,-0.42527863,0.49936733
1.1013137,-1.4234352,-15.0043335,0.32859677,0.72940403,0.10531045,0.5906807
1.1011695,-0.1236869,-14.600981,0.17563544,0.73403573,-0.4255289,0.49926832
1.1019472,-1.4233048,-15.004364,0.32846794,0.7295129,0.10528924,0.59062165
1.1016511,-0.12383176,-14.600963,0.17572434,0.7340023,-0.42562547,0.49920392
1.1010381,-1.4232001,-15.004389,0.32843173,0.72964126,0.10535944,0.5904708
1.1020896,-0.12396364,-14.600946,0.17584123,0.7339816,-0.4258196,0.4990276
1.1016744,-1.4231118,-15.00441,0.32839024,0.7297028,0.10542483,0.5904061
1.1024861,-0.12408289,-14.600932,0.17571811,0.7341053,-0.4259444,0.49878255
1.1008569,-1.4217064,-15.004428,0.32833347,0.7298566,0.105379805,0.5902557
1.1028426,-0.1241901,-14.60092,0.17563923,0.7341677,-0.42608213,0.49860072
1.1001881,-1.4205567,-15.004441,0.32820138,0.72994095,0.10545584,0.5902112
1.1031613,-0.124285944,-14.600907,0.1756868,0.73426336,-0.42624924,0.49830014
1.1008664,-1.4208223,-15.004454,0.32820818,0.729944,0.105566554,0.59018385
1.1034448,-0.12437122,-14.600897,0.17567475,0.7342978,-0.42648584,0.4980511
1.1014582,-1.4210538,-15.005719,0.32823387,0.7299419,0.10564476,0.59015816
1.1036937,-0.12199283,-14.600887,0.17545722,0.7344254,-0.4268971,0.49758708
1.101947,-1.4224383,-15.005572,0.3282521,0.7299125,0.10584168,0.5901491
1.103909,-0.122368254,-14.60088,0.17556362,0.734555,-0.42715827,0.49713406
1.1012199,-1.4213232,-15.006584,0.32807425,0.7300422,0.10593175,0.5900713
1.1041002,-0.12146463,-14.600872,0.17567147,0.7347248,-0.42743173,0.49660957
1.1006109,-1.4214658,-15.006354,0.32775083,0.73016024,0.10656651,0.58999074
1.1042709,-0.119390935,-14.5996,0.17572331,0.7352518,-0.428422,0.4949553
1.0996609,-1.4226075,-15.005997,0.32721275,0.73025316,0.10783821,0.5899433
1.1045628,-0.11584445,-14.597421,0.17556947,0.73612964,-0.43097126,0.49147972
1.1002115,-1.4226063,-15.005856,0.3270448,0.7302068,0.10844876,0.58998185
1.1046859,-0.11434725,-14.5950775,0.17539266,0.73662704,-0.4331435,0.4888812
1.1006845,-1.4226054,-15.005734,0.32684296,0.7301558,0.10905971,0.59004414
1.1064467,-0.111237876,-14.592778,0.1750459,0.73680353,-0.4356988,0.48646274
1.1021218,-1.4226043,-15.005614,0.32669443,0.7300323,0.10961337,0.5901767
1.1062584,-0.108531676,-14.590776,0.17467299,0.7370414,-0.4379806,0.48418218
1.1015174,-1.4226035,-15.00551,0.32654813,0.7301018,0.11012159,0.59007704
1.1079947,-0.10606861,-14.587048,0.17417161,0.7370974,-0.44032723,0.48214492
1.1018761,-1.4226028,-15.005421,0.32637697,0.7300802,0.11057682,0.5901134
1.1074476,-0.10195304,-14.5838785,0.17381735,0.7371619,-0.44225588,0.4804059
1.1013405,-1.4234468,-15.004498,0.32620487,0.7301461,0.11106266,0.59003574
1.1069885,-0.09849857,-14.579069,0.17321259,0.73713356,-0.44424123,0.47883338
1.1008766,-1.4233756,-15.003699,0.3260689,0.73023325,0.11142191,0.5899353
1.1089356,-0.095587194,-14.575015,0.17282178,0.7368814,-0.4460069,0.47771996
1.1004726,-1.4233137,-15.003003,0.32580194,0.73036045,0.11170164,0.5898724
1.1104976,-0.09325168,-14.571764,0.17272215,0.7366347,-0.44738287,0.47684917
1.1001191,-1.4232596,-15.002395,0.32561767,0.7304347,0.11205019,0.5898161
1.1117302,-0.088781014,-14.569198,0.17263848,0.7363785,-0.44894326,0.47580752
1.1004968,-1.4232122,-15.00186,0.32558793,0.7304383,0.11222309,0.5897952
1.1153543,-0.08814223,-14.567279,0.17280123,0.735971,-0.4502147,0.4751771
1.1008298,-1.4231702,-15.001388,0.3255063,0.7304107,0.11243067,0.5898349
1.1152543,-0.08490482,-14.565867,0.17316784,0.73591155,-0.4512711,0.47413233
1.1011517,-1.4231297,-15.000931,0.325369,0.7303397,0.11264656,0.5899575
1.1180451,-0.08251841,-14.564827,0.17350732,0.73553854,-0.45267388,0.47324905
1.1014727,-1.4230893,-15.000476,0.3252768,0.7303049,0.112851,0.59001225
1.1171298,-0.07792898,-14.564089,0.17450204,0.7353179,-0.45378107,0.47216466
1.1017739,-1.4237894,-15.000049,0.32533112,0.73018366,0.113083,0.5900879
1.1194578,-0.074620195,-14.563557,0.17544147,0.734979,-0.45477074,0.47139147
1.1029291,-1.4245242,-14.999601,0.32546407,0.72989845,0.11340435,0.5903058
1.1210966,-0.0722911,-14.563182,0.17658316,0.7345822,-0.4556752,0.47070974
1.10411,-1.4252754,-14.999145,0.32555586,0.729548,0.11365497,0.5906402
1.1222448,-0.06752571,-14.562919,0.17737935,0.7342425,-0.45674002,0.4699077
1.1042365,-1.4259577,-14.998729,0.3255779,0.72939473,0.11379648,0.5907899
1.1262627,-0.06422307,-14.562737,0.17849249,0.73372734,-0.4577458,0.46931174
1.1054074,-1.4266372,-14.998315,0.32545727,0.72916484,0.11396925,0.59110683
1.12917,-0.047805287,-14.559099,0.18013063,0.73352844,-0.45749792,0.46923846
1.1065426,-1.4272958,-14.997913,0.3252734,0.729022,0.1141327,0.5913526
1.1311104,-0.036847536,-14.55667,0.1821872,0.73331076,-0.45786136,0.46842948
1.1076064,-1.4267051,-14.997538,0.3250848,0.7288384,0.11427182,0.5916557
1.1323649,-0.022035697,-14.5551,0.18385498,0.7330478,-0.45814994,0.46790713
1.1085905,-1.4274368,-14.9971895,0.32490343,0.72867996,0.11440112,0.5919254
1.133136,-0.01293047,-14.554134,0.18493365,0.73307824,-0.457702,0.4678726
1.1094859,-1.4281025,-14.996873,0.32478932,0.7285645,0.11453963,0.59210336
1.1378087,0.0052964333,-14.553536,0.18537232,0.73307854,-0.4572,0.46818927
1.1102883,-1.4286991,-14.996589,0.32476974,0.72840697,0.114711165,0.5922747
1.1405646,0.024826054,-14.5531845,0.18578579,0.7331415,-0.45671028,0.46840465
1.1109983,-1.429227,-14.996338,0.32471877,0.7282207,0.11479652,0.5925151
1.1467876,0.049963288,-14.552981,0.18607345,0.73315346,-0.45629534,0.46867612
1.1116191,-1.4296886,-14.996119,0.32470253,0.7280442,0.11511029,0.59268
1.1660398,0.121902205,-14.552864,0.18679039,0.73316216,-0.4555583,0.46909413
1.1121489,-1.4315856,-14.995932,0.32471895,0.72784173,0.115455724,0.5928525
1.1753793,0.17337139,-14.552806,0.18770643,0.73317444,-0.4548227,0.46942297
1.1142423,-1.43169,-14.995762,0.32462564,0.7275782,0.11555254,0.593208
1.1794933,0.21320562,-14.552782,0.18866469,0.7331846,-0.45410487,0.46971777
1.1143715,-1.4317774,-14.99562,0.32453188,0.7274453,0.115639195,0.5934055
1.1871324,0.2535507,-14.552771,0.18949707,0.73314494,-0.45347768,0.47005054
1.1144779,-1.4334579,-14.995502,0.324613,0.7272284,0.11590544,0.5935749
1.1901684,0.30628008,-14.552767,0.19011712,0.73314863,-0.45296562,0.47028804
1.1145662,-1.4332491,-14.995405,0.32460994,0.72717416,0.11600727,0.59362316
1.1975914,0.35114932,-14.552765,0.19078816,0.73309726,-0.45245036,0.47059223
1.116331,-1.4330662,-14.99532,0.32468858,0.72703004,0.11610623,0.59373736
1.2002196,0.39922115,-14.552764,0.19158669,0.73300326,-0.45193455,0.4709097
1.1178907,-1.4347136,-14.993436,0.3249479,0.7268141,0.116399236,0.5938026
1.2077,0.448438,-14.552764,0.19239353,0.73295265,-0.45134798,0.47122204
1.1184075,-1.4356338,-14.992168,0.32502648,0.7267385,0.11669945,0.59379303
1.2108332,0.5560114,-14.552764,0.19379993,0.732879,-0.45029795,0.47176462
1.1178116,-1.4350333,-14.992651,0.32491767,0.72695094,0.116674,0.59359765
1.218087,0.6485946,-14.559802,0.19484428,0.73275244,-0.4496711,0.4721288
1.1173446,-1.4361631,-14.993029,0.32483494,0.72718394,0.11666531,0.5933591
1.2200638,0.7167909,-14.56172,0.19591841,0.73264307,-0.44907418,0.47242206
1.116975,-1.4355375,-14.993328,0.32468078,0.7273966,0.116609976,0.5931936
1.220575,0.77799726,-14.562215,0.19683933,0.7325889,-0.44849113,0.472677
1.1166792,-1.4364814,-14.993567,0.32471842,0.7275209,0.11662776,0.5930171
1.2207019,0.8521866,-14.562338,0.19759431,0.732602,-0.44801733,0.47279108
1.1164405,-1.4358712,-14.993761,0.3246816,0.7277229,0.116548575,0.59280497
1.2282038,0.914522,-14.562367,0.19834286,0.7325655,-0.4475294,0.47299606
1.1162461,-1.4366779,-14.993918,0.3247065,0.7278981,0.11658564,0.59256893
1.2374893,0.9969211,-14.562375,0.19894552,0.7325514,-0.44709936,0.47317153
1.1148483,-1.4373403,-14.994047,0.32472515,0.7281084,0.11653775,0.5923098
1.2394634,1.0604354,-14.562376,0.19969541,0.7325554,-0.4464923,0.47342262
1.1148677,-1.4378885,-14.992978,0.32481042,0.7282512,0.116541386,0.5920866
1.2475541,1.1348515,-14.562376,0.20037596,0.7325515,-0.4459208,0.47367966
1.1137663,-1.4383454,-14.993205,0.32486072,0.72849077,0.116482124,0.59177583
1.2568619,1.2112523,-14.5700655,0.20116134,0.73252887,-0.4453219,0.4739453
1.1128416,-1.4387292,-14.993395,0.32484716,0.72865695,0.11643165,0.5915886
1.2510338,1.28805,-14.571603,0.20203422,0.7326182,-0.44456562,0.47414568
1.1120602,-1.4380448,-14.993556,0.3247914,0.728816,0.116414815,0.5914266
1.2575579,1.3649273,-14.57191,0.20286478,0.73267305,-0.443838,0.474388
1.1104375,-1.438421,-14.992733,0.32510746,0.7290303,0.11643356,0.5909849
1.3050009,1.8647541,-14.579661,0.2049921,0.7327687,-0.441659,0.47535852
1.10996,-1.4387428,-14.99203,0.32523555,0.7292291,0.116413236,0.5906731
1.3375586,2.1108236,-14.588902,0.20717138,0.7328796,-0.4392882,0.47643825
1.1095493,-1.4390196,-14.991426,0.32539424,0.7293961,0.11634939,0.590392
1.3594495,2.2369347,-14.590751,0.20907514,0.73308766,-0.43705285,0.4773415
1.1083727,-1.4392589,-14.990903,0.32556176,0.72954714,0.11637952,0.590107
1.3792073,2.3467438,-14.59112,0.21062055,0.733296,-0.435036,0.47818378
1.1081309,-1.4394667,-14.990449,0.32571054,0.7296614,0.11632663,0.5898942
1.3985381,2.4456024,-14.591194,0.21196368,0.7335388,-0.4330975,0.47897694
1.1071784,-1.4396482,-14.990052,0.32588106,0.7297548,0.116307996,0.58968794
1.410094,2.5422714,-14.598898,0.21329933,0.7338812,-0.4311158,0.47964677
1.1070478,-1.4398073,-14.989705,0.32599097,0.7297905,0.11631617,0.5895815
1.4354744,2.6385021,-14.600439,0.21441756,0.73413783,-0.42934936,0.48033944
1.1069312,-1.439949,-14.989395,0.32604122,0.729871,0.116289645,0.58945936
1.44824,2.7346454,-14.600747,0.21544534,0.734471,-0.4276706,0.48086756
1.1061846,-1.4394306,-14.989121,0.32608312,0.72998,0.116218455,0.58931524
1.4738623,2.830771,-14.608498,0.21628277,0.7346984,-0.42614445,0.48149857
1.1061344,-1.4389712,-14.988879,0.32610813,0.73004115,0.11614518,0.5892401
1.4866765,2.9268932,-14.610049,0.21726035,0.73492086,-0.42480803,0.4818998
1.1060871,-1.4391533,-14.98865,0.3261571,0.7300472,0.11608925,0.5892165
1.496929,3.0230145,-14.610359,0.21832958,0.73502177,-0.42341098,0.48249182
1.1060445,-1.438726,-14.988444,0.32619032,0.7300746,0.116011776,0.58917934
1.514359,3.1191359,-14.61811,0.21943967,0.73504853,-0.42214778,0.48305407
1.1060024,-1.4389266,-14.988241,0.32623616,0.7300929,0.11597116,0.58913934
1.5255345,3.2075675,-14.61966,0.22046058,0.7349876,-0.42091408,0.48375782
1.1053728,-1.4385127,-14.988061,0.32625654,0.7301328,0.11589281,0.5890939
1.5431491,3.3098404,-14.61997,0.2214174,0.7348443,-0.41986302,0.48445147
1.1053743,-1.4393656,-14.987879,0.3263438,0.73010844,0.115868784,0.5890805
1.5543617,3.4071922,-14.627723,0.22224692,0.7347361,-0.4188649,0.48509932
1.1047726,-1.4389166,-14.987719,0.32634613,0.7301503,0.11579646,0.58904153
1.5719837,3.4958699,-14.636963,0.22332522,0.73436517,-0.418082,0.48584056
1.104813,-1.4391049,-14.987562,0.32636246,0.7301598,0.11577752,0.5890244
1.575508,3.5828125,-14.63881,0.22456771,0.7340325,-0.41735548,0.4863949
1.1048522,-1.4392879,-14.987411,0.32634568,0.73018306,0.115734324,0.5890134
1.5915923,3.6694086,-14.64687,0.22571267,0.73373145,-0.41646042,0.487086
1.1048902,-1.4394648,-14.987265,0.32632434,0.73019874,0.11570455,0.5890116
1.6024989,3.7636247,-14.648482,0.22692525,0.7334538,-0.41563013,0.48764953
1.1049266,-1.4396348,-14.9871235,0.32631767,0.7302132,0.115668334,0.58900446
1.6123699,3.859365,-14.648804,0.22781691,0.7334062,-0.41459507,0.48818624
1.1042554,-1.4397951,-14.986991,0.32630008,0.73023486,0.11563608,0.5889938
1.6220338,3.9400308,-14.656558,0.22900988,0.7332943,-0.41347745,0.4887437
1.104335,-1.4392661,-14.986874,0.32628313,0.7302427,0.115585946,0.5890032
1.6316563,4.033061,-14.65811,0.2297456,0.7333202,-0.4127463,0.48897755
1.1037332,-1.4394457,-14.986763,0.32626402,0.73027414,0.11555972,0.5889799
1.6489601,4.1131845,-14.666109,0.23059575,0.73325604,-0.41200504,0.4892986
1.1038523,-1.4396158,-14.986659,0.3262471,0.7302704,0.11552978,0.5889999
1.6601107,4.1984167,-14.667709,0.23144367,0.73320013,-0.4112548,0.48961312
1.1033014,-1.43911,-14.986567,0.3262275,0.7302876,0.11547674,0.58899987
1.6623409,4.2769804,-14.675718,0.23232058,0.73306423,-0.4104781,0.4900529
1.1034459,-1.4392972,-14.98648,0.32622877,0.7302825,0.11544645,0.5890115
1.6704766,4.361901,-14.677321,0.23307317,0.7329754,-0.40994728,0.49027258
1.1035821,-1.4394735,-14.986397,0.3262422,0.73025924,0.11541897,0.58903825
1.6874831,4.4404025,-14.68533,0.23383722,0.7327034,-0.40938872,0.4907819
1.1043408,-1.4396292,-14.986324,0.3262268,0.73023707,0.11539013,0.5890799
1.6985742,4.51762,-14.6869335,0.23491852,0.7323981,-0.40882716,0.49118915
1.1044073,-1.4391611,-14.986259,0.32620034,0.7302298,0.115341365,0.589113
1.7084819,4.5945816,-14.687253,0.23596178,0.73202026,-0.4084648,0.49155366
1.1044664,-1.4387444,-14.986202,0.32616523,0.7302261,0.115288496,0.5891474
1.7181534,4.6714916,-14.695006,0.23701403,0.73160434,-0.4079986,0.49205348
1.1050665,-1.4383721,-14.986152,0.32613805,0.73020875,0.11524828,0.5891918
1.7277772,4.7560806,-14.696558,0.23809937,0.7312173,-0.4073549,0.4926378
1.1050843,-1.4380388,-14.986106,0.32611194,0.7301958,0.115208216,0.58923006
1.7373917,4.8345165,-14.704557,0.23904246,0.7308539,-0.40672225,0.49324268
1.1051003,-1.4377391,-14.986065,0.32608402,0.7301933,0.11516539,0.5892571
1.7470044,4.9040313,-14.706158,0.24033912,0.7303666,-0.4061224,0.49382827
1.105115,-1.4379448,-14.986028,0.32607865,0.73016846,0.11513769,0.5892963
1.7566165,4.9794517,-14.714167,0.24152045,0.7298537,-0.40561303,0.4944285
1.1051288,-1.4376632,-14.985992,0.32606265,0.7301521,0.115102045,0.58933234
1.7662287,5.0483646,-14.723458,0.24290457,0.7293222,-0.40498987,0.49504527
1.1055998,-1.437403,-14.98596,0.32604876,0.7301272,0.11506658,0.58937776
1.7835306,5.2313204,-14.733007,0.24559477,0.7286549,-0.40335923,0.4960309
1.1060507,-1.4376147,-14.985928,0.3260427,0.7300913,0.11504056,0.58943075
1.7793012,5.321739,-14.742607,0.24800612,0.728404,-0.40203714,0.49627298
1.1064849,-1.4373525,-14.985897,0.32599622,0.730064,0.11499374,0.5894994
1.786145,5.393651,-14.752216,0.2494649,0.72822094,-0.40095234,0.4966878
1.1069119,-1.4375763,-14.985868,0.32597536,0.7300165,0.11493311,0.5895815
1.7952034,5.469551,-14.754139,0.25024143,0.7280555,-0.40042117,0.4969682
1.1073366,-1.437799,-14.985839,0.32595024,0.7299512,0.11487534,0.5896876
1.8047049,5.5385585,-14.754522,0.25091997,0.7280317,-0.39966756,0.49726745
1.1072391,-1.4375182,-14.985811,0.32592434,0.72991633,0.11479233,0.58976114
1.8142948,5.6061883,-14.762288,0.25150126,0.728057,-0.3987099,0.4977053
1.1076452,-1.4372407,-14.9857855,0.32588482,0.7298489,0.11470407,0.5898837
1.8239026,5.673542,-14.763842,0.25180137,0.72797966,-0.3983113,0.4979859
1.107532,-1.437471,-14.985763,0.32586244,0.72978574,0.114668,0.5899812
1.8181344,5.740841,-14.771842,0.25273454,0.7281935,-0.3975985,0.49776992
1.1079278,-1.4377013,-14.985739,0.32582828,0.72971255,0.11458918,0.5901059
1.8323601,5.8081284,-14.781132,0.25306547,0.7281641,-0.39679334,0.49828714
1.1078004,-1.437425,-14.985718,0.32577285,0.72969186,0.11445855,0.5901874
1.8428952,5.875414,-14.78299,0.2531001,0.7282152,-0.39602903,0.4988026
1.1081797,-1.4371502,-14.985697,0.32566756,0.72967505,0.11432593,0.5902919
1.8373123,5.9350095,-14.791051,0.25388125,0.7285056,-0.39462903,0.49909103
1.1080399,-1.4369018,-14.985677,0.32553872,0.72967786,0.11423223,0.5903777
1.8361957,6.008446,-14.792664,0.25418797,0.7285723,-0.39382395,0.4994733
1.1084119,-1.4366512,-14.985657,0.3254209,0.7296632,0.11415559,0.5904757
1.8436621,6.076961,-14.792986,0.25454286,0.7286128,-0.39321944,0.4997097
1.1087896,-1.4358463,-14.985637,0.32517776,0.729546,0.11399653,0.5907851
1.8528452,6.4982185,-14.831499,0.2572533,0.72833836,-0.38790125,0.50286835
1.10917,-1.4356236,-14.985617,0.32495397,0.7294169,0.11380987,0.59110355
1.8546817,6.6362977,-14.839202,0.2584659,0.7282399,-0.38526395,0.50441414
1.110257,-1.4353833,-14.985596,0.32470176,0.7291936,0.11365191,0.5915477
1.8550491,6.702362,-14.848432,0.2595027,0.7281277,-0.38343206,0.5054386
1.1106092,-1.4351479,-14.985575,0.32452813,0.7290349,0.11355441,0.5918573
1.8628123,6.7617135,-14.857968,0.2600858,0.72790015,-0.3822418,0.5063675
1.1109513,-1.4349191,-14.985554,0.3244276,0.7288485,0.11344647,0.5921626
1.8643649,6.8197217,-14.859876,0.26072133,0.7277268,-0.38150227,0.50684714
1.1121505,-1.4346812,-14.985533,0.32431215,0.72863007,0.11340722,0.5925021
1.8646754,6.8851514,-14.860257,0.26075944,0.7278711,-0.380576,0.5073166
1.1123937,-1.4352888,-14.985514,0.32427672,0.72845805,0.113381684,0.5927378
1.8724273,6.9443755,-14.868022,0.26095134,0.72775227,-0.37958345,0.5081313
1.1126237,-1.4341712,-14.9854965,0.32402435,0.7283969,0.113367334,0.5929536
1.8585982,6.986979,-14.877266,0.26142642,0.72779924,-0.3783865,0.5087123
1.1128392,-1.4339936,-14.985479,0.32385004,0.72831535,0.11328644,0.5931645
1.863522,7.0416384,-14.879113,0.26157007,0.7277259,-0.37738678,0.5094853
1.1130433,-1.4329206,-14.985463,0.32367513,0.72828394,0.11320057,0.59331495
1.8721966,7.0910187,-14.887173,0.26168188,0.7275669,-0.37655893,0.5102671
1.1142304,-1.4328474,-14.985448,0.3235564,0.72816277,0.11331512,0.59350646
1.8739315,7.1470327,-14.888785,0.26174483,0.7276028,-0.37583762,0.5107151
1.1153789,-1.4327766,-14.985433,0.32346344,0.7280962,0.11331584,0.5936387
1.8742785,7.1889944,-14.896798,0.26193163,0.72765446,-0.37484226,0.511277
1.1164516,-1.4338264,-14.9843025,0.32350168,0.7279721,0.113410555,0.5937519
1.8743478,7.2512145,-14.89071,0.26140139,0.7279129,-0.37472,0.51127
1.1174507,-1.4348041,-14.983251,0.3235888,0.7278594,0.11346785,0.5938317
1.8820515,7.279038,-14.897182,0.2618909,0.72765374,-0.37393,0.51196647
1.1171638,-1.4356279,-14.982364,0.32368144,0.7278007,0.11349648,0.59384775
1.8912818,7.330741,-14.890787,0.2612955,0.7279081,-0.37408206,0.511798
1.1181171,-1.4351906,-14.981511,0.32353964,0.72776246,0.11351888,0.5939676
1.8931279,7.348771,-14.897198,0.2615766,0.7279355,-0.37365475,0.51192755
1.1189588,-1.4348043,-14.982003,0.32349485,0.7277401,0.113492936,0.59402424
1.8934972,7.375447,-14.906169,0.2617143,0.7278353,-0.37342682,0.5121658
1.119717,-1.435744,-14.981158,0.32355484,0.7276122,0.11360894,0.59412605
1.8935709,7.403851,-14.907965,0.26152807,0.72795093,-0.37386438,0.5117772
1.1204104,-1.4352437,-14.980387,0.32353678,0.7275638,0.113634065,0.59419036
1.8935858,7.424911,-14.908323,0.26151046,0.7281676,-0.37404546,0.51134557
1.1209929,-1.4334931,-14.981068,0.32339516,0.72765464,0.11349691,0.5941824
1.9012784,7.4445024,-14.908395,0.2613393,0.7281804,-0.37415758,0.5113328
1.1214898,-1.4333171,-14.981648,0.3233638,0.7277204,0.11339282,0.594139
1.9028169,7.4638,-14.908409,0.26140162,0.7280138,-0.3745099,0.51128024
1.120646,-1.4331726,-14.980874,0.3233353,0.72781336,0.113349676,0.5940488
1.9031246,7.475349,-14.908411,0.261886,0.7277884,-0.37458348,0.51129943
1.1199486,-1.4330533,-14.980234,0.32334563,0.7278687,0.11332989,0.5939792
1.9108758,7.485349,-14.908413,0.26194644,0.7274325,-0.37492645,0.5115235
1.1205196,-1.4341248,-14.979679,0.32335982,0.7278466,0.11341082,0.593983
1.912426,7.4950385,-14.908413,0.26182544,0.727294,-0.37512627,0.5116359
1.1203097,-1.4336755,-14.978746,0.32327956,0.7279772,0.11336772,0.5938749
1.9143361,7.497364,-14.908413,0.26244107,0.72655433,-0.37548518,0.51210773
1.1196961,-1.4335057,-14.978393,0.32325783,0.72803587,0.11333429,0.5938211
1.9054285,7.4974413,-14.908413,0.2631234,0.7262745,-0.3755093,0.51213694
1.1202894,-1.4321908,-14.978067,0.32318923,0.72812,0.11323234,0.5937748
1.9113367,7.489767,-14.908413,0.26392168,0.7257186,-0.37550938,0.5125139
1.1196847,-1.4321927,-14.977797,0.32316843,0.72822183,0.113130435,0.5936807
1.9125183,7.495922,-14.908413,0.26454157,0.7251798,-0.37525508,0.51314306
1.1202697,-1.4321945,-14.977548,0.3231627,0.72824347,0.11308666,0.5936656
1.9127545,7.4894633,-14.908413,0.2653936,0.72467834,-0.37465537,0.51384926
1.119677,-1.4321959,-14.977339,0.32315797,0.72831327,0.11305218,0.59358907
1.9204916,7.4804816,-14.908413,0.266439,0.7237913,-0.37404224,0.51500374
1.1191772,-1.4321971,-14.977163,0.32315436,0.72835964,0.11300347,0.59354335
1.9143493,7.4786854,-14.908413,0.26734057,0.723099,-0.37315947,0.5161482
1.1187534,-1.4321982,-14.977015,0.32316208,0.7284573,0.112900734,0.593439
1.9208105,7.462947,-14.908413,0.26887107,0.72143143,-0.37120727,0.519086
1.1193839,-1.4311659,-14.976872,0.32308352,0.728529,0.11278434,0.59341586
1.9221027,7.467489,-14.908413,0.26917675,0.7205999,-0.370334,0.52070385
1.119979,-1.4301916,-14.976738,0.32298717,0.72861475,0.112661116,0.5933864
1.930051,7.4683976,-14.908413,0.26927337,0.7196643,-0.36986974,0.5222753
1.1194421,-1.4304093,-14.976625,0.3229096,0.72874576,0.112595975,0.5932801
1.9316405,7.4685793,-14.908413,0.2695571,0.7191308,-0.3694701,0.523146
1.118987,-1.4305937,-14.976531,0.32282686,0.7288455,0.11254702,0.59321195
1.916579,7.476305,-14.908413,0.2693969,0.71924424,-0.3693929,0.5231271
1.118599,-1.430751,-14.97645,0.3227809,0.7289407,0.11246415,0.59313554
1.9212564,7.4778504,-14.9007225,0.2691453,0.7189937,-0.36927307,0.5236852
1.1182666,-1.4308858,-14.97638,0.3227802,0.72898924,0.112450704,0.5930788
1.9221919,7.4704695,-14.906875,0.26939628,0.71869963,-0.36887103,0.52424294
1.1179798,-1.4310021,-14.97632,0.32276,0.72900915,0.11243417,0.5930685
1.9300687,7.4689937,-14.908105,0.26925814,0.7185334,-0.36917147,0.52433026
1.1177304,-1.4302965,-14.976268,0.3226839,0.7290971,0.11233776,0.5930201
1.9239544,7.476388,-14.900661,0.26893556,0.71891046,-0.36895642,0.5241303
1.1175123,-1.4304495,-14.976222,0.32265067,0.7291176,0.11224915,0.5930298
1.9304212,7.4701777,-14.906862,0.2686708,0.7189125,-0.3689085,0.5242971
1.1173203,-1.4305841,-14.976182,0.32258886,0.7291397,0.11223981,0.59303796
1.9317145,7.468935,-14.900413,0.26859498,0.71908724,-0.36901438,0.52402174
1.1171417,-1.4299674,-14.976145,0.32252014,0.72914827,0.112192445,0.5930737
1.9242836,7.4609966,-14.906812,0.26895583,0.7193504,-0.36862627,0.52374846
1.1177279,-1.4301429,-14.9761095,0.3225314,0.7290938,0.11219685,0.59313375
1.9151077,7.4824786,-14.900403,0.26868847,0.72031003,-0.36882344,0.52242625
1.1175253,-1.4295809,-14.976795,0.32238993,0.72918683,0.11220029,0.59309566
1.9056419,7.471464,-14.906771,0.27025715,0.7223009,-0.36814618,0.51933694
1.1173471,-1.4297668,-14.977397,0.32234386,0.72919744,0.11222736,0.5931025
1.8961358,7.4768057,-14.9156475,0.2712124,0.72374094,-0.36757532,0.5172343
1.1171899,-1.4292848,-14.977928,0.32217872,0.7292772,0.11224587,0.5930907
1.8941545,7.4704404,-14.917497,0.2722912,0.7247571,-0.36723933,0.51548034
1.1170504,-1.4288577,-14.9784,0.32204875,0.7293377,0.112285644,0.5930793
1.8863156,7.469042,-14.917904,0.2732786,0.72575134,-0.36665395,0.5139735
1.1169266,-1.4284779,-14.978819,0.3218944,0.7294045,0.112243995,0.5930888
1.8919157,7.476121,-14.917996,0.27400252,0.726311,-0.36663616,0.5128088
1.1162621,-1.4286927,-14.979193,0.32187375,0.72943604,0.112284645,0.59305364
1.8932041,7.4777493,-14.918017,0.27454233,0.72688717,-0.366664,0.51168257
1.1161933,-1.4283589,-14.979527,0.3217594,0.729451,0.11230902,0.5930927
1.8935007,7.478124,-14.918023,0.2750294,0.7273021,-0.36658645,0.51088643
1.1156318,-1.4280591,-14.979828,0.3216388,0.72955465,0.11231427,0.59302956
1.886231,7.47821,-14.918024,0.27521354,0.7278639,-0.3664464,0.510087
1.115601,-1.4277891,-14.980099,0.32154107,0.7295617,0.11230856,0.5930749
1.8918461,7.485565,-14.918024,0.27537107,0.7283171,-0.36654118,0.5092864
1.1151218,-1.4275453,-14.980343,0.3214069,0.72963136,0.11234064,0.59305596
1.8860344,7.4730535,-14.918024,0.27581897,0.7287031,-0.36647224,0.508541
1.1151167,-1.4273247,-14.980565,0.32122153,0.72970486,0.11237304,0.5930597
1.8845148,7.4768825,-14.918024,0.2760217,0.729078,-0.36655658,0.50783235
1.1151122,-1.4271243,-14.980765,0.32115006,0.7297182,0.11241094,0.5930748
1.8770792,7.4778743,-14.918024,0.27605158,0.72945327,-0.36662257,0.5072291
1.1147212,-1.4273288,-14.980948,0.32116112,0.7297746,0.112497196,0.59298307
1.875089,7.4851885,-14.918024,0.27595106,0.72991836,-0.3667109,0.50655043
1.1143595,-1.4271452,-14.981117,0.32109675,0.7299377,0.11259484,0.5927987
1.8815752,7.4871297,-14.918024,0.27572325,0.7301273,-0.366912,0.5062277
1.1139717,-1.4269484,-14.981299,0.32105967,0.73009634,0.11266351,0.5926103
1.8833258,7.4876533,-14.918024,0.27551198,0.7303598,-0.3671365,0.5058444
1.1136193,-1.4271644,-14.981463,0.32110018,0.73022306,0.11278496,0.5924092
1.8837918,7.4809194,-14.918024,0.27546084,0.7304816,-0.3672956,0.5055807
1.1132983,-1.4273612,-14.981613,0.3211039,0.73040634,0.11288372,0.59216225
1.8839227,7.4790254,-14.911239,0.27532387,0.73055345,-0.36745447,0.5054362
1.1130052,-1.4275409,-14.9817505,0.3211704,0.7305716,0.11302435,0.5918954
1.8839613,7.4852605,-14.909242,0.27505964,0.7306583,-0.3675735,0.5053419
1.112737,-1.4277054,-14.981537,0.32123727,0.7307738,0.11315205,0.5915851
1.8839724,7.4803705,-14.908665,0.27498257,0.7306411,-0.3676409,0.50535965
1.1124911,-1.4278561,-14.981341,0.32122037,0.7310346,0.11326533,0.5912503
1.8906518,7.485564,-14.90849,0.27474377,0.7305628,-0.3677667,0.50551116
1.112207,-1.4276456,-14.9815,0.32124007,0.7312933,0.113363534,0.5909007
1.8861051,7.4805727,-14.908437,0.27453846,0.7305203,-0.36782014,0.5056452
1.1114675,-1.4278508,-14.981238,0.32129148,0.731635,0.11348902,0.5904256
1.8911525,7.478997,-14.908421,0.27445218,0.7303469,-0.36776808,0.5059804
1.110654,-1.4280769,-14.98095,0.32137978,0.7320632,0.113589674,0.5898271
1.8992541,7.484949,-14.908415,0.2741268,0.730193,-0.36777306,0.50637513
1.1090132,-1.4283537,-14.980598,0.3215532,0.7327805,0.1137979,0.58880085
1.8955147,7.480518,-14.908414,0.27390465,0.7298977,-0.36765277,0.507008
1.1080148,-1.4286443,-14.980229,0.32178828,0.7334641,0.1141474,0.58775264
1.9005358,7.4790277,-14.908413,0.27374995,0.72957414,-0.3674951,0.507671
1.1060052,-1.4289721,-14.979813,0.3220038,0.7343544,0.11443195,0.5864662
1.9022338,7.472401,-14.908413,0.27364907,0.72924525,-0.3673829,0.5082788
1.1038641,-1.4293213,-14.979368,0.32220957,0.73520416,0.11471371,0.58523214
1.8968183,7.470035,-14.908413,0.27356303,0.7289816,-0.36715823,0.5088654
1.1002829,-1.4296999,-14.978887,0.32241362,0.73623174,0.11497024,0.5837758
1.9008012,7.4751525,-14.902414,0.2734347,0.7287421,-0.3669889,0.50939935
1.0967494,-1.431505,-14.978412,0.32273573,0.7371211,0.11534105,0.58240074
1.9022946,7.477071,-14.906146,0.27338964,0.72850156,-0.3668402,0.50987446
1.0915279,-1.4316281,-14.977937,0.32301214,0.7381362,0.11558002,0.5809127
1.90867,7.4719515,-14.907519,0.27333453,0.7282169,-0.36669144,0.5104174
1.0866934,-1.431742,-14.977496,0.32330543,0.7392131,0.11567978,0.57935816
1.9053758,7.475738,-14.902267,0.2732969,0.7280096,-0.36660275,0.5107968
1.0801789,-1.4318453,-14.9770975,0.32353848,0.74035263,0.115984,0.57770973
1.9040946,7.471546,-14.905889,0.27331558,0.72775304,-0.36651334,0.5112163
1.0746697,-1.4319326,-14.97676,0.32368496,0.74137306,0.11611569,0.57629097
1.9035693,7.475481,-14.90172,0.27324808,0.72754997,-0.36646512,0.5115758
1.0675719,-1.4320048,-14.9764805,0.3239955,0.74248415,0.11623607,0.57465935
1.9033577,7.471536,-14.905571,0.27328905,0.72732437,-0.36638233,0.511934
1.0591161,-1.4320629,-14.976256,0.3241973,0.74351656,0.116309,0.57319415
1.9032711,7.464583,-14.907148,0.27330664,0.72711635,-0.3663274,0.5122592
1.0586022,-1.4321046,-14.976095,0.3247627,0.74414456,0.11632291,0.57205516
1.8980272,7.461566,-14.907833,0.27332616,0.7270034,-0.36627406,0.5124473
1.0554154,-1.4321346,-14.978794,0.32520953,0.74493617,0.11640115,0.57075363
1.8956093,7.470649,-14.908149,0.27328235,0.7269501,-0.36632845,0.51250744
1.0501086,-1.4321569,-14.977845,0.32578957,0.74589527,0.11663208,0.5691208
1.894517,7.469554,-14.908292,0.27333948,0.7268806,-0.36642975,0.51250315
1.0431565,-1.432173,-14.980247,0.3260457,0.74693656,0.11689116,0.5675531
1.8940171,7.469053,-14.908358,0.27332756,0.72689307,-0.3665118,0.51243323
1.0382916,-1.4321843,-14.981927,0.32651514,0.7478049,0.11717945,0.5660785
1.8989111,7.468825,-14.908386,0.27333128,0.72686553,-0.36668694,0.51234484
1.0315728,-1.4321923,-14.983098,0.32686538,0.7486552,0.117560156,0.5646717
1.9012066,7.47386,-14.908401,0.2732974,0.7268746,-0.3668822,0.5122103
1.0270624,-1.4321976,-14.983884,0.32721013,0.74926156,0.11801629,0.56357145
1.9022492,7.4711237,-14.913431,0.27337542,0.7268714,-0.36699453,0.5120928
1.0205048,-1.432201,-14.984409,0.32733318,0.7500101,0.11832147,0.5624393
1.8978112,7.469843,-14.915785,0.27346057,0.72693145,-0.36708742,0.5118953
1.0162724,-1.4322034,-14.984749,0.327615,0.75028455,0.11891562,0.56178355
1.8957282,7.464499,-14.91689,0.27360606,0.72698164,-0.36718956,0.51167303
1.0136398,-1.4358205,-14.98496,0.32815015,0.75046355,0.11929432,0.5611513
1.8946698,7.4712973,-14.912695,0.27363682,0.72707003,-0.36736113,0.5114077
1.0119902,-1.4344553,-14.985092,0.32850063,0.75048727,0.11942598,0.56088656
1.8941422,7.469992,-14.9106045,0.2737242,0.7271415,-0.3674989,0.5111603
1.0109745,-1.4372085,-14.985173,0.32909092,0.7504609,0.120057344,0.56044066
1.8938719,7.474025,-14.914233,0.27382776,0.7272314,-0.3676537,0.51086557
1.0103425,-1.4389216,-14.985224,0.32945585,0.7504408,0.12029778,0.56020176
1.8937407,7.4670486,-14.915995,0.2739847,0.7272903,-0.36774796,0.51062983
1.009952,-1.4364686,-14.985255,0.3290665,0.75061274,0.12033393,0.56019247
1.8936706,7.467779,-14.916936,0.27411273,0.72735226,-0.36785498,0.5103955
1.0097073,-1.4383975,-14.985275,0.328848,0.7505383,0.120365806,0.56041366
1.8892415,7.4681654,-14.917433,0.27434418,0.72740597,-0.36791754,0.5101495
1.0095522,-1.4396207,-14.985288,0.32865298,0.7505235,0.12045787,0.56052804
1.8953505,7.4641595,-14.917692,0.2745277,0.72741354,-0.36796606,0.51000506
1.0094551,-1.4370337,-14.985295,0.328513,0.75042737,0.12016829,0.56080097
1.8945856,7.466099,-14.913662,0.27464014,0.72744036,-0.36800557,0.5098776
1.0093926,-1.4353751,-14.9853,0.32831407,0.7503639,0.12006306,0.56102484
1.8983469,7.471398,-14.91137,0.27468657,0.7274676,-0.36806452,0.5097713
1.0093521,-1.4342972,-14.985304,0.32810256,0.7501791,0.12000864,0.56140715
1.9004283,7.4702086,-14.914223,0.27476674,0.7274712,-0.3680995,0.50969774
1.0124336,-1.4367286,-14.982199,0.32813346,0.7499155,0.12012251,0.56171685
1.8937278,7.4656487,-14.9157715,0.27490643,0.72748816,-0.36810502,0.50959414
1.0114633,-1.4382918,-14.980204,0.32816327,0.749696,0.12008619,0.56200016
1.8936725,7.46684,-14.912826,0.2749438,0.7275025,-0.36812866,0.50953645
1.0136285,-1.4365169,-14.978889,0.32809708,0.749477,0.120006606,0.56234765
1.8975078,7.4714265,-14.911049,0.2749586,0.7274941,-0.36816326,0.5095154
1.0124123,-1.4379977,-14.977998,0.32807022,0.7493274,0.11989231,0.56258714
1.8998071,7.474177,-14.909985,0.27497023,0.7274798,-0.36820742,0.50949764
1.0141298,-1.4364614,-14.979937,0.3278172,0.7490749,0.11983433,0.5630831
1.8937017,7.4720354,-14.909378,0.27499357,0.72748494,-0.36821434,0.50947267
1.0153284,-1.4353892,-14.978868,0.32766166,0.7487876,0.11984972,0.5635523
1.8936605,7.4672637,-14.909024,0.27504542,0.7274542,-0.36819363,0.50950366
1.0184817,-1.4346272,-14.978108,0.32757154,0.74852514,0.11984924,0.5639532
1.8969816,7.4610457,-14.908812,0.27511117,0.72737336,-0.36814606,0.5096178
1.02076,-1.4362632,-14.977561,0.327422,0.7482558,0.119886056,0.5643895
1.8990861,7.4636097,-14.908676,0.27513182,0.7273223,-0.36813194,0.5096898
1.0224322,-1.4374639,-14.977159,0.32735866,0.7479656,0.1199633,0.5647944
1.9004713,7.4652977,-14.905353,0.27513006,0.72728443,-0.3681277,0.50974786
1.0236773,-1.4363847,-14.976858,0.32719842,0.7476999,0.119990334,0.56523305
1.8981781,7.4664063,-14.903169,0.27516615,0.7272411,-0.36811456,0.5097997
1.0246176,-1.4374447,-14.976632,0.32718265,0.7474225,0.12014329,0.56557655
1.8966597,7.46714,-14.904904,0.2752482,0.7271842,-0.3680733,0.5098663
1.0271174,-1.4364743,-14.9764595,0.32697815,0.747133,0.12018414,0.56606835
1.8987354,7.4645615,-14.906017,0.27534437,0.7271164,-0.36800712,0.50995886
1.0273603,-1.4374151,-14.976325,0.32690874,0.7469086,0.12028418,0.56638324
1.8971558,7.4628577,-14.906754,0.2754632,0.7270488,-0.3679267,0.51004905
1.0275505,-1.4381516,-14.976221,0.32687077,0.74669564,0.12034993,0.56667185
1.8990219,7.4646378,-14.907265,0.27552772,0.72698885,-0.3678487,0.510156
1.0292279,-1.4372073,-14.976138,0.3267789,0.74652636,0.12039874,0.5669375
1.8973469,7.4658666,-14.907619,0.27560505,0.7269555,-0.36776367,0.5102231
1.0305682,-1.4364527,-14.977522,0.32667947,0.74633837,0.12043534,0.5672344
1.8961891,7.466717,-14.907864,0.27567813,0.72692364,-0.36764166,0.5103168
1.0316495,-1.4372221,-14.977261,0.32666788,0.7461901,0.1205676,0.5674081
1.8954211,7.4644413,-14.908026,0.27586994,0.72688377,-0.36749774,0.5103736
1.0325294,-1.4378482,-14.977048,0.3265931,0.7460765,0.12068599,0.5675753
1.8976415,7.4628916,-14.908135,0.27607954,0.7268023,-0.36736676,0.5104707
1.0320077,-1.438362,-14.978117,0.32659253,0.74604595,0.120657824,0.5676218
1.896515,7.4618134,-14.908213,0.27625385,0.7267617,-0.36723176,0.5105312
1.0315763,-1.4387869,-14.97782,0.32661146,0.7459958,0.12072495,0.5676626
1.8983904,7.4637237,-14.908269,0.2763982,0.72671473,-0.36714667,0.51058114
1.0312169,-1.4380186,-14.978694,0.32653773,0.7459911,0.12072673,0.56771076
1.8970509,7.465091,-14.910992,0.27653807,0.72673136,-0.36700168,0.510586
1.0319815,-1.4384402,-14.979427,0.3265497,0.7459143,0.12075934,0.56779784
1.8960658,7.4688315,-14.910258,0.27655637,0.7267828,-0.36696774,0.5105273
1.0306014,-1.4377832,-14.980047,0.32646984,0.74596274,0.12078576,0.5677746
1.8953965,7.466177,-14.912357,0.27676904,0.72680485,-0.36678883,0.5105092
1.0303907,-1.4372251,-14.980574,0.32640392,0.7459522,0.120762564,0.5678313
1.8949324,7.461869,-14.913812,0.27696636,0.72681093,-0.36666965,0.51047915
1.0302107,-1.4367478,-14.981025,0.32631898,0.74594,0.120828144,0.5678821
1.8946048,7.4611716,-14.91484,0.2770837,0.7268052,-0.3666105,0.5104661
1.030056,-1.4363376,-14.981412,0.3262453,0.7459274,0.120868154,0.5679325
1.8943682,7.460668,-14.915582,0.27714288,0.7268664,-0.36655462,0.51038694
1.0299222,-1.4368081,-14.981746,0.32623234,0.7458823,0.12090163,0.5679921
1.8920225,7.4602947,-14.916133,0.27721533,0.726954,-0.3665072,0.5102569
1.029806,-1.4372168,-14.982038,0.32621795,0.74586034,0.120903365,0.56802875
1.890202,7.4621797,-14.914386,0.27724305,0.7270469,-0.36648646,0.5101244
1.0304494,-1.4375733,-14.98229,0.32619935,0.74581003,0.12089851,0.56810653
1.8932201,7.4659076,-14.912999,0.2771635,0.7270827,-0.3665902,0.510042
1.0303057,-1.4371783,-14.982512,0.32609415,0.7458444,0.120840766,0.56813407
1.8911815,7.4643865,-14.914107,0.27719194,0.7271833,-0.3665802,0.5098903
1.0301794,-1.4368306,-14.982708,0.32600966,0.7458741,0.12076018,0.56816065
1.89169,7.4632516,-14.914935,0.27720153,0.72720265,-0.36655596,0.5098748
1.030706,-1.4365236,-14.982881,0.32594517,0.74586266,0.12068007,0.5682297
1.8901252,7.4623914,-14.915562,0.2772361,0.72728324,-0.3665309,0.5097591
1.0311732,-1.4362513,-14.983034,0.3258868,0.7458631,0.12057751,0.5682844
1.8908098,7.461724,-14.916048,0.27725154,0.7273053,-0.3664901,0.5097486
1.031589,-1.4360088,-14.9825945,0.3258456,0.74585855,0.12049305,0.56833196
1.8913695,7.463113,-14.916447,0.27727285,0.72731364,-0.3664963,0.5097207
1.0319604,-1.4352449,-14.982749,0.32574502,0.7458912,0.12038921,0.5683688
1.8918171,7.464224,-14.914827,0.27725345,0.7273525,-0.36653036,0.50965136
1.0322931,-1.4350806,-14.982368,0.3256896,0.7459157,0.1203265,0.56838167
1.8921751,7.4651127,-14.913531,0.27723032,0.7273875,-0.36656398,0.5095898
1.032592,-1.434933,-14.982025,0.32564497,0.74591666,0.120269135,0.5684181
1.8943825,7.4658155,-14.912507,0.27719623,0.7273816,-0.36660275,0.5095888
1.0328616,-1.4352691,-14.981717,0.325605,0.74591064,0.12022807,0.5684575
1.8942317,7.464522,-14.913556,0.2772225,0.72737384,-0.36658865,0.50959563
1.033105,-1.4351271,-14.981438,0.32553753,0.7459238,0.12018217,0.5684886
1.8941151,7.463522,-14.914367,0.27727094,0.72735906,-0.36656848,0.5096049
1.0333256,-1.4349985,-14.981184,0.32549033,0.7459188,0.120146774,0.5685296
1.894019,7.464454,-14.91328,0.27721575,0.7273819,-0.36654824,0.5096169
1.0344766,-1.4347754,-14.981514,0.32540998,0.7457588,0.120109126,0.5687935
1.8938851,7.4627576,-14.913366,0.2771866,0.7273209,-0.36652988,0.509733
1.0349771,-1.4346782,-14.981657,0.32536998,0.7456181,0.12012681,0.5689971
1.8938348,7.4637547,-14.914158,0.27713838,0.72724384,-0.36656198,0.5098461
1.0354346,-1.4345895,-14.981789,0.32532778,0.7454803,0.12012524,0.56920207
1.8937924,7.4645953,-14.914825,0.27707925,0.7271987,-0.36660406,0.5099124
1.0361812,-1.4345082,-14.981908,0.32530367,0.74532455,0.120118424,0.5694212
1.893759,7.463676,-14.915353,0.27699214,0.72711015,-0.36660382,0.51008624
1.036555,-1.4344337,-14.982018,0.32524,0.74515027,0.12010737,0.5696879
1.8937322,7.462939,-14.915775,0.27697358,0.7270256,-0.36656588,0.5102441
1.0368987,-1.4343653,-14.98212,0.32513678,0.74489886,0.12010423,0.5700762
1.8937103,7.462339,-14.916119,0.27688834,0.72695464,-0.3665738,0.51038575
1.0374961,-1.4343022,-14.982212,0.32503393,0.74455434,0.12007723,0.5705903
1.8951858,7.4633164,-14.916414,0.27680436,0.7268685,-0.36660254,0.5105333
1.0380529,-1.4345132,-14.982299,0.32488063,0.74411607,0.12009431,0.5712454
1.8964529,7.464155,-14.916669,0.27671713,0.726798,-0.36661854,0.51066935
1.0387418,-1.4347743,-14.982407,0.32476422,0.74365586,0.12003391,0.57192314
1.8945338,7.464843,-14.915399,0.2766428,0.72676474,-0.3665954,0.51077354
1.0395987,-1.4346559,-14.98254,0.3245836,0.7431336,0.11993887,0.57272387
1.8943958,7.462586,-14.915782,0.2767126,0.7266722,-0.3665542,0.510897
1.040575,-1.4350504,-14.982693,0.3243742,0.74264795,0.11983267,0.5734942
1.8942839,7.463424,-14.916093,0.276692,0.72660124,-0.366546,0.51101494
1.0416884,-1.4342229,-14.982866,0.32395595,0.7422242,0.11961894,0.5743232
1.89546,7.4628425,-14.9163475,0.2766717,0.72651416,-0.36650786,0.51117706
1.0428885,-1.4340684,-14.983054,0.32368368,0.7417794,0.11942838,0.5750906
1.8952256,7.462363,-14.915354,0.276642,0.7264388,-0.36647666,0.5113225
1.0441388,-1.4339074,-14.983249,0.32351905,0.74129575,0.11927613,0.5758379
1.896175,7.4619637,-14.915671,0.27666315,0.7263331,-0.36644286,0.5114855
1.046418,-1.4337375,-14.982494,0.32332665,0.7407708,0.11918366,0.5766401
1.8970197,7.4627643,-14.914799,0.276692,0.72622573,-0.3665046,0.511578
1.0487323,-1.433565,-14.981729,0.32323802,0.7403486,0.11906313,0.57725656
1.8977343,7.462331,-14.915172,0.2767261,0.7261255,-0.36648354,0.51171696
1.0510015,-1.433396,-14.980978,0.3231789,0.73988515,0.11891287,0.5779144
1.8972499,7.4630666,-14.914382,0.27668497,0.7260809,-0.3665167,0.5117787
1.0531205,-1.4345154,-14.980276,0.32313427,0.7394066,0.118884824,0.57855743
1.8979998,7.4649777,-14.9136305,0.27661547,0.7260385,-0.3665731,0.511836
1.0550911,-1.4341863,-14.979624,0.32305583,0.73908466,0.118714236,0.5790474
1.8986627,7.4654427,-14.912965,0.27656183,0.72597945,-0.3666063,0.5119251
1.0584848,-1.4338735,-14.979003,0.32297045,0.73863804,0.11864299,0.57967913
1.8980193,7.465846,-14.912388,0.2765537,0.72595793,-0.36667407,0.51191145
1.0615805,-1.433588,-14.978436,0.32291967,0.7382352,0.11840565,0.5802688
1.8974856,7.4650226,-14.913067,0.2765941,0.7259405,-0.36666667,0.5119195
1.0643114,-1.4333363,-14.977937,0.3228821,0.7379847,0.11827535,0.5806348
1.8970395,7.4643345,-14.913635,0.27654374,0.7259281,-0.36666912,0.51196265
1.0666556,-1.4331201,-14.977509,0.3229538,0.7376393,0.11815567,0.581058
1.8977553,7.465949,-14.913029,0.27639288,0.7259289,-0.36677325,0.51196843
1.0686247,-1.4329385,-14.977148,0.32297274,0.737456,0.11796547,0.5813187
1.8984308,7.467473,-14.912456,0.27632493,0.7259433,-0.36690888,0.5118875
1.07025,-1.4327887,-14.976851,0.3229085,0.7373526,0.11789417,0.5815
1.8978399,7.4676137,-14.911962,0.27624765,0.72594935,-0.36697203,0.51187533
1.0715729,-1.4326669,-14.976609,0.3228361,0.73740023,0.11771952,0.5815152
1.8984929,7.467737,-14.91153,0.27615643,0.7259433,-0.3670225,0.5118969
1.0706464,-1.4325747,-14.976426,0.32282552,0.7375622,0.11748169,0.5813638
1.8968134,7.4667273,-14.912281,0.27618992,0.72597307,-0.3670115,0.5118445
1.0709009,-1.4324427,-14.976165,0.3228083,0.73766655,0.11724523,0.58128864
1.8961581,7.4671125,-14.911495,0.2760907,0.72602826,-0.3671067,0.5117515
1.0701691,-1.4306202,-14.976078,0.32265475,0.73788184,0.117008075,0.58114845
1.8958914,7.4672694,-14.912173,0.27610973,0.72605395,-0.36712727,0.5116901
1.0695958,-1.4309025,-14.976009,0.3226953,0.7380706,0.11679781,0.5809285
1.8946953,7.4674053,-14.912761,0.27612844,0.72608984,-0.36714736,0.51161474
1.0708703,-1.4311413,-14.975952,0.32269183,0.7381159,0.11671443,0.5808895
1.8935626,7.46855,-14.912301,0.27612916,0.726122,-0.36718142,0.5115441
1.0701838,-1.4313277,-14.975907,0.3226245,0.7383263,0.11658492,0.5806855
1.8945303,7.4675927,-14.912876,0.27618244,0.7260965,-0.36720178,0.511537
1.0713305,-1.4314859,-14.97587,0.32269967,0.7383856,0.11653812,0.5805777
1.8944405,7.4676914,-14.913367,0.27619326,0.72610134,-0.3672331,0.5115018
1.0722924,-1.4316187,-14.975839,0.32269529,0.7385121,0.116423056,0.5804423
1.8943627,7.467777,-14.912913,0.27619368,0.7261222,-0.36725953,0.51145303
1.071358,-1.4317214,-14.975814,0.32274163,0.73872316,0.11635449,0.5801617
1.8942955,7.467015,-14.913358,0.27620432,0.7261135,-0.36725873,0.5114601
1.0690292,-1.430206,-14.977391,0.32267475,0.7389909,0.116230614,0.5798827
1.894237,7.4655595,-14.913744,0.27627453,0.7260981,-0.3672204,0.51147157
1.0671843,-1.4290054,-14.977123,0.3226317,0.7392152,0.11608153,0.57965064
1.8941863,7.4658,-14.913325,0.27627775,0.7261078,-0.36722103,0.51145566
1.0671487,-1.4294853,-14.97691,0.32261017,0.73937494,0.11603554,0.57946795
1.8941418,7.4660106,-14.912959,0.2762732,0.72611773,-0.3672266,0.51144
1.06712,-1.4298728,-14.976737,0.32264656,0.7394703,0.11598365,0.5793364
1.8947834,7.4655147,-14.912638,0.276299,0.7260957,-0.36722857,0.5114559
1.0657964,-1.4301885,-14.976597,0.32265243,0.73959756,0.11593805,0.5791798
1.894703,7.465077,-14.9123535,0.2763235,0.7260897,-0.36721322,0.51146215
1.0659442,-1.4304479,-14.976481,0.3227347,0.7396655,0.115990624,0.5790367
1.894632,7.4646893,-14.912102,0.27633995,0.7260788,-0.36719888,0.51147914
1.0660665,-1.4306628,-14.976385,0.32273087,0.73973936,0.115943484,0.57895386
1.8951523,7.4643445,-14.911878,0.27634525,0.7260579,-0.36719343,0.5115099
1.0661685,-1.4308418,-14.976305,0.32280776,0.7397943,0.11593882,0.5788417
1.8956167,7.4645915,-14.911678,0.27635053,0.72604144,-0.36719778,0.5115271
1.0662543,-1.4309922,-14.976238,0.3228157,0.73986846,0.11594377,0.5787416
1.8955054,7.464286,-14.911498,0.27636522,0.72603303,-0.3671733,0.5115487
1.0653207,-1.4311194,-14.976182,0.32285655,0.7399258,0.11601137,0.5786319
1.8964068,7.464011,-14.911839,0.27639717,0.7259931,-0.36712143,0.5116254
1.0654823,-1.4302719,-14.976134,0.322874,0.73996896,0.1159945,0.57857037
1.8967428,7.463764,-14.91167,0.2764225,0.7259765,-0.367108,0.5116449
1.0656207,-1.4304546,-14.976093,0.32289502,0.73997927,0.1160374,0.5785368
1.8970463,7.463992,-14.911517,0.27637857,0.72598064,-0.36712557,0.5116502
1.0657438,-1.4306176,-14.976057,0.32297105,0.7399676,0.116105884,0.57849556
1.8968921,7.46377,-14.911379,0.27636796,0.7259734,-0.36711124,0.5116764
1.0643581,-1.4316571,-14.975998,0.32306573,0.73993874,0.11624223,0.5784522
1.897403,7.463772,-14.911139,0.27632844,0.7259405,-0.36712104,0.51173735
1.0637984,-1.431701,-14.975975,0.32308564,0.7398956,0.11620869,0.57850313
1.8972571,7.463958,-14.911034,0.27632967,0.7259318,-0.36712074,0.5117492
1.0640367,-1.4317392,-14.975953,0.32304165,0.739826,0.11620029,0.57861835
1.8971238,7.4637775,-14.911288,0.27636135,0.72591287,-0.36707464,0.51179206
1.064246,-1.4317728,-14.975935,0.3230195,0.73972064,0.11619239,0.5787669
1.8973336,7.4636126,-14.911521,0.27641886,0.7258881,-0.3670431,0.5118188
1.0644305,-1.4318024,-14.975918,0.32302225,0.73959774,0.11620214,0.57892054
1.8972107,7.463462,-14.911735,0.2764898,0.72586256,-0.36700258,0.51184577
1.0645981,-1.4318295,-14.975903,0.32301444,0.7394491,0.11620797,0.5791135
1.8970978,7.4633236,-14.91193,0.27655873,0.7258564,-0.3669515,0.5118539
1.0655092,-1.4318582,-14.975887,0.32308483,0.7392156,0.11621773,0.5793704
1.8972787,7.463481,-14.911826,0.2765922,0.7258419,-0.36697212,0.5118417
1.065616,-1.4318842,-14.976588,0.3230794,0.7390214,0.116191365,0.5796263
1.8974452,7.4636254,-14.91173,0.27657598,0.7258507,-0.3670074,0.5118126
1.0665288,-1.4319111,-14.976514,0.32308865,0.7387668,0.11625223,0.5799334
1.897335,7.463768,-14.911634,0.2765695,0.7258742,-0.36700475,0.51178473
1.0665637,-1.4319359,-14.976446,0.32310697,0.73855835,0.116226465,0.5801939
1.8972335,7.4636393,-14.911548,0.27657118,0.72588545,-0.36700797,0.51176554
1.067486,-1.4319609,-14.9763775,0.32315543,0.738224,0.116295025,0.5805785
1.8971395,7.46352,-14.911715,0.27657297,0.7259123,-0.36699682,0.5117345
1.0683969,-1.4319857,-14.976309,0.32316437,0.7379275,0.116343975,0.5809406
1.8970528,7.463645,-14.9116335,0.27655908,0.7259461,-0.36700544,0.5116878
1.0704714,-1.4320116,-14.976237,0.32318962,0.7375834,0.11641048,0.58135
1.896972,7.4637613,-14.911558,0.27654815,0.72599083,-0.367013,0.51162475
1.0712165,-1.4320354,-14.9761715,0.32315373,0.7373556,0.11646617,0.5816477
1.89711,7.463656,-14.911489,0.27656454,0.7260127,-0.36701068,0.5115866
1.0732598,-1.4320589,-14.976108,0.32311144,0.7370883,0.1164992,0.58200336
1.8972641,7.463782,-14.911411,0.27658522,0.72604877,-0.3670043,0.5115289
1.0737073,-1.4333827,-14.976052,0.3231112,0.73684984,0.116581105,0.5822889
1.8974082,7.463666,-14.911339,0.27662587,0.7260793,-0.3670079,0.51146096
1.0755469,-1.4332093,-14.975999,0.32296574,0.73667717,0.11651672,0.58260083
1.8973114,7.463792,-14.911264,0.2766564,0.72612995,-0.3669864,0.5113879
1.075697,-1.4330606,-14.975955,0.32278603,0.73655117,0.11646649,0.5828697
1.8972219,7.463677,-14.911196,0.2767066,0.7261671,-0.3669818,0.51131135
1.0773352,-1.4314238,-14.975915,0.32256895,0.736384,0.11638136,0.58321804
1.8973585,7.46357,-14.911351,0.27678806,0.7261841,-0.366964,0.51125586
1.0772153,-1.4315448,-14.975881,0.3224414,0.7362557,0.11632384,0.58346206
1.8972768,7.463471,-14.911497,0.2768839,0.7262138,-0.366952,0.5111703
1.0803841,-1.4332982,-14.975849,0.3224399,0.7359365,0.116263,0.58387756
1.8972006,7.463379,-14.911434,0.27698854,0.72626114,-0.36693308,0.51105994
1.0814048,-1.4331058,-14.975822,0.32224897,0.73584694,0.11625888,0.58409655
1.8971285,7.463291,-14.911374,0.27708498,0.72630364,-0.3669082,0.51096517
1.0822681,-1.4329431,-14.9758,0.3221492,0.7356548,0.11623916,0.58439755
1.8972499,7.463206,-14.911507,0.27717546,0.72632647,-0.36690554,0.5108855
1.0829905,-1.4328068,-14.975781,0.32209143,0.7354663,0.1162241,0.58466953
1.8969845,7.463314,-14.911445,0.27726293,0.7264013,-0.3669157,0.51072437
1.0835724,-1.432697,-14.977525,0.32187623,0.7354448,0.116230816,0.5848137
1.8969165,7.4634204,-14.911575,0.27727637,0.7264134,-0.36694843,0.5106764
1.0840449,-1.432608,-14.978941,0.3216011,0.7354637,0.11627025,0.5849336
1.89685,7.4635243,-14.911705,0.27729115,0.7264238,-0.3669758,0.5106339
1.0844305,-1.4325353,-14.980095,0.3213643,0.735539,0.11618688,0.5849855
1.8967847,7.4634337,-14.911832,0.2773235,0.7264087,-0.36699557,0.5106235
1.0847456,-1.4324759,-14.98104,0.32125267,0.7354704,0.11631602,0.58510745
1.896913,7.463345,-14.911956,0.27732185,0.72636735,-0.36703184,0.51065713
1.0833365,-1.4324297,-14.981774,0.32117453,0.735532,0.11643175,0.58504987
1.8966542,7.4632583,-14.912077,0.27729988,0.72638386,-0.367076,0.5106139
1.0838001,-1.4323933,-14.982353,0.32115936,0.73546547,0.116515644,0.58512515
1.896593,7.4631734,-14.912195,0.2772735,0.7263577,-0.36712146,0.5106328
1.0826749,-1.4323645,-14.982813,0.3210934,0.7355769,0.1165745,0.5850095
1.8969175,7.4632826,-14.91212,0.27716535,0.7262932,-0.36724064,0.5106974
1.0847113,-1.4338334,-14.981708,0.32112792,0.7354428,0.11675671,0.58512276
1.8968508,7.4633894,-14.912046,0.27708274,0.7262742,-0.36733654,0.5107003
1.0849336,-1.4335854,-14.980791,0.32113528,0.7354708,0.11672736,0.58508945
1.8969778,7.463494,-14.911974,0.2770078,0.7262169,-0.36741528,0.5107659
1.0851195,-1.4333785,-14.980026,0.32109964,0.73537654,0.11672975,0.585227
1.8971024,7.4635963,-14.911901,0.2769297,0.72617763,-0.367487,0.51081246
1.083898,-1.4332114,-14.98078,0.32107547,0.7354244,0.11666781,0.5851925
1.8970321,7.463505,-14.911833,0.27688047,0.72614664,-0.36753267,0.5108504
1.084206,-1.4330753,-14.98009,0.32105702,0.73535365,0.11664586,0.5852959
1.8969634,7.463415,-14.911765,0.276873,0.7261066,-0.3675873,0.51087207
1.0858523,-1.4329518,-14.980833,0.3210261,0.7352664,0.116530545,0.5854454
1.8970882,7.4635196,-14.911697,0.2768482,0.7260726,-0.3676529,0.51088655
1.0845968,-1.4328512,-14.98014,0.32106873,0.73520917,0.116520055,0.58549595
1.8970182,7.4636216,-14.911633,0.2768321,0.7260482,-0.36768657,0.51090574
1.086064,-1.4327668,-14.979557,0.3209821,0.73500526,0.11643563,0.5858162
1.8971418,7.4637218,-14.911568,0.27681312,0.7260082,-0.36773926,0.51093495
1.0860777,-1.4326946,-14.979059,0.32081965,0.7348328,0.11638995,0.58613044
1.8970708,7.464012,-14.911504,0.2767831,0.72599304,-0.36779666,0.5109314
1.0874171,-1.4326273,-14.979921,0.3205869,0.73442703,0.116179205,0.58680785
1.8971965,7.4641066,-14.911441,0.2767709,0.72597426,-0.367834,0.5109378
1.0886391,-1.4325659,-14.980709,0.3203065,0.7339982,0.11586661,0.58755887
1.8973391,7.464214,-14.911369,0.27677515,0.725947,-0.36785513,0.510959
1.095201,-1.4307475,-14.981548,0.3192563,0.73139805,0.115096286,0.591511
1.8974713,7.4640965,-14.911519,0.27679724,0.7259113,-0.36786345,0.51099175
1.1038241,-1.4289463,-14.982379,0.31853068,0.7286803,0.114280656,0.59540164
1.8973882,7.4641933,-14.911659,0.27682513,0.7258844,-0.3678652,0.5110137
1.1114236,-1.427359,-14.98311,0.31753385,0.7263347,0.11353808,0.59893185
1.8975066,7.464088,-14.911788,0.2768595,0.7258479,-0.36785376,0.51105505
1.1305785,-1.4190922,-14.987153,0.3152674,0.72239125,0.111298606,0.6052851
1.8973503,7.464077,-14.912037,0.2769322,0.72578955,-0.36780208,0.5111358
1.1380067,-1.4171085,-14.986554,0.31445566,0.7208395,0.110355206,0.6077252
1.8974704,7.46417,-14.91216,0.2769475,0.72572845,-0.36780304,0.51121354
1.1466496,-1.4156858,-14.98944,0.3139494,0.7199455,0.10963466,0.6091754
1.8976105,7.464279,-14.912303,0.27693722,0.7256755,-0.367796,0.51129925
1.1524311,-1.4181188,-14.987985,0.313898,0.71926916,0.10914286,0.61008835
1.8977712,7.464404,-14.912468,0.2769368,0.725619,-0.3677868,0.5113863
1.152788,-1.4163294,-14.987053,0.31346118,0.7192055,0.10851618,0.61049974
1.897657,7.464257,-14.912619,0.27697575,0.7255376,-0.36777136,0.51149184
1.1564486,-1.4151378,-14.986432,0.31328803,0.71882826,0.10796481,0.61113024
1.8975514,7.464121,-14.91276,0.27700412,0.72544014,-0.36778197,0.51160717
1.1662608,-1.410242,-14.985753,0.31290734,0.7183838,0.10719309,0.61198324
1.8975986,7.464108,-14.913034,0.27695948,0.7251829,-0.3679041,0.511908
1.1686794,-1.4112748,-14.985586,0.3130174,0.7182525,0.10687364,0.6121369
1.8977424,7.464224,-14.912915,0.27688378,0.72501993,-0.36805025,0.5120748
1.166669,-1.4118867,-14.985487,0.3128244,0.7184568,0.10696289,0.61198026
1.8982378,7.464369,-14.913083,0.27676773,0.72479784,-0.3682321,0.5123212
1.1688466,-1.4122838,-14.985422,0.31304696,0.7183407,0.1068994,0.6120139
1.8987855,7.464529,-14.912908,0.27659914,0.72455096,-0.36843947,0.51261216
1.1668577,-1.4125245,-14.985383,0.3130235,0.71859795,0.10698686,0.6117084
1.8989723,7.464702,-14.913124,0.27643344,0.7243617,-0.36864424,0.5128217
1.1688857,-1.4126842,-14.985357,0.31286642,0.7188087,0.10700966,0.61153716
1.8996171,7.464437,-14.913353,0.27627975,0.72406787,-0.36894548,0.5131028
1.1669604,-1.412783,-14.985341,0.31313583,0.71908987,0.10712787,0.61104774
1.9003011,7.464156,-14.913595,0.27616742,0.72384,-0.36925384,0.513263
1.1657214,-1.4128467,-14.985331,0.31292564,0.7193766,0.107214645,0.61080265
1.9010212,7.464413,-14.913297,0.27592236,0.72367287,-0.36961204,0.51337266
1.164898,-1.412889,-14.985324,0.31309417,0.7195072,0.107343994,0.61053973
1.9011472,7.4646564,-14.913014,0.27570638,0.72356975,-0.36990467,0.5134233
1.1673017,-1.415887,-14.985319,0.31335616,0.7196008,0.10770852,0.6102307
1.9012644,7.4643345,-14.9133,0.27562773,0.7234482,-0.3700771,0.51351243
1.1660482,-1.4150271,-14.985316,0.31329945,0.7200873,0.107822664,0.60966563
1.9020267,7.465252,-14.912976,0.27543372,0.7233759,-0.37037617,0.51350284
1.1625065,-1.4144523,-14.985314,0.31324434,0.72060037,0.10803266,0.60905015
1.902834,7.465504,-14.913355,0.27536863,0.7232436,-0.3705842,0.51357394
1.1600882,-1.4140596,-14.985313,0.31334,0.72097045,0.10858289,0.6084649
1.9028622,7.4657435,-14.9137125,0.27534002,0.7232203,-0.37079117,0.5134728
1.1559647,-1.4113464,-14.987752,0.31342927,0.72153074,0.10876187,0.6077223
1.9037087,7.4659886,-14.91408,0.27518252,0.7231541,-0.37097985,0.513514
1.1553597,-1.4117411,-14.987164,0.31362146,0.72195715,0.10916529,0.60704404
1.9045559,7.4662337,-14.914447,0.27512914,0.72309357,-0.37112638,0.5135221
1.1505196,-1.4142276,-14.988941,0.31409073,0.7227419,0.10996613,0.60572165
1.9044268,7.467378,-14.914788,0.2751532,0.7230904,-0.37115335,0.5134942
1.1469749,-1.4160485,-14.988151,0.3144869,0.7234174,0.110592216,0.60459465
1.9034457,7.4674907,-14.915951,0.27536723,0.7231041,-0.37112302,0.51338196
1.1423529,-1.4154148,-14.98955,0.31474486,0.7241272,0.11092929,0.60354805
1.902598,7.4667616,-14.916957,0.27554193,0.7231187,-0.37109336,0.5132892
1.1388699,-1.4149371,-14.990604,0.3150291,0.7246883,0.111334905,0.6026509
1.9026473,7.4661283,-14.917044,0.27565303,0.72307575,-0.3709939,0.5133619
1.1362108,-1.416366,-14.991409,0.31532028,0.7252654,0.111660615,0.60174346
1.9026903,7.466322,-14.91712,0.27577025,0.7230426,-0.37096223,0.5133685
1.1324522,-1.4174701,-14.992033,0.31555328,0.7258512,0.112065114,0.6008392
1.902728,7.4657826,-14.917895,0.2760163,0.7229915,-0.37087113,0.51337415
1.1295146,-1.4199518,-14.9909,0.31595528,0.7265202,0.1126906,0.5997012
1.9020878,7.4653087,-14.918578,0.27626368,0.7230029,-0.37077403,0.51329505
1.1287315,-1.4203746,-14.991544,0.3161261,0.72706455,0.11310668,0.5988726
1.9021618,7.46489,-14.918542,0.2764013,0.7229978,-0.37070543,0.5132777
1.1266457,-1.4207121,-14.992057,0.31630513,0.72755146,0.11345161,0.59812105
1.9028834,7.4651427,-14.918507,0.27643085,0.7229527,-0.37068903,0.51333714
1.126353,-1.4223717,-14.991083,0.31648722,0.7278662,0.11378318,0.5975785
1.9029056,7.464717,-14.919142,0.27662045,0.7229371,-0.3705309,0.5133712
1.1247969,-1.4224024,-14.990292,0.31654742,0.7281949,0.1141232,0.5970811
1.902926,7.4649863,-14.919064,0.27666837,0.7229336,-0.3704675,0.5133961
1.1235212,-1.4224274,-14.989642,0.31664985,0.7284279,0.11434291,0.5967005
1.9029449,7.4652348,-14.918992,0.27671543,0.7229579,-0.37038603,0.5133952

