ICVP Direct Stim Program 4.0.1+v4.0.1 - RelativeLocations
Updated at: 2022-08-22--20-16-26
Subject ID: CKT
Tester ID: kstipp
Direct Stimulation Input from the UI

UserID ; Time ; Electrodes ; Frequency (Hz) ; Cathodic Phase Duration (us) ; Train Length (ms) ; Duty On (ms); Duty Off (ms) ; Inter-train Length (ms) ; Amplitude (uA) ; Sent to Gateway ; Response ; Response Latency (ms) ; Response Duration (ms) ; Comments
kstipp ; 2022-08-22--20-16-26 ; 3000 , 3000-300F ; 200 ; 200 ; 1000 ; 1000 ; 0 ; 0 ; 40 ; True ;  ;  ;  ; can't tell

Position t,Position u,Position v,Orientation w,Orientation x,Orientation y,Orientation z
0.7760048,-1.3836441,-15.225607,0.1752758,0.7976708,0.32326895,0.4780136
0.9736016,-0.5199684,-14.946904,0.6380397,0.5130926,-0.5569556,0.13943423
0.7761289,-1.3832055,-15.225607,0.17510417,0.7975885,0.32329667,0.47819507
0.9748285,-0.5198044,-14.946897,0.6380798,0.51276135,-0.5571789,0.13957675
0.776248,-1.3832512,-15.225607,0.17499042,0.7975182,0.32328445,0.4783621
0.9741458,-0.5196766,-14.94689,0.63804704,0.5124669,-0.5574835,0.13959178
0.776887,-1.3832991,-15.225607,0.17489319,0.7974062,0.32326642,0.4785965
0.9752498,-0.51956755,-14.946886,0.6379792,0.5120391,-0.5579245,0.1397094
0.7776094,-1.3827392,-15.225607,0.1747663,0.7973377,0.3232046,0.4787987
0.9761855,-0.5194751,-14.946881,0.63786024,0.5116592,-0.5584083,0.13971213
0.77910566,-1.3828435,-15.225607,0.17474698,0.7972352,0.32312882,0.47902748
0.9769697,-0.5193976,-14.9468775,0.63786143,0.511158,-0.5588852,0.13963415
0.7798653,-1.382149,-15.225607,0.17467593,0.7971707,0.32303184,0.4792261
0.975893,-0.5193376,-14.946875,0.6380212,0.51062346,-0.5592251,0.13949947
0.78139937,-1.3807466,-15.225608,0.17463446,0.7971427,0.32270673,0.4795069
0.9807349,-0.5192409,-14.946871,0.63774437,0.50960255,-0.560486,0.13943814
0.78111726,-1.3801244,-15.225608,0.17461693,0.7971666,0.3225156,0.4796021
0.98067844,-0.52102906,-14.946868,0.6378405,0.50904566,-0.5609113,0.13932148
0.7808645,-1.3795671,-15.225608,0.17460115,0.797191,0.32231933,0.47969896
0.9806333,-0.52066,-14.946867,0.6378119,0.50858927,-0.56137425,0.13925509
0.78265774,-1.3800519,-15.225608,0.17471033,0.7971432,0.32214686,0.47985464
0.9805973,-0.52212906,-14.946866,0.6377242,0.50806487,-0.5619453,0.13926761
0.7832439,-1.3804853,-15.225608,0.17480019,0.79712427,0.32202023,0.47993836
0.98243266,-0.52339864,-14.946864,0.6376449,0.50741404,-0.56258094,0.13943727
0.78379893,-1.3798181,-15.225608,0.17484501,0.7971381,0.32176915,0.48006746
0.9839469,-0.5225351,-14.946863,0.6375522,0.5069352,-0.5631284,0.13939309
0.7842876,-1.3802991,-15.225608,0.17490798,0.7971379,0.32166237,0.48011634
0.98518413,-0.5218295,-14.946863,0.6373425,0.5065425,-0.5636544,0.13965328
0.78587955,-1.3807522,-15.225608,0.17508203,0.79711944,0.32155842,0.4801532
0.9861865,-0.5212579,-14.946863,0.6373728,0.5056523,-0.56430346,0.1401193
0.7850632,-1.3811319,-15.225608,0.17517665,0.79717803,0.3215061,0.4800564
0.9850612,-0.52270806,-14.946863,0.6376549,0.5049388,-0.5644894,0.14065821
0.7843745,-1.3814522,-15.225608,0.17524977,0.7972484,0.32143122,0.479963
0.9880468,-0.5239266,-14.948829,0.63751006,0.5045152,-0.5649224,0.14109612
0.7847601,-1.3817242,-15.225608,0.17529875,0.79726934,0.32136828,0.47995254
0.9884584,-0.5249011,-14.948424,0.6376989,0.5041538,-0.5649549,0.1414045
0.7850966,-1.38102,-15.225608,0.17525788,0.7973365,0.32116994,0.4799886
0.9887818,-0.5256667,-14.950061,0.63780195,0.5039431,-0.56496507,0.14164974
0.78541446,-1.3803545,-15.225608,0.17523202,0.7973541,0.32100683,0.480078
0.989039,-0.52627563,-14.949411,0.63780826,0.5038513,-0.56499124,0.14184359
0.7857118,-1.3797321,-15.225608,0.17513606,0.7973775,0.32085,0.48017904
0.9892352,-0.5248732,-14.948916,0.63784134,0.50377554,-0.5650232,0.14183582
0.7859874,-1.3791553,-15.225608,0.17504178,0.79735154,0.32068208,0.48036852
0.989393,-0.5256084,-14.948518,0.63797086,0.50369436,-0.5648952,0.14205144
0.7862405,-1.3786254,-15.225608,0.17500803,0.7972782,0.32054785,0.48059213
0.98951995,-0.52620035,-14.948197,0.637998,0.5035708,-0.5649763,0.14204572
0.7864712,-1.3781424,-15.225608,0.17490336,0.79720026,0.32047197,0.48081014
0.9915973,-0.5267056,-14.947924,0.63775116,0.5034808,-0.56526786,0.14231256
0.7866799,-1.3777055,-15.225608,0.17478403,0.7971012,0.32030842,0.48112664
0.99326134,-0.5251269,-14.947704,0.6373996,0.50362456,-0.565515,0.14239727
0.78686756,-1.3773128,-15.225608,0.17468417,0.7969745,0.32020155,0.48144382
0.99462974,-0.5258838,-14.947524,0.637326,0.50362706,-0.5655186,0.14270283
0.7883315,-1.376941,-15.225609,0.17456359,0.7967368,0.32020867,0.48187605
0.9936994,-0.5244968,-14.947389,0.6371548,0.50384414,-0.56548756,0.14282429
0.78959537,-1.377902,-15.225609,0.17450315,0.79647714,0.32034367,0.48223734
0.99487156,-0.52342683,-14.947286,0.63683665,0.5039853,-0.5656897,0.1429443
0.78941023,-1.3774569,-15.225609,0.17431186,0.79628813,0.32045925,0.48254177
0.99583757,-0.5244837,-14.9472,0.63678163,0.5039775,-0.5656957,0.14319296
0.7905196,-1.3783407,-15.225609,0.17423402,0.79608923,0.32056636,0.48282677
0.9966247,-0.5253448,-14.947131,0.63682,0.50392795,-0.56565493,0.14335759
0.79156727,-1.3764114,-15.225609,0.17400159,0.7959117,0.32056907,0.48320132
0.99533886,-0.5259945,-14.947078,0.6368984,0.50393033,-0.56553644,0.14346886
0.7925032,-1.3761299,-15.225609,0.17392041,0.7956817,0.32070747,0.4835175
0.9961444,-0.5247012,-14.947039,0.6367765,0.50400025,-0.56561106,0.14346974
0.79480565,-1.3773675,-15.225609,0.1736542,0.7953075,0.321086,0.48397732
0.99506533,-0.52370155,-14.947006,0.63682514,0.50405496,-0.56556904,0.14322722
0.7952858,-1.3753762,-15.225609,0.17334767,0.7950587,0.32128704,0.48436245
0.99585277,-0.52455235,-14.946981,0.63665646,0.5038672,-0.5658804,0.14340752
0.7972424,-1.3767904,-15.225609,0.1732678,0.7947176,0.32155636,0.48477197
0.9965217,-0.52527505,-14.94696,0.63657236,0.5037596,-0.56607896,0.14337547
0.79733396,-1.3764246,-15.225609,0.17314938,0.7944591,0.32177445,0.48509315
0.9970846,-0.5258832,-14.946943,0.63647026,0.5036433,-0.5662479,0.14357084
0.797411,-1.3761165,-15.225609,0.17293656,0.79424,0.32191932,0.48543167
0.9993778,-0.52459854,-14.946928,0.6362489,0.50364083,-0.5664935,0.14359143
0.7974738,-1.3758655,-15.227136,0.172805,0.79398257,0.32210472,0.4857765
0.9994294,-0.523589,-14.946917,0.636223,0.5035233,-0.56662387,0.14360408
0.7975266,-1.3756542,-15.226893,0.1726592,0.79381835,0.322227,0.4860155
0.9994706,-0.5227843,-14.946907,0.63622874,0.50344896,-0.56665826,0.14370382
0.80064774,-1.3735858,-15.229522,0.17233618,0.7933126,0.32233813,0.4868814
0.99953073,-0.52300453,-14.946893,0.63607556,0.5033599,-0.56679326,0.14416009
0.80379003,-1.3737679,-15.230616,0.17221661,0.79293424,0.32237202,0.48751727
1.0012954,-0.5240302,-14.946887,0.6360084,0.50311434,-0.5669705,0.1446164
0.8064772,-1.3739234,-15.23155,0.17212616,0.7926988,0.3222651,0.48800257
1.0028158,-0.5249139,-14.946882,0.63598907,0.5029257,-0.56706893,0.14497072
0.8048056,-1.3740412,-15.230406,0.17203417,0.79262686,0.32222015,0.48818147
1.0022435,-0.5255949,-14.946878,0.6360491,0.502811,-0.5670621,0.14513196
0.8052842,-1.3741316,-15.229527,0.17200081,0.792513,0.32208338,0.4884682
1.0035794,-0.52617866,-14.946875,0.63584185,0.50279826,-0.5672681,0.14527905
0.80566233,-1.374203,-15.230536,0.17212325,0.7924539,0.32193175,0.48862088
1.0028721,-0.5248927,-14.946873,0.63583374,0.50278145,-0.5673163,0.14518456
0.80784035,-1.372425,-15.231435,0.17219537,0.7923705,0.32167372,0.4889006
1.0039992,-0.52386487,-14.946871,0.6357333,0.50279176,-0.567355,0.14543754
0.80601424,-1.3728089,-15.232124,0.17214195,0.79246545,0.32155257,0.48884514
1.0032736,-0.5230604,-14.946869,0.63572365,0.502678,-0.56745607,0.14547828
0.8045951,-1.3731073,-15.23266,0.1721894,0.7924912,0.32156098,0.48878118
1.0026996,-0.5239513,-14.946868,0.63584644,0.5024939,-0.5674158,0.14573465
0.8034801,-1.3717628,-15.233082,0.17215545,0.7926222,0.3212652,0.48877516
1.002241,-0.52321213,-14.946867,0.6358877,0.5024021,-0.5674366,0.14579006
0.8040947,-1.3706954,-15.233417,0.17218937,0.7926526,0.3211767,0.48877206
1.0018711,-0.52399445,-14.946866,0.6359919,0.50245965,-0.5672602,0.1458236
0.8045995,-1.3698186,-15.233691,0.17218956,0.79267603,0.3211461,0.4887542
1.0002605,-0.52594054,-14.946864,0.6362054,0.50242,-0.5670038,0.14602594
0.80655384,-1.3705599,-15.233932,0.17232004,0.7925631,0.32126257,0.48881486
1.000183,-0.52629346,-14.946864,0.6361751,0.5024701,-0.5669571,0.14616682
0.8052475,-1.3711536,-15.234125,0.17230962,0.79261506,0.32128143,0.48872185
1.0001189,-0.5265853,-14.946864,0.63632816,0.5025824,-0.5666579,0.14627461
0.8055555,-1.3716333,-15.234281,0.17239588,0.7925444,0.32140473,0.48872498
0.9989427,-0.5257057,-14.947988,0.6364911,0.5030346,-0.56613207,0.1460472
0.8058067,-1.3720243,-15.234407,0.1723824,0.79253983,0.32144213,0.48871252
0.9990225,-0.5260343,-14.94893,0.6364694,0.50358284,-0.56566983,0.1460435
0.80602837,-1.3710476,-15.23452,0.17232487,0.7924799,0.32144612,0.48882738
0.9990899,-0.5263118,-14.949725,0.63650656,0.50414693,-0.56507695,0.14623044
0.8062161,-1.3715183,-15.234615,0.17224401,0.7925295,0.32140288,0.48880386
0.9981845,-0.52558506,-14.950401,0.6365238,0.5046298,-0.5646399,0.14617796
0.80774826,-1.3719455,-15.234702,0.17207718,0.792394,0.32120138,0.48921463
0.99741054,-0.5258783,-14.950064,0.63661313,0.5052995,-0.56393933,0.14618023
0.8064103,-1.3710003,-15.234773,0.17185387,0.7923807,0.32105,0.489414
0.9967452,-0.5252616,-14.949775,0.6365738,0.50582606,-0.5634957,0.14624111
0.8053103,-1.3702233,-15.23483,0.17163631,0.7923599,0.3208272,0.48967007
0.9961703,-0.52472866,-14.950349,0.6365073,0.5062364,-0.5632217,0.14616661
0.8055664,-1.3695794,-15.234879,0.1714464,0.79217273,0.32066855,0.49014315
0.996455,-0.5242659,-14.950064,0.6364086,0.5066139,-0.56297165,0.14625126
0.8057918,-1.3690127,-15.2349205,0.17128809,0.7919723,0.32056054,0.49059287
0.9959586,-0.52386206,-14.949816,0.6363915,0.5069126,-0.5627156,0.14627594
0.8072824,-1.3684702,-15.234961,0.1711349,0.79173106,0.32048097,0.49108738
0.9962312,-0.52421576,-14.949598,0.63631827,0.5071012,-0.5626128,0.14633657
0.8086698,-1.3679652,-15.234998,0.17097697,0.79144424,0.32041508,0.49164745
0.9957988,-0.5245271,-14.949408,0.6363096,0.507292,-0.5624443,0.14636032
0.8099671,-1.3660017,-15.235033,0.17062691,0.79134816,0.32009944,0.4921291
0.9947782,-0.5241635,-14.949238,0.63632387,0.5074332,-0.56232435,0.14626992
0.81110543,-1.3658278,-15.235064,0.1705376,0.79114074,0.31997317,0.49257547
0.9944798,-0.523841,-14.949088,0.63626844,0.5075284,-0.5623033,0.1462613
0.8120909,-1.3656772,-15.23509,0.17049758,0.79096806,0.3199904,0.49285525
0.99421406,-0.5241304,-14.948955,0.6362204,0.5075356,-0.56236064,0.14622524
0.8113357,-1.3640014,-15.235111,0.17035706,0.7909296,0.31986812,0.49304494
0.99397683,-0.5238413,-14.948834,0.6361391,0.50758225,-0.56242406,0.14617297
0.8107139,-1.3626218,-15.235129,0.17030646,0.7910077,0.31962237,0.4930965
0.99428445,-0.5230621,-14.948728,0.6360133,0.5076034,-0.56256497,0.14610472
0.81172585,-1.3629903,-15.235145,0.17056909,0.7909143,0.31958416,0.4931802
0.9940667,-0.5233503,-14.948631,0.636044,0.5075563,-0.562573,0.14610352
0.8110517,-1.3617882,-15.235157,0.17065738,0.79106545,0.3194312,0.49300632
0.99434,-0.5231405,-14.9485445,0.63598084,0.5075134,-0.5626949,0.14605853
0.8119877,-1.3622787,-15.2351675,0.17083135,0.7910453,0.31944543,0.49296924
0.99414086,-0.5233969,-14.948466,0.6359895,0.50745916,-0.56271607,0.14612754
0.81130826,-1.3626717,-15.235176,0.17089048,0.79117703,0.31939116,0.49277255
0.99438417,-0.5232055,-14.948396,0.635936,0.5074288,-0.562817,0.14607705
0.8114883,-1.3632662,-15.235189,0.17105354,0.79117334,0.31960562,0.49258283
0.9944239,-0.52326,-14.948273,0.6358914,0.5073408,-0.56296265,0.14601603
0.8122466,-1.3634927,-15.235194,0.17115413,0.7910846,0.3197598,0.4925903
0.9946219,-0.5231011,-14.948219,0.6358246,0.50728357,-0.56308913,0.146018
0.8129409,-1.3623053,-15.235198,0.17121135,0.79104364,0.31968224,0.49268657
0.99445766,-0.5226107,-14.948171,0.63578874,0.5072323,-0.5632065,0.14589958
0.81350476,-1.3639913,-15.235202,0.17138122,0.7910247,0.3196926,0.49265125
0.99463516,-0.5224895,-14.948126,0.63575673,0.5071538,-0.56331724,0.14588398
0.8139752,-1.3641155,-15.235206,0.1713394,0.7911084,0.3196626,0.49255067
0.994798,-0.5223782,-14.948085,0.63575935,0.5070473,-0.5634245,0.14582843
0.8144016,-1.3628868,-15.235208,0.17121549,0.7911052,0.31972378,0.49255922
0.9949477,-0.52227587,-14.948048,0.6357381,0.5069768,-0.5635193,0.14580013
0.81476796,-1.3631704,-15.23521,0.17120779,0.79111874,0.31975403,0.4925205
0.99480444,-0.5221817,-14.948012,0.635742,0.5069257,-0.5635622,0.1457948
0.81508297,-1.3634143,-15.235212,0.17123222,0.7910911,0.3197842,0.4925368
0.9949394,-0.52209485,-14.94798,0.63571626,0.5068606,-0.56365055,0.14579216
0.8153634,-1.3622477,-15.235213,0.17110029,0.7911039,0.31981993,0.492539
0.99506396,-0.5220146,-14.947951,0.6357168,0.50680566,-0.56369996,0.14578962
0.8170594,-1.3626499,-15.235215,0.17099416,0.79102,0.31995237,0.49262452
0.9951793,-0.5221814,-14.947924,0.63573074,0.5067293,-0.5637474,0.14581104
0.8170552,-1.3629835,-15.235216,0.17101042,0.7909638,0.32002953,0.4926589
0.99529916,-0.5220977,-14.947896,0.63571054,0.506643,-0.56385696,0.14577518
0.81571156,-1.3632537,-15.235217,0.1708567,0.79095876,0.32015148,0.4926412
0.9951657,-0.5220204,-14.94787,0.63573664,0.50658315,-0.5638928,0.14573063
0.81716055,-1.3634748,-15.235218,0.17081773,0.79083633,0.3202381,0.49279493
0.99527425,-0.5221809,-14.947845,0.63575184,0.5065182,-0.56393486,0.14572743
0.81854546,-1.3622825,-15.236623,0.17072535,0.7906329,0.32016984,0.4931975
0.9951543,-0.5223297,-14.948044,0.6357599,0.5059765,-0.5644873,0.14543512
0.81967133,-1.363986,-15.236428,0.17083555,0.79041475,0.32025114,0.49345624
0.9954837,-0.52225333,-14.948241,0.6355702,0.50529623,-0.5653944,0.14510518
0.82068247,-1.3641218,-15.237648,0.170847,0.79017377,0.32032144,0.4937924
0.99559456,-0.52216846,-14.948204,0.63539636,0.50454193,-0.5663236,0.14486773
0.82156795,-1.3642408,-15.237288,0.17088835,0.79001546,0.32031527,0.49403545
0.9960478,-0.5223838,-14.94816,0.6351155,0.5036943,-0.56740934,0.1448
0.81957114,-1.3629805,-15.236998,0.17073104,0.79008365,0.32026285,0.49401468
0.9971958,-0.5222165,-14.948094,0.6348003,0.50287294,-0.5685065,0.14473325
0.81923056,-1.3632408,-15.236759,0.170672,0.7900517,0.32023212,0.4941061
0.9978966,-0.5225908,-14.948023,0.634741,0.502083,-0.5692282,0.14489964
0.82017475,-1.3634549,-15.236563,0.17070258,0.7899419,0.320283,0.4942381
0.9986699,-0.52235043,-14.947944,0.6345951,0.50127095,-0.57012385,0.14482866
0.8209574,-1.3647956,-15.236402,0.17085719,0.7897454,0.32043564,0.4943997
0.9994707,-0.5228275,-14.947862,0.6345735,0.5005225,-0.57075316,0.14503317
0.82050604,-1.3648101,-15.236266,0.17080297,0.7896246,0.32047287,0.4945873
1.0012571,-0.5233648,-14.94777,0.6345536,0.4992866,-0.5718001,0.14525601
0.8211988,-1.3648227,-15.236149,0.17072713,0.78931487,0.32050294,0.49508807
1.0031567,-0.52393615,-14.947672,0.6340904,0.4982508,-0.57314825,0.145522
0.8231219,-1.3648355,-15.237259,0.17078267,0.7887846,0.32074007,0.49576005
1.0050801,-0.5245147,-14.947572,0.6338381,0.49740905,-0.5741034,0.14573559
0.82501465,-1.3634627,-15.238351,0.17038776,0.78847486,0.32093138,0.4962646
1.0069433,-0.52377784,-14.947475,0.6335679,0.4968971,-0.574836,0.14576872
0.82524943,-1.3636731,-15.239286,0.1701198,0.78823113,0.32110205,0.49663314
1.0086862,-0.52449137,-14.947387,0.63343453,0.49656504,-0.57520175,0.14603685
0.8269064,-1.3625437,-15.240871,0.16972986,0.7876362,0.3214368,0.4974931
1.0149502,-0.5258116,-14.94722,0.6329732,0.4963389,-0.5758062,0.14642374
0.82842803,-1.3629309,-15.241517,0.1695731,0.78718114,0.32161972,0.4981483
1.015676,-0.52633834,-14.947154,0.6329287,0.4963169,-0.57578653,0.14676723
0.83248603,-1.3603652,-15.242635,0.16920073,0.786461,0.32158628,0.49943224
1.0183142,-0.5256433,-14.947051,0.6325382,0.4959313,-0.5764305,0.14722581
0.8332167,-1.3593851,-15.243062,0.16899543,0.7861567,0.32154855,0.50000477
1.020387,-0.52625877,-14.947012,0.6324557,0.49579108,-0.57654226,0.14761488
0.835843,-1.3585392,-15.24343,0.16881873,0.78589374,0.32146338,0.5005323
1.020095,-0.52485746,-14.946983,0.632334,0.4956811,-0.57675445,0.1476768
0.8380335,-1.3578336,-15.243738,0.16856295,0.78571486,0.321514,0.5008667
1.0217874,-0.52368873,-14.946959,0.63219917,0.49555364,-0.57695603,0.14789407
0.8398124,-1.3572606,-15.243988,0.16861086,0.78564036,0.3212907,0.5011108
1.0231751,-0.5247182,-14.9469385,0.63219154,0.49545443,-0.5769972,0.14809808
0.8412277,-1.3568047,-15.244186,0.16861364,0.78556925,0.3210823,0.5013548
1.0242993,-0.5255522,-14.946922,0.6322699,0.49525037,-0.57705766,0.14821036
0.84012353,-1.3564728,-15.24433,0.16850713,0.78572625,0.3210266,0.5011803
1.0232131,-0.5261772,-14.94691,0.63238573,0.4951491,-0.5769974,0.14828935
0.8414266,-1.3562092,-15.244446,0.16858794,0.7857016,0.32084915,0.5013052
1.0242611,-0.52476484,-14.946901,0.6321532,0.49513796,-0.5772611,0.14829154
0.84031206,-1.3539436,-15.24453,0.16850689,0.7858616,0.32047662,0.5013198
1.0251149,-0.5255512,-14.946893,0.6322083,0.49493787,-0.5773235,0.14848159
0.83751327,-1.3522553,-15.244594,0.16894749,0.78648996,0.31960505,0.5007425
1.0257754,-0.52803653,-14.948763,0.6322896,0.49449828,-0.57744455,0.14912808
0.83726853,-1.3509798,-15.24464,0.1691716,0.7867212,0.31900337,0.50068706
1.0244975,-0.5281535,-14.950193,0.63238406,0.4944654,-0.57728726,0.14944531
0.8370813,-1.3517799,-15.244677,0.16939123,0.7868559,0.31885934,0.50049293
1.0235084,-0.528244,-14.9513,0.6324654,0.4943657,-0.5772357,0.14962998
0.8369363,-1.3523998,-15.244704,0.1695595,0.78696793,0.31869036,0.50036746
1.0260651,-0.5300011,-14.952206,0.632292,0.49438283,-0.57729393,0.15008062
0.8352196,-1.3528851,-15.244727,0.16961561,0.7870241,0.3186073,0.500313
1.0264914,-0.5314514,-14.952953,0.63222796,0.49443725,-0.5772418,0.15037139
0.83538365,-1.3532693,-15.244744,0.16953312,0.7870275,0.31855178,0.500371
1.0252255,-0.530988,-14.95194,0.6322538,0.49456802,-0.57710445,0.15036003
0.83551484,-1.3535764,-15.244759,0.16957417,0.78702813,0.31848058,0.5004014
1.0242231,-0.53062105,-14.951137,0.632157,0.4948024,-0.5769875,0.15044472
0.83709574,-1.3523734,-15.24477,0.1695642,0.7869986,0.31831235,0.5005581
1.0248652,-0.53032756,-14.951938,0.6320598,0.49486384,-0.5770295,0.15048991
0.83697206,-1.3528056,-15.24478,0.16957216,0.7870062,0.31817034,0.5006338
1.0253835,-0.5300906,-14.951214,0.63196206,0.4949692,-0.57703274,0.15054116
0.83686984,-1.3531628,-15.244788,0.16962583,0.7870386,0.31802034,0.50066
1.0258292,-0.5298869,-14.950591,0.63193274,0.49497706,-0.57704157,0.1506046
0.8367822,-1.3520987,-15.244795,0.1695083,0.7871054,0.31782964,0.50071585
1.0248852,-0.529721,-14.950084,0.63193446,0.4950129,-0.57703894,0.15048964
0.8367069,-1.3511839,-15.244801,0.16945283,0.78715676,0.3176893,0.5007429
1.025356,-0.5295837,-14.949664,0.63188744,0.49501806,-0.5770475,0.15063725
0.83804613,-1.3517872,-15.244807,0.16961433,0.78702575,0.31770995,0.50088114
1.0257728,-0.5294621,-14.949292,0.6318463,0.49505112,-0.57706356,0.15063986
0.8377974,-1.3522764,-15.244811,0.16964154,0.78700584,0.31756788,0.5009933
1.02614,-0.529355,-14.948965,0.6317022,0.49504483,-0.57715267,0.1509237
0.8389961,-1.3512994,-15.244815,0.16958787,0.7867651,0.31750628,0.5014285
1.0264622,-0.529261,-14.948677,0.6316683,0.49474984,-0.57739097,0.1511207
0.83963424,-1.3523518,-15.244821,0.16958283,0.78644043,0.31744614,0.50197726
1.0258514,-0.52912015,-14.948247,0.6314843,0.4941631,-0.5780373,0.15133856
0.83918095,-1.3527488,-15.244823,0.16967508,0.78631234,0.3174599,0.502138
1.0261848,-0.52906305,-14.9480715,0.6314483,0.49383435,-0.5783235,0.15146847
0.84217924,-1.3520052,-15.244826,0.17007726,0.78600883,0.31726226,0.50260186
1.0268693,-0.53014344,-14.948967,0.63138443,0.49306217,-0.57891107,0.15200484
0.84273344,-1.3525019,-15.244828,0.17016216,0.7859701,0.31703937,0.5027742
1.027065,-0.5311212,-14.949869,0.6313367,0.4926067,-0.57930166,0.15219171
0.8436236,-1.3520403,-15.24483,0.17036825,0.78580564,0.31682113,0.5030989
1.0286362,-0.5315566,-14.950403,0.6309666,0.4913905,-0.58062154,0.15262766
0.8455456,-1.3525703,-15.244831,0.1705205,0.78559256,0.31656802,0.5035393
1.0299481,-0.5324875,-14.951243,0.63068324,0.4906518,-0.5814056,0.15318966
0.8455968,-1.353006,-15.244833,0.1705576,0.7854117,0.31630835,0.5039719
1.0311506,-0.53334075,-14.952014,0.63060635,0.490175,-0.5817792,0.15361376
0.8473068,-1.3517414,-15.246496,0.17029892,0.78515995,0.31603196,0.5046246
1.0338879,-0.5341565,-14.952751,0.6303023,0.4894455,-0.5825775,0.15416116
0.84877735,-1.3523835,-15.247928,0.17028823,0.7848705,0.315834,0.50520205
1.0345856,-0.53324926,-14.953366,0.63005054,0.48910183,-0.5830484,0.1545007
0.8482692,-1.3512161,-15.249067,0.1700788,0.78469044,0.31573743,0.5056126
1.0351812,-0.5340992,-14.953891,0.630115,0.48858917,-0.5833217,0.15482768
0.8478582,-1.3502718,-15.249989,0.16962692,0.7846154,0.31557164,0.50598407
1.037474,-0.5348634,-14.954362,0.62984014,0.48821983,-0.58376735,0.15543039
0.85115564,-1.3493967,-15.250841,0.16948743,0.78429335,0.3155715,0.50653
1.0375903,-0.53548807,-14.954748,0.62988096,0.48778218,-0.5840013,0.15575999
0.8520118,-1.3486644,-15.251555,0.16927198,0.78412807,0.315665,0.50679964
1.0376854,-0.5359988,-14.955064,0.62997025,0.48741677,-0.58409476,0.1561915
0.8527173,-1.3480608,-15.252145,0.16906705,0.78397614,0.31573403,0.50706
1.0396329,-0.5364413,-14.955338,0.6298553,0.48705676,-0.5844722,0.15636633
0.8513934,-1.3457465,-15.25259,0.16867435,0.7840678,0.31548384,0.5072048
1.039346,-0.53859824,-14.95555,0.62998444,0.48690146,-0.5843464,0.15679872
0.85416466,-1.3457366,-15.252966,0.16845407,0.7838466,0.31564552,0.50751925
1.0391173,-0.53853923,-14.955721,0.62986964,0.48677608,-0.5845924,0.15673232
0.85443264,-1.3457288,-15.253269,0.16827162,0.783676,0.31581587,0.5077371
1.0408024,-0.5403706,-14.955869,0.62983465,0.48657885,-0.5847082,0.15705316
0.8567543,-1.3436285,-15.253526,0.16798852,0.7833502,0.3159219,0.50826734
1.0402913,-0.5417981,-14.955983,0.6297734,0.4864018,-0.5848715,0.15723959
0.85647964,-1.3420035,-15.253725,0.16762707,0.78333414,0.3159036,0.50842285
1.0417298,-0.5411169,-14.956079,0.6295227,0.48627737,-0.5852723,0.15713629
0.85842854,-1.3406643,-15.253889,0.16740358,0.78316003,0.3158217,0.5088153
1.0429095,-0.5405583,-14.956156,0.6292386,0.48635897,-0.585459,0.1573265
0.859931,-1.3417993,-15.254016,0.16748789,0.78284264,0.31596673,0.5091858
1.0438703,-0.54010326,-14.95622,0.6291617,0.4860731,-0.5857785,0.15732817
0.86113083,-1.3404709,-15.254117,0.16735241,0.78270656,0.3160635,0.5093796
1.044657,-0.54169375,-14.956271,0.62929934,0.48584595,-0.58572316,0.15768473
0.8620735,-1.3394274,-15.254196,0.1669818,0.78278136,0.31588045,0.50949985
1.0452809,-0.5409987,-14.956312,0.62934345,0.48563844,-0.5858509,0.15767361
0.8628046,-1.3386179,-15.254256,0.16670631,0.78272015,0.31579086,0.5097395
1.0457842,-0.54242,-14.956345,0.62939817,0.48544434,-0.5858925,0.15789811
0.8611189,-1.3380352,-15.254301,0.16669033,0.7827715,0.31581193,0.50965273
1.0461773,-0.5415802,-14.95637,0.6293688,0.485283,-0.5860722,0.15784435
0.8619875,-1.3397105,-15.254334,0.16681238,0.7826369,0.31593254,0.5097449
1.0485355,-0.54088247,-14.956392,0.6292848,0.48528665,-0.5861125,0.15801789
0.8626679,-1.338916,-15.256466,0.16675504,0.78263724,0.31581432,0.5098363
1.0483682,-0.54034716,-14.9564085,0.6293373,0.48525804,-0.58611673,0.157881
0.8631736,-1.340331,-15.256044,0.1668506,0.78255606,0.3159326,0.50985646
1.0482383,-0.53993124,-14.956421,0.6291987,0.48523042,-0.58634555,0.15766853
0.86356556,-1.3414279,-15.257683,0.1669323,0.78249264,0.31593364,0.5099264
1.0501449,-0.539585,-14.956431,0.6290575,0.48530143,-0.5864012,0.15780634
0.8619956,-1.342257,-15.258921,0.16686672,0.7825728,0.31586623,0.5098666
1.049657,-0.5393221,-14.95644,0.62909085,0.48539284,-0.5863214,0.157689
0.8625819,-1.3410884,-15.259894,0.16662197,0.78266823,0.31568873,0.50991005
1.0474482,-0.5391226,-14.956446,0.6294003,0.48533422,-0.5860685,0.15757433
0.86130416,-1.3401885,-15.260644,0.16648224,0.7827885,0.31553382,0.509867
1.0474979,-0.53722245,-14.95645,0.62922406,0.4854063,-0.58617073,0.15767595
0.86030865,-1.3394872,-15.261229,0.16626081,0.7831884,0.31481826,0.5097674
1.0475366,-0.5374049,-14.956454,0.6294756,0.48496416,-0.5861518,0.15810211
0.8595085,-1.3373312,-15.261698,0.16600254,0.7834853,0.3143826,0.50966424
1.047567,-0.53912485,-14.956457,0.6297085,0.48471066,-0.5860418,0.15835987
0.8588467,-1.3355477,-15.262086,0.16587575,0.78371274,0.31394276,0.5096269
1.0475912,-0.53899306,-14.95646,0.62967163,0.4844208,-0.5863306,0.1583246
0.85829437,-1.3340591,-15.26241,0.16589302,0.7838924,0.31356525,0.5095774
1.047611,-0.5403436,-14.956462,0.6297269,0.4840438,-0.58655363,0.15843183
0.8594773,-1.332739,-15.262697,0.1659746,0.78402984,0.31323606,0.5095418
1.0491713,-0.5400123,-14.956464,0.6294621,0.48391318,-0.5869772,0.15831402
0.8588163,-1.3332924,-15.261334,0.166088,0.78413826,0.31312162,0.50940835
1.0504714,-0.5382053,-14.956465,0.6292915,0.48369318,-0.587422,0.15801439
0.8582922,-1.3322215,-15.261763,0.16598424,0.784343,0.3129009,0.50926256
1.0500528,-0.5382166,-14.956466,0.62946564,0.4834832,-0.5874303,0.15793253
0.85787255,-1.3327981,-15.260672,0.16603948,0.78448665,0.31281355,0.50907695
1.0497115,-0.53822577,-14.956467,0.6295535,0.48323548,-0.58761,0.15767168
0.85753334,-1.3319018,-15.2597885,0.16622928,0.7846459,0.31269345,0.50884336
1.0508912,-0.53823406,-14.956469,0.6295376,0.4827876,-0.58794475,0.15785968
0.8572567,-1.3324652,-15.260364,0.16638815,0.784689,0.3126751,0.50873625
1.0504253,-0.539654,-14.95647,0.62968457,0.4824654,-0.58797413,0.15814893
0.858259,-1.3329284,-15.259607,0.16662197,0.78463733,0.31271353,0.5087158
1.050047,-0.5408066,-14.95647,0.62979704,0.4822028,-0.58799267,0.1584325
0.85908943,-1.333312,-15.260148,0.16682751,0.7845731,0.31271118,0.50874895
1.0497379,-0.54047066,-14.95647,0.62973076,0.48203436,-0.5881956,0.15845525
0.859815,-1.3336474,-15.260621,0.16685545,0.78452027,0.31278598,0.50877523
1.050792,-0.54016656,-14.95647,0.62963104,0.48187432,-0.58836967,0.15869187
0.8592944,-1.332786,-15.261034,0.16677101,0.78447694,0.31286454,0.5088214
1.0503874,-0.5399178,-14.95647,0.6297622,0.4819606,-0.5882146,0.15848452
0.8588592,-1.3331624,-15.261378,0.16668436,0.78444356,0.3129784,0.5088312
1.0500536,-0.5409163,-14.95647,0.629839,0.48192552,-0.5881244,0.15862042
0.8584777,-1.3324075,-15.261682,0.16656862,0.7843982,0.31303,0.50890726
1.0497763,-0.54060256,-14.95647,0.6298434,0.48200855,-0.58800805,0.15878168
0.85922915,-1.3328254,-15.261951,0.16655952,0.7843082,0.31310853,0.50900066
1.0507112,-0.5403152,-14.95647,0.6296821,0.48197803,-0.5882015,0.1587976
0.85882443,-1.3331773,-15.262179,0.16650055,0.784233,0.31319413,0.5090832
1.0515689,-0.5400515,-14.95647,0.6296438,0.481924,-0.5882486,0.15893884
0.8584814,-1.3334755,-15.262371,0.1664923,0.7841898,0.31322914,0.50913084
1.0523459,-0.5398127,-14.95647,0.6294916,0.4819639,-0.588362,0.15900105
0.85915303,-1.3337406,-15.262543,0.16647485,0.7840849,0.3132701,0.5092729
1.0530415,-0.5395988,-14.95647,0.6292207,0.48203343,-0.5885815,0.1590499
0.85976964,-1.3339843,-15.2627,0.16646554,0.7839742,0.3133106,0.5094215
1.053658,-0.53940934,-14.95647,0.62907255,0.48208025,-0.5886741,0.15915145
0.8603194,-1.3332086,-15.261848,0.16647954,0.78389853,0.31325272,0.5095689
1.0528481,-0.53925514,-14.95647,0.6291423,0.48194268,-0.588705,0.15917815
0.86191815,-1.3335284,-15.2620945,0.16652793,0.783776,0.31318003,0.5097863
1.0534434,-0.5391256,-14.95647,0.6289256,0.48191607,-0.5889123,0.15934783
0.8615737,-1.3340279,-15.260601,0.16661619,0.7838146,0.3129989,0.50980914
1.0559459,-0.5388988,-14.95647,0.6288052,0.4819128,-0.5888931,0.15990286
0.8619089,-1.334224,-15.260931,0.16681376,0.783816,0.31294987,0.50977254
1.0561587,-0.5388039,-14.95647,0.62886375,0.4820272,-0.58875304,0.15984373
0.8613269,-1.3343925,-15.261214,0.16687234,0.7839064,0.31285894,0.50967014
1.0563401,-0.5387229,-14.95647,0.628998,0.48214254,-0.58849645,0.15991247
0.86165065,-1.3345382,-15.261459,0.16697368,0.7839634,0.31276783,0.50960535
1.0564859,-0.53724784,-14.95647,0.62896025,0.4822611,-0.58844966,0.15987594
0.8619571,-1.33382,-15.261691,0.1670157,0.78404015,0.31268525,0.5095241
1.0566064,-0.53875935,-14.95647,0.6290411,0.48221546,-0.5883527,0.16005252
0.86140907,-1.3340117,-15.261079,0.16710405,0.78415334,0.3126424,0.5093472
1.0567102,-0.53869087,-14.95647,0.6291227,0.48227757,-0.5882274,0.160005
0.86093247,-1.3341784,-15.261318,0.16715397,0.78420156,0.31263757,0.5092596
1.0554923,-0.53993756,-14.95647,0.6293461,0.48236817,-0.58789945,0.16005856
0.86051613,-1.334324,-15.261528,0.16718687,0.7842627,0.31260154,0.50917673
1.0557294,-0.53972405,-14.95647,0.6293872,0.48234245,-0.58785075,0.16015321
0.8604913,-1.3345644,-15.261874,0.16720818,0.78433025,0.3126475,0.5090374
1.0539337,-0.53940004,-14.95647,0.62956315,0.48250985,-0.5875252,0.16015215
0.8595339,-1.334664,-15.262017,0.16721253,0.7844023,0.31263623,0.5089319
1.0532482,-0.5403372,-14.95647,0.6297213,0.48255146,-0.5873285,0.16012694
0.8598795,-1.3347524,-15.262144,0.1670533,0.7843496,0.31279278,0.50896925
1.0516609,-0.54012144,-14.95647,0.629845,0.48329613,-0.58654606,0.16026214
0.8601874,-1.3348312,-15.26169,0.16689943,0.78429174,0.31295347,0.50900996
1.0512686,-0.5399379,-14.95647,0.6298241,0.4839892,-0.5859345,0.16048944
0.8604627,-1.3349016,-15.261823,0.16676885,0.78418475,0.31311524,0.50911814
1.050933,-0.539781,-14.95647,0.6297887,0.4845339,-0.5854606,0.1607143
0.86070955,-1.3349649,-15.261942,0.16657117,0.7840118,0.31334722,0.5093066
1.0506444,-0.53964597,-14.95647,0.6296831,0.4851105,-0.5850604,0.16084619
0.860955,-1.3344892,-15.26206,0.16634859,0.78386885,0.31351385,0.5094967
1.0503948,-0.53952926,-14.95647,0.6296383,0.48552212,-0.5847286,0.16098571
0.8611976,-1.3345829,-15.262177,0.1661561,0.7836673,0.31375003,0.5097241
1.0501779,-0.538648,-14.95647,0.62955546,0.4858734,-0.58449894,0.16108397
0.86211175,-1.3346847,-15.262305,0.16581671,0.78333,0.31405157,0.51016724
1.0492479,-0.53787875,-14.95647,0.629526,0.48611772,-0.58425057,0.16136284
0.86312294,-1.3340253,-15.262446,0.16542226,0.7829547,0.3143342,0.5106971
1.0491362,-0.5379081,-14.95647,0.62942475,0.48626247,-0.58416086,0.16164611
0.86328274,-1.3341925,-15.262578,0.1650034,0.7826438,0.31459448,0.5111486
1.0490379,-0.5379339,-14.95647,0.6294077,0.48632896,-0.58405596,0.16189139
0.8634362,-1.3335376,-15.262704,0.16450319,0.7823707,0.31478623,0.51160973
1.0489509,-0.5379567,-14.95647,0.6293573,0.48637962,-0.5839929,0.16216235
0.86447775,-1.3337731,-15.262829,0.1641797,0.78191227,0.31506792,0.5122407
1.0488738,-0.537977,-14.95647,0.62928003,0.4864052,-0.584001,0.16235639
0.864534,-1.3339851,-15.262941,0.16390984,0.78155893,0.31529817,0.5127244
1.0493783,-0.53856826,-14.95647,0.62914723,0.4864029,-0.5840676,0.16263776
0.8645847,-1.3341761,-15.263043,0.16371514,0.7812176,0.3155203,0.51317006
1.049829,-0.53855187,-14.95647,0.62900347,0.48639432,-0.5841899,0.16278033
0.86558455,-1.3343648,-15.2631445,0.16363445,0.78080624,0.31566316,0.5137336
1.0497156,-0.5385372,-14.95647,0.6288936,0.4863615,-0.58429945,0.16290975
0.8677335,-1.3345622,-15.26325,0.16358398,0.7804403,0.3157618,0.514245
1.0496137,-0.538524,-14.95647,0.6287793,0.48634818,-0.5843776,0.16311009
0.86858845,-1.3335702,-15.26335,0.16340056,0.78028554,0.31574133,0.51455045
1.0499887,-0.5385121,-14.95647,0.6286399,0.48633286,-0.5845084,0.16322435
0.8693834,-1.3326477,-15.263443,0.163382,0.7801189,0.3158103,0.51476675
1.0498842,-0.5385014,-14.95647,0.62855405,0.48630488,-0.5845803,0.16338098
0.8701104,-1.331804,-15.263527,0.16332252,0.78012425,0.31576502,0.51480514
1.0502108,-0.5384916,-14.95647,0.6284576,0.48621294,-0.58474725,0.16342825
0.8721987,-1.3324336,-15.263606,0.16344807,0.7800359,0.31567854,0.5149522
1.0505074,-0.5380824,-14.95647,0.62838155,0.4861493,-0.584873,0.16346
0.86986375,-1.3302588,-15.263669,0.16356684,0.7807705,0.31492808,0.5142603
1.0503973,-0.5384705,-14.956849,0.6285233,0.48591942,-0.5849283,0.1634009
0.8679553,-1.3297566,-15.2637205,0.16382213,0.7813577,0.31429455,0.5136744
1.0499353,-0.53846335,-14.956836,0.62865144,0.485796,-0.5849212,0.1633002
0.86759436,-1.3293428,-15.263764,0.1640295,0.7817604,0.31384832,0.51326823
1.0498563,-0.53845674,-14.957165,0.62872344,0.48569474,-0.58494663,0.16323267
0.86729467,-1.3289994,-15.2638,0.1642817,0.7820857,0.3134911,0.5129102
1.049784,-0.5384508,-14.957142,0.628819,0.48558107,-0.58494896,0.16319457
0.8659507,-1.3298055,-15.263828,0.16446146,0.78245115,0.31326997,0.5124301
1.0497175,-0.538755,-14.957121,0.6289233,0.48544815,-0.5849339,0.16324219
0.86585784,-1.3294454,-15.263853,0.16462623,0.78280544,0.31285775,0.5120878
1.0499507,-0.5387404,-14.957101,0.6289521,0.4853788,-0.58496386,0.16322982
0.86388415,-1.3288803,-15.263893,0.16496071,0.78355336,0.3122468,0.51120853
1.04982,-0.53871465,-14.957337,0.629154,0.4851707,-0.58494025,0.1631548
0.8631054,-1.3286574,-15.263908,0.16511168,0.78387463,0.31203073,0.51079905
1.0497649,-0.5387032,-14.957315,0.6292358,0.48511955,-0.5849002,0.16313523
0.8615882,-1.3293113,-15.263922,0.16548258,0.7841665,0.31185943,0.5103354
1.0497139,-0.53869265,-14.957294,0.6292774,0.4851507,-0.58478063,0.16331096
0.86107737,-1.3298776,-15.263933,0.1657711,0.7843098,0.31176323,0.5100802
1.0496666,-0.5386829,-14.957274,0.62928414,0.48517042,-0.58470196,0.16350806
0.86139625,-1.3303709,-15.263944,0.16604301,0.7843728,0.31169772,0.5099349
1.0496229,-0.53867376,-14.957256,0.629331,0.4851809,-0.58457696,0.16374347
0.8609497,-1.3308022,-15.263953,0.16612099,0.7844212,0.31170195,0.5098325
1.0497878,-0.5388708,-14.95724,0.62936574,0.4851308,-0.58449763,0.164041
0.86055756,-1.331181,-15.263961,0.16621976,0.78449214,0.311656,0.5097192
1.0497458,-0.53905404,-14.957225,0.62941635,0.48510817,-0.58439463,0.1642806
0.86021173,-1.3315151,-15.263968,0.16625278,0.78450346,0.31167486,0.5096795
1.0497054,-0.53923076,-14.95721,0.6294868,0.48509344,-0.58426076,0.16452986
0.85990554,-1.3311889,-15.263974,0.16618556,0.7845304,0.31163222,0.50968605
1.0496595,-0.53943086,-14.957192,0.62952006,0.48506787,-0.5841971,0.16470431
0.8596335,-1.3314899,-15.26398,0.16621566,0.7845195,0.31165195,0.5096809
1.0496169,-0.5394056,-14.957177,0.62947416,0.48505995,-0.58422637,0.16479942
0.8593909,-1.331197,-15.263985,0.16616689,0.78454953,0.31163472,0.50966114
1.0495775,-0.5393821,-14.957162,0.629447,0.48503733,-0.584236,0.16493551
0.8597071,-1.3314682,-15.263989,0.16625176,0.78446996,0.31167966,0.5097285
1.0495404,-0.53936005,-14.957148,0.6294015,0.4850215,-0.58423835,0.16514666
0.8594843,-1.3312049,-15.263993,0.1662671,0.7844507,0.31165835,0.5097661
1.0496962,-0.5393384,-14.957133,0.629265,0.48498842,-0.584357,0.16534404
0.85976505,-1.330968,-15.263996,0.16628654,0.7844005,0.3116752,0.5098267
1.0496567,-0.5393172,-14.957121,0.6292411,0.4849338,-0.58437365,0.16553642
0.86047554,-1.3312116,-15.264,0.16636573,0.784294,0.311749,0.50991964
1.0496181,-0.53929645,-14.957108,0.6291762,0.484882,-0.58440673,0.16581802
0.8606841,-1.3309973,-15.264002,0.16639347,0.7842353,0.31175768,0.50999546
1.0495802,-0.53946835,-14.957095,0.6291902,0.48475766,-0.5844202,0.16608088
0.86046076,-1.3312157,-15.264005,0.16643101,0.78418523,0.31180048,0.51003414
1.0495359,-0.5396693,-14.95708,0.6292907,0.48462364,-0.58435166,0.16633204
0.8602576,-1.3314143,-15.264007,0.166489,0.7841515,0.31182957,0.5100492
1.0494933,-0.5396367,-14.957291,0.6293552,0.48456332,-0.5843056,0.16642587
0.8604449,-1.3315953,-15.264009,0.1665398,0.78410417,0.31189448,0.51006573
1.0497577,-0.539915,-14.957587,0.62944216,0.48440963,-0.5842686,0.16667396
0.8606159,-1.3317606,-15.264011,0.16660254,0.7840643,0.31193465,0.51008195
1.0501001,-0.5402755,-14.957972,0.62956154,0.48427358,-0.5841934,0.16688146
0.86077243,-1.3319118,-15.264013,0.16662902,0.784038,0.31196332,0.5100962
1.0499728,-0.54068357,-14.958406,0.6297912,0.4841668,-0.58399165,0.16703074
0.86027735,-1.3320504,-15.264014,0.16686995,0.7842377,0.31170702,0.5098672
1.0498323,-0.54113317,-14.958885,0.6302392,0.48360422,-0.5840371,0.16681182
0.86012596,-1.3321778,-15.264015,0.1671329,0.78442276,0.31142482,0.50966877
1.0496819,-0.54161495,-14.959398,0.6305497,0.4831273,-0.5841627,0.16658027
0.8596986,-1.332295,-15.264016,0.16735142,0.7846157,0.31117427,0.50945306
1.0488011,-0.5420927,-14.959908,0.63093066,0.48268333,-0.58418185,0.16635776
0.8595785,-1.332403,-15.264017,0.16761571,0.78480583,0.31089726,0.50924236
1.0487095,-0.5425849,-14.960432,0.63118553,0.4822596,-0.5843302,0.16609837
0.8594676,-1.3325025,-15.264019,0.16800778,0.78508115,0.31051195,0.50892377
1.0486175,-0.54307944,-14.9609585,0.6313943,0.48187235,-0.58445615,0.16598609
0.8591181,-1.3325946,-15.26402,0.16845678,0.7854787,0.31001076,0.50846726
1.0485196,-0.54465604,-14.961519,0.6316715,0.48145267,-0.58452076,0.16592196
0.85879457,-1.3326797,-15.264021,0.16900073,0.7859131,0.30946574,0.50794715
1.0473564,-0.54501754,-14.962029,0.6319132,0.48113108,-0.5845641,0.16578174
0.8584947,-1.3325359,-15.264022,0.16947973,0.78639936,0.30882096,0.5074272
1.0473992,-0.5453539,-14.962503,0.6320622,0.48073745,-0.58475184,0.16569336
0.8581919,-1.332621,-15.264024,0.1700418,0.7868657,0.30831158,0.50682545
1.0474385,-0.545663,-14.96294,0.6321733,0.4804103,-0.5849068,0.1656711
0.8578174,-1.3330183,-15.263733,0.17058864,0.7873033,0.30785716,0.5062381
1.0474743,-0.54594404,-14.963337,0.6322522,0.4801351,-0.58505577,0.16564173
0.8573619,-1.3331352,-15.263745,0.17094961,0.78770447,0.30752605,0.5056932
1.0475065,-0.54619706,-14.963694,0.63228387,0.4798849,-0.58521473,0.16568467
0.8562846,-1.3332858,-15.263271,0.17137189,0.7879928,0.30729276,0.50524276
1.0487684,-0.5464146,-14.964001,0.63229436,0.47964245,-0.5853951,0.16570926
0.8549312,-1.3341244,-15.262675,0.1717035,0.78817064,0.3072517,0.5048777
1.0486224,-0.54796284,-14.964292,0.6323194,0.47947562,-0.58548385,0.16578291
0.8542539,-1.334271,-15.262778,0.17152774,0.78816116,0.3075919,0.504745
1.0498095,-0.54795307,-14.964536,0.63237417,0.47960016,-0.5852358,0.16608912
0.8535697,-1.3344191,-15.262883,0.17125288,0.7881487,0.30793458,0.50464875
1.049526,-0.54794466,-14.9647455,0.63251275,0.47971505,-0.5849218,0.16633616
0.8528998,-1.334564,-15.26215,0.17109896,0.7880365,0.30827063,0.504671
1.0480531,-0.54793775,-14.964918,0.6326724,0.47983944,-0.5845912,0.16653223
0.85224706,-1.3347052,-15.262327,0.17076692,0.7879231,0.30857825,0.50477266
1.0468204,-0.547932,-14.965063,0.6327609,0.4800509,-0.584287,0.16665405
0.85055053,-1.3348517,-15.262511,0.1705307,0.78789353,0.30877864,0.50477594
1.04694,-0.5492011,-14.965198,0.632842,0.48017657,-0.58403254,0.16687569
0.85003424,-1.3349879,-15.262682,0.17040233,0.7878046,0.30894926,0.5048538
1.0470419,-0.5490304,-14.965314,0.6328524,0.48031804,-0.5838649,0.16701579
0.84674156,-1.3352503,-15.263012,0.17019783,0.7878607,0.3091189,0.5047314
1.0448086,-0.54989094,-14.965507,0.6330545,0.4803806,-0.58357036,0.16709928
0.84524757,-1.3353693,-15.263161,0.17013429,0.7879217,0.3090886,0.50467604
1.0451735,-0.5496405,-14.965579,0.6330768,0.48038027,-0.5835395,0.1671236
0.8453345,-1.3368176,-15.263288,0.17017102,0.7879069,0.30911636,0.5046698
1.0454808,-0.5494296,-14.96564,0.63304424,0.4804136,-0.5835374,0.1671582
0.8454082,-1.3367163,-15.263394,0.1701802,0.787981,0.3090282,0.50460505
1.045742,-0.5492503,-14.965692,0.633092,0.48038784,-0.58351684,0.1671232
0.8440696,-1.336624,-15.263492,0.17013957,0.7881341,0.3089277,0.50444114
1.0447963,-0.55027294,-14.965741,0.6331937,0.48033106,-0.5834445,0.16715373
0.84285796,-1.338031,-15.26358,0.1701914,0.7882915,0.30884784,0.5042265
1.0451742,-0.5512069,-14.965785,0.6332951,0.4801988,-0.58343285,0.16718991
0.84330136,-1.3377445,-15.26365,0.17028585,0.7884358,0.3086845,0.5040691
1.0454868,-0.5508,-14.965822,0.6333509,0.4800689,-0.58348227,0.16717915
0.84222525,-1.3374912,-15.263713,0.17032371,0.78863037,0.30847493,0.5038802
1.0457474,-0.55046093,-14.965853,0.63335824,0.47992232,-0.5835888,0.16720082
0.83963454,-1.3372575,-15.26377,0.17042695,0.7888555,0.30822,0.5036489
1.0470306,-0.5501764,-14.9658785,0.6333719,0.47972518,-0.58374125,0.16718295
0.83907926,-1.337065,-15.2622385,0.17076498,0.7892689,0.30767816,0.5032178
1.0481145,-0.549936,-14.9659,0.6333939,0.47902647,-0.58425325,0.16731396
0.8401389,-1.3369122,-15.2610235,0.17106518,0.78948855,0.30731136,0.50299543
1.0480753,-0.5497316,-14.9659195,0.63340145,0.47852832,-0.58461934,0.1674322
0.84098846,-1.3367896,-15.260048,0.17128742,0.78967106,0.30697557,0.50283825
1.0480418,-0.5495569,-14.965935,0.63344145,0.47808766,-0.58492154,0.16748454
0.8403216,-1.3366905,-15.260613,0.17133833,0.7898695,0.3067029,0.5026756
1.04888,-0.54940665,-14.965948,0.6333585,0.4777324,-0.5852524,0.1676562
0.8397773,-1.335323,-15.261075,0.17134407,0.7900395,0.30643043,0.5025727
1.0487767,-0.5501285,-14.9659605,0.6333618,0.47747022,-0.58540326,0.16786341
0.8393009,-1.3354262,-15.261478,0.17134249,0.79007894,0.30639967,0.5025298
1.049595,-0.5508337,-14.965972,0.63330424,0.47722942,-0.58560973,0.16804487
0.8396569,-1.3355832,-15.262094,0.1711503,0.79004997,0.30644625,0.5026126
1.0500758,-0.5503356,-14.965992,0.6332152,0.4769786,-0.5858676,0.16819374
0.8392395,-1.3344654,-15.262335,0.1710365,0.79002637,0.30650356,0.50265354
1.0507439,-0.55099535,-14.966001,0.63319314,0.47690478,-0.5859227,0.1682942
0.84001213,-1.3346543,-15.262536,0.17096843,0.78989106,0.3066543,0.50279737
1.0504547,-0.5516181,-14.966008,0.63322604,0.4768416,-0.58591366,0.16838086
0.8395961,-1.3337483,-15.262705,0.17082517,0.7898186,0.30672973,0.5029139
1.0502063,-0.5512793,-14.966016,0.6332594,0.47684145,-0.5858877,0.16834626
0.84025586,-1.3350056,-15.262848,0.17063892,0.78954726,0.30705068,0.5032072
1.0508218,-0.55098677,-14.966022,0.6333111,0.47692725,-0.58569527,0.1685783
0.8398491,-1.3351154,-15.262971,0.17050354,0.78940624,0.3072848,0.5033313
1.0505675,-0.5507328,-14.966816,0.6333821,0.47705612,-0.5854537,0.16878577
0.84043044,-1.3352091,-15.263077,0.17032759,0.78924453,0.30758217,0.50346285
1.0511608,-0.55132645,-14.966751,0.6334659,0.47714764,-0.5852333,0.16897689
0.84092927,-1.3352897,-15.263166,0.17024817,0.7890923,0.30781448,0.50358635
1.0508527,-0.5518798,-14.966691,0.63367665,0.47715878,-0.5849486,0.1691406
0.84135973,-1.3353591,-15.263245,0.1702379,0.78898025,0.3080375,0.503629
1.0514044,-0.5515404,-14.9666395,0.6336524,0.47730488,-0.5848264,0.16924195
0.84173304,-1.3362153,-15.263312,0.17027557,0.7888706,0.308222,0.5036751
1.0510653,-0.5520892,-14.967474,0.6337595,0.47742254,-0.5846198,0.16922286
0.84130204,-1.3369614,-15.263371,0.17029467,0.78883433,0.3083656,0.50363755
1.0516487,-0.5516986,-14.968239,0.6337602,0.47757262,-0.5844803,0.16927823
0.84000266,-1.3368838,-15.2634325,0.17028734,0.7888984,0.30836946,0.5035373
1.0512543,-0.5522817,-14.968988,0.63386065,0.4777841,-0.5842083,0.16924478
0.83968365,-1.3359977,-15.263486,0.17027079,0.7889788,0.3083191,0.50344783
1.0509171,-0.5518627,-14.968712,0.6339053,0.47801444,-0.5839932,0.16916935
0.8393817,-1.3360054,-15.263536,0.17032562,0.78902537,0.30825278,0.5033969
1.0506275,-0.5515027,-14.968473,0.633938,0.47826105,-0.58375853,0.16915953
0.83992434,-1.3360121,-15.26358,0.1703552,0.7890892,0.3081767,0.5033334
1.0503772,-0.5511916,-14.969095,0.6339759,0.47843963,-0.58358973,0.16909496
0.8396264,-1.3360182,-15.263618,0.17037418,0.78922445,0.3080441,0.5031961
1.0493736,-0.5509216,-14.968849,0.63406074,0.47860533,-0.58339757,0.16897108
0.83842623,-1.3360245,-15.2636595,0.17041469,0.7894097,0.30780786,0.50303626
1.0492452,-0.55143327,-14.968635,0.63412225,0.47872114,-0.58325595,0.16890141
0.8382206,-1.3369405,-15.263698,0.17052701,0.7895831,0.30757496,0.5028686
1.0491327,-0.5518815,-14.968447,0.6341847,0.4787943,-0.583162,0.16878338
0.8370678,-1.3358984,-15.263734,0.17060944,0.7898179,0.30726874,0.5026589
1.0483595,-0.5516016,-14.968281,0.6342429,0.47885087,-0.58308285,0.16867772
0.8359309,-1.3359188,-15.263769,0.17071663,0.7901051,0.3068546,0.5024241
1.0483171,-0.55135435,-14.968135,0.6342454,0.47885844,-0.5830965,0.16859981
0.83596605,-1.3359369,-15.263801,0.17091954,0.7903285,0.30647466,0.50223565
1.0482793,-0.5517436,-14.968004,0.6342684,0.47882456,-0.5831194,0.16853036
0.83599734,-1.3359531,-15.263828,0.17112787,0.79052234,0.30613777,0.5020651
1.0482458,-0.55151194,-14.967889,0.63424844,0.47877774,-0.5832072,0.16843456
0.83494365,-1.3348854,-15.263854,0.17126371,0.7908457,0.30571023,0.5017701
1.0482159,-0.55130506,-14.967786,0.634282,0.4786798,-0.58327127,0.16836467
0.835084,-1.3350139,-15.262848,0.17152593,0.79105705,0.30536532,0.50155735
1.0487108,-0.5516415,-14.967693,0.63425165,0.4785562,-0.5834118,0.16834341
0.8341217,-1.3351359,-15.262986,0.1719789,0.7912522,0.30513847,0.5012323
1.0491555,-0.5514481,-14.96761,0.6342387,0.4782275,-0.58368385,0.16838321
0.83321303,-1.3352515,-15.263117,0.17223904,0.7914574,0.3049365,0.5009418
1.0490853,-0.55174476,-14.967535,0.6342913,0.47789094,-0.5838947,0.16840933
0.83237505,-1.3365839,-15.263237,0.17261244,0.7915417,0.30483037,0.5007447
1.0490218,-0.55201274,-14.967467,0.6343386,0.47749892,-0.5841351,0.16851002
0.83161247,-1.3365176,-15.263347,0.17284432,0.7916064,0.30469683,0.5006437
1.0489633,-0.5522601,-14.967404,0.63439155,0.47707346,-0.58439595,0.168611
0.8309275,-1.337783,-15.263445,0.17316142,0.7915599,0.30474088,0.5005808
1.0489033,-0.5525132,-14.967341,0.63445556,0.4766546,-0.5846417,0.1687028
0.8303222,-1.3375432,-15.263532,0.17326039,0.79155177,0.30470535,0.500581
1.04929,-0.5523012,-14.967284,0.63435686,0.47629288,-0.58501637,0.16879706
0.82978916,-1.3387247,-15.263608,0.17334116,0.7914526,0.30482727,0.5006356
1.0492196,-0.5525345,-14.96723,0.6343885,0.47591648,-0.5852534,0.16891813
0.8302916,-1.3380256,-15.263728,0.17311354,0.7914239,0.30481482,0.5007673
1.0496224,-0.5536003,-14.967101,0.6344358,0.47529808,-0.58566064,0.16907011
0.82840604,-1.3377497,-15.263775,0.17292885,0.7914539,0.3048351,0.5007714
1.0495048,-0.5538419,-14.967037,0.6344466,0.4751678,-0.58574945,0.16908784
0.8281539,-1.3375118,-15.263816,0.1728699,0.7913804,0.3048804,0.5008803
1.0494,-0.55349195,-14.966981,0.6344014,0.47513863,-0.58580667,0.1691412
0.8292546,-1.3373181,-15.263848,0.17264259,0.791268,0.30486536,0.5011454
1.0493062,-0.55371606,-14.96693,0.63429594,0.47524107,-0.5857817,0.16933538
0.83015823,-1.337159,-15.262635,0.1725282,0.7911899,0.30483758,0.501325
1.0497322,-0.55340695,-14.9668865,0.6341674,0.47533748,-0.5858025,0.16947411
0.83090585,-1.3370275,-15.261631,0.17238864,0.7910795,0.30492043,0.50149673
1.0496309,-0.5536135,-14.966846,0.634132,0.4754012,-0.5857169,0.16972362
0.83264863,-1.3369179,-15.261914,0.1723395,0.79091346,0.30488792,0.5017951
1.0500457,-0.553823,-14.966805,0.63397396,0.47554064,-0.5856954,0.16999711
0.8330478,-1.3368257,-15.261087,0.17221428,0.7908363,0.30491474,0.5019435
1.0499158,-0.55402887,-14.966765,0.6339915,0.4755778,-0.58558977,0.17019174
0.8343955,-1.3357375,-15.2614,0.17201914,0.7907358,0.30493242,0.5021579
1.0503612,-0.5542375,-14.966724,0.6339179,0.47564036,-0.585587,0.17030036
0.83458126,-1.3357723,-15.261666,0.17186375,0.79062146,0.30500773,0.50234544
1.0508106,-0.554448,-14.966683,0.63377917,0.47573137,-0.58559793,0.17052469
0.8347401,-1.335802,-15.261894,0.17167811,0.7905239,0.30504686,0.50253874
1.0506092,-0.5546472,-14.966644,0.6337478,0.47582707,-0.5855281,0.17061406
0.83574307,-1.3358277,-15.262089,0.17157154,0.7903882,0.30506113,0.50277966
1.051076,-0.55484545,-14.966605,0.6336531,0.4759316,-0.5854897,0.1708059
0.83661,-1.3358498,-15.262258,0.1714335,0.7902386,0.30512115,0.50302535
1.0515375,-0.55504143,-14.966567,0.6335534,0.47596568,-0.58551633,0.17098968
0.838145,-1.3350872,-15.262404,0.17130135,0.7900723,0.30514628,0.5033164
1.0519903,-0.5552337,-14.966529,0.633466,0.47595963,-0.5855581,0.17118713
0.8379989,-1.3344214,-15.262532,0.17113249,0.7899762,0.30518863,0.5034989
1.051665,-0.55540675,-14.9664955,0.6333804,0.47593296,-0.5856376,0.17130603
0.8385766,-1.333838,-15.262645,0.17103629,0.78983235,0.30522498,0.50373524
1.0513699,-0.5555636,-14.966465,0.6333605,0.47585124,-0.58569854,0.17139827
0.83975554,-1.3333244,-15.262743,0.17090864,0.7896754,0.30529302,0.50398326
1.0517938,-0.5550183,-14.966438,0.6332319,0.47575822,-0.5859,0.17144288
0.84079736,-1.3335074,-15.26283,0.17082815,0.789532,0.30535164,0.5041997
1.0521768,-0.5551901,-14.9664135,0.63312906,0.47561273,-0.5861191,0.17147765
0.8417216,-1.3336698,-15.262908,0.17078406,0.78937006,0.30545115,0.50440794
1.0525563,-0.5553603,-14.966389,0.63305295,0.4755045,-0.5862804,0.17150761
0.8419695,-1.3332394,-15.262977,0.17068982,0.78924817,0.30552793,0.5045842
1.0537422,-0.5555369,-14.966364,0.6328987,0.4753807,-0.5865355,0.17154786
0.842737,-1.3328551,-15.263038,0.17060494,0.7891222,0.30559707,0.5047678
1.0540525,-0.55570686,-14.966339,0.63282156,0.47524506,-0.5867226,0.17156816
0.842906,-1.3325107,-15.263093,0.1705368,0.7890219,0.3056466,0.5049176
1.0543219,-0.5550654,-14.966318,0.6327292,0.47507158,-0.5869652,0.1715599
0.8435506,-1.332694,-15.263143,0.17058273,0.7889647,0.30554688,0.5050519
1.0545654,-0.5552625,-14.966299,0.6327611,0.47427294,-0.58751345,0.17177467
0.84413165,-1.3328592,-15.263186,0.17063926,0.7889026,0.3054528,0.5051868
1.055806,-0.55645025,-14.966278,0.6327297,0.4735304,-0.58805305,0.17209221
0.8446567,-1.3330085,-15.2632265,0.17068584,0.788844,0.30536374,0.5053163
1.0571222,-0.55771035,-14.966256,0.63276714,0.47278205,-0.5885435,0.1723356
0.84470993,-1.3327211,-15.263263,0.17069359,0.7888135,0.3052791,0.50541234
1.0596694,-0.5576833,-14.966233,0.63258743,0.47232538,-0.5890453,0.17253265
0.8451597,-1.3324603,-15.263296,0.17072722,0.7887835,0.3051693,0.50551414
1.0606611,-0.5576588,-14.966214,0.63259494,0.47208756,-0.58918095,0.17269312
0.84556913,-1.3322228,-15.263327,0.17072916,0.7887559,0.3050613,0.5056218
1.0602304,-0.55763865,-14.966197,0.63280416,0.47188434,-0.5890796,0.1728274
0.84558046,-1.3316356,-15.263354,0.17069821,0.7887693,0.30492282,0.5056947
1.0598742,-0.5576221,-14.966184,0.6329477,0.47176522,-0.5889913,0.17292832
0.8455928,-1.3310001,-15.263385,0.1705718,0.7887076,0.30483606,0.5058859
1.0595756,-0.5576081,-14.966171,0.63299066,0.4718839,-0.58881587,0.17304465
0.84666485,-1.3307512,-15.263423,0.17047867,0.7885855,0.3048031,0.5061276
1.0593221,-0.55759627,-14.966162,0.63300806,0.47204664,-0.5886338,0.17315663
0.84716654,-1.3310547,-15.263459,0.17042218,0.7884852,0.30475208,0.5063335
1.0602276,-0.55758524,-14.966153,0.6328677,0.47216725,-0.58863705,0.1733293
0.84709233,-1.3307929,-15.263494,0.17029034,0.7884252,0.30468258,0.5065131
1.0599012,-0.557576,-14.966145,0.6328634,0.47222045,-0.58857393,0.17341466
0.8470219,-1.3305446,-15.263526,0.1701725,0.7883522,0.30460283,0.5067143
1.0607351,-0.5575674,-14.966138,0.6328158,0.4722954,-0.588567,0.1734077
0.84695494,-1.3303087,-15.2635565,0.17007782,0.7882763,0.3045398,0.506902
1.0603527,-0.55756027,-14.966131,0.6327582,0.47251168,-0.588446,0.17343922
0.8468913,-1.3300842,-15.263586,0.16998759,0.78820735,0.30451027,0.50705713
1.0600302,-0.5575542,-14.966126,0.63275146,0.47265783,-0.5883199,0.17349306
0.8468307,-1.3298707,-15.263614,0.169872,0.78810036,0.3045238,0.507254
1.0597411,-0.55857944,-14.966123,0.6327581,0.47276992,-0.5881956,0.17358524
0.8467731,-1.3296674,-15.263641,0.16982844,0.78797436,0.30452758,0.50746214
1.0605419,-0.5584599,-14.966118,0.632651,0.47290158,-0.5881757,0.17368451
0.84735197,-1.329455,-15.263669,0.16971196,0.7878155,0.30455378,0.50773185
1.0612782,-0.5583499,-14.966114,0.63256264,0.47305325,-0.5881146,0.17379957
0.8479449,-1.3292376,-15.263698,0.16961347,0.78764653,0.304615,0.50799006
1.0608474,-0.55825746,-14.96611,0.632494,0.4731998,-0.5880529,0.17385976
0.84779507,-1.3290383,-15.263723,0.16940881,0.7875231,0.3046444,0.5082322
1.0614803,-0.5571818,-14.966108,0.6324003,0.4733054,-0.5880513,0.17391865
0.84765726,-1.3288549,-15.263748,0.16923799,0.78743345,0.30468038,0.5084062
1.0620373,-0.55721456,-14.966105,0.6323091,0.47340822,-0.5880225,0.1740675
0.8482642,-1.3286701,-15.263772,0.169078,0.7872848,0.30468997,0.50868374
1.061582,-0.5572425,-14.966104,0.6323116,0.47345126,-0.5879454,0.17420153
0.848906,-1.3276199,-15.263798,0.16888358,0.7871383,0.3046646,0.5089904
1.0611913,-0.5563825,-14.966103,0.6322549,0.47353333,-0.5879333,0.17422499
0.8506251,-1.3264772,-15.263826,0.16864024,0.7869268,0.30468485,0.5093858
1.0616941,-0.5564804,-14.966101,0.6321156,0.47364104,-0.58794254,0.1744065
0.8511548,-1.3264767,-15.263852,0.16844158,0.7867485,0.3047199,0.5097059
1.0621715,-0.5574471,-14.9661,0.63210267,0.47364005,-0.58790773,0.1745733
0.8532462,-1.3228292,-15.263903,0.167248,0.786726,0.3042665,0.51040405
1.0613912,-0.55666775,-14.966098,0.6321276,0.47404408,-0.58754206,0.17461787
0.85224795,-1.3207215,-15.263924,0.16615492,0.78701526,0.30392903,0.5105162
1.060326,-0.5559838,-14.966097,0.6322057,0.47435513,-0.5872397,0.17450707
0.8527198,-1.3187546,-15.263944,0.16537075,0.7871751,0.30357465,0.51073515
1.0601046,-0.5553847,-14.966095,0.63228226,0.4745868,-0.5870042,0.17439257
0.8531487,-1.3169664,-15.263963,0.16461766,0.7873356,0.30336875,0.5108534
1.0599097,-0.5548577,-14.966094,0.6323188,0.47482324,-0.58680165,0.17429784
0.85352993,-1.3153769,-15.263979,0.16396163,0.78755087,0.30304533,0.5109244
1.0603799,-0.55503446,-14.966093,0.632331,0.47500187,-0.5866291,0.17434777
0.8522473,-1.3124074,-15.263993,0.16325797,0.7876881,0.3028625,0.5110467
1.0601865,-0.55458105,-14.966093,0.63238126,0.47522265,-0.5863817,0.17439626
0.8512021,-1.3115622,-15.264005,0.16266982,0.7877379,0.30280006,0.5111944
1.059435,-0.55475724,-14.966093,0.63243943,0.4754119,-0.58614653,0.17445967
0.8519262,-1.3108321,-15.264014,0.16229485,0.78763366,0.30286378,0.5114364
1.0593146,-0.5549146,-14.965542,0.63247085,0.47557297,-0.5859503,0.17456585
0.8525716,-1.3084354,-15.264022,0.16153221,0.7875171,0.30278727,0.5119025
1.0592068,-0.5545324,-14.96557,0.632472,0.4755827,-0.58596104,0.17449921
0.85312945,-1.3063642,-15.2640295,0.16096354,0.7874297,0.3027375,0.51224524
1.0596069,-0.554189,-14.965598,0.6324563,0.47554943,-0.58601457,0.1744669
0.85586274,-1.3051358,-15.26404,0.16044085,0.78710735,0.30279252,0.5128718
1.059843,-0.5540488,-14.965193,0.6324294,0.47544864,-0.5861332,0.17444073
0.85917675,-1.3039362,-15.266006,0.15990719,0.7866727,0.3028955,0.51364404
1.0596309,-0.5535281,-14.965269,0.6324086,0.475321,-0.58627146,0.17439944
0.8603503,-1.3045936,-15.267527,0.15973304,0.7864859,0.3029707,0.5139398
1.0591545,-0.5536871,-14.965302,0.63243926,0.47527915,-0.5862694,0.17440924
0.85939103,-1.3032236,-15.268738,0.15951695,0.78647476,0.3028509,0.5140946
1.0594506,-0.5534668,-14.965331,0.63241273,0.4752111,-0.5863463,0.17443198
0.8605567,-1.3020812,-15.269747,0.15939969,0.78642005,0.30272868,0.5142866
1.0593742,-0.5536126,-14.965359,0.6324273,0.47514018,-0.5863907,0.17442347
0.85953534,-1.3011873,-15.270536,0.15927182,0.7864589,0.30252424,0.51438713
1.0596339,-0.5534163,-14.965383,0.63241774,0.47508413,-0.58644813,0.17441763
0.8606846,-1.3004531,-15.271185,0.1592285,0.7864037,0.30231574,0.5146073
1.0598722,-0.5532363,-14.965405,0.6323936,0.47503418,-0.58651876,0.17440373
0.8636817,-1.2998512,-15.271717,0.15928121,0.78632367,0.30211285,0.51483256
1.0597936,-0.5533684,-14.965426,0.63241017,0.47497448,-0.5865505,0.17439954
0.8639961,-1.2972137,-15.272153,0.15914135,0.78638524,0.30187973,0.5149183
1.060004,-0.5532073,-14.9654455,0.63239163,0.4749127,-0.5866259,0.1743815
0.8642397,-1.297308,-15.272491,0.15909982,0.7864879,0.3016339,0.51491857
1.060198,-0.5530588,-14.965463,0.63237077,0.47486034,-0.58669865,0.17435487
0.86238885,-1.2973777,-15.272741,0.15913579,0.78653175,0.3014365,0.51495606
1.0601219,-0.55292165,-14.965479,0.63236994,0.47481838,-0.58674407,0.17431931
0.8629465,-1.2974312,-15.272934,0.15924467,0.786429,0.30128244,0.51516944
1.0600517,-0.5527949,-14.965494,0.6323614,0.4747715,-0.5868034,0.17427813
0.8633895,-1.2974738,-15.273087,0.15920019,0.78649104,0.30103523,0.51523274
1.0602168,-0.55290765,-14.965508,0.63234484,0.47472066,-0.5868612,0.17428213
0.86374134,-1.2975076,-15.273207,0.15917906,0.78650165,0.3008913,0.51530737
1.0604104,-0.5527633,-14.965525,0.6323064,0.4746545,-0.58695954,0.17427094
0.8660322,-1.2975347,-15.273304,0.15930137,0.78648,0.300718,0.51540375
1.0606141,-0.552911,-14.965543,0.63227737,0.47456306,-0.58706695,0.17426299
0.86234206,-1.299119,-15.273434,0.1601332,0.787128,0.29956087,0.51483035
1.060725,-0.55255467,-14.965581,0.6323377,0.47442287,-0.5871802,0.17404468
0.86111253,-1.3005757,-15.273477,0.1605264,0.787373,0.29932314,0.5144714
1.06029,-0.5523987,-14.965598,0.6324031,0.47433832,-0.5872186,0.17390792
0.85851765,-1.3017117,-15.27351,0.16085565,0.7875958,0.2990874,0.51416445
1.060196,-0.5522554,-14.965613,0.6324439,0.47426173,-0.5872702,0.17379376
0.8580264,-1.3010528,-15.273536,0.16107088,0.7877632,0.29889703,0.5139513
1.0601096,-0.5524139,-14.965627,0.6324987,0.4741778,-0.58730257,0.17371412
0.8561586,-1.3005282,-15.273557,0.16117403,0.787952,0.2987848,0.51369464
1.0603057,-0.5525599,-14.96564,0.6325362,0.47409946,-0.58735067,0.17362867
0.85605955,-1.3015091,-15.273573,0.16139759,0.7880164,0.29872128,0.51356274
1.0602248,-0.55243266,-14.9656515,0.6325989,0.47407016,-0.58732605,0.17356342
0.8546465,-1.3009723,-15.273587,0.16138335,0.78824633,0.29856417,0.51330554
1.0601499,-0.55231506,-14.965664,0.6326888,0.47404212,-0.5872814,0.17346339
0.85475624,-1.300533,-15.273599,0.16143076,0.7884358,0.2984111,0.51308864
1.0600806,-0.5522063,-14.965674,0.63277274,0.47404525,-0.58721054,0.1733888
0.8524414,-1.3001708,-15.273608,0.1613623,0.7886431,0.29832432,0.5128419
1.0597919,-0.5521054,-14.965683,0.63287526,0.47407043,-0.5871004,0.17331871
0.85100585,-1.3006312,-15.272537,0.16136655,0.7889598,0.2980994,0.51248425
1.059275,-0.551925,-14.965701,0.63299274,0.47437406,-0.58669394,0.17343494
0.8504546,-1.3003099,-15.271627,0.16131325,0.78910017,0.29795125,0.5123711
1.0590436,-0.55203676,-14.965516,0.6330541,0.47460973,-0.5863859,0.17360814
0.8499871,-1.3000376,-15.270857,0.16120796,0.78927535,0.29776967,0.51224
1.0588171,-0.55214614,-14.965335,0.6331135,0.4748185,-0.5860993,0.1737884
0.8495883,-1.2988747,-15.270199,0.1611099,0.78938806,0.2975971,0.5121974
1.0585953,-0.55225325,-14.9651575,0.63319224,0.47501442,-0.58580756,0.17394972
0.849246,-1.2987609,-15.269634,0.1610469,0.78955126,0.29742816,0.5120636
1.0583779,-0.55235827,-14.964984,0.6332657,0.475224,-0.5855016,0.17413981
0.8481109,-1.2986628,-15.269147,0.16096552,0.78975683,0.29718843,0.51191145
1.0581119,-0.55248666,-14.964771,0.633379,0.47553355,-0.585044,0.17442012
0.8471268,-1.2977798,-15.268725,0.1608044,0.79006416,0.29690504,0.51165223
1.0577571,-0.5523298,-14.964488,0.6335995,0.47593915,-0.584405,0.17465505
0.8470275,-1.2977686,-15.268357,0.16074617,0.7903401,0.29665926,0.51138675
1.0567847,-0.5521101,-14.964091,0.6339313,0.47639558,-0.5836166,0.17484328
0.8461863,-1.2977582,-15.268023,0.16065879,0.79062563,0.29646933,0.511083
1.0556058,-0.55245054,-14.96361,0.63426626,0.4768543,-0.582829,0.17500491
0.8454021,-1.2977487,-15.267709,0.16064435,0.79087275,0.29628867,0.51080984
1.0550294,-0.5514144,-14.963088,0.6344636,0.47736093,-0.5821844,0.17505372
0.8440238,-1.2984663,-15.267159,0.16068444,0.79124206,0.29619277,0.5102808
1.0538259,-0.5508341,-14.961998,0.6347538,0.4782577,-0.5811048,0.1751412
0.8441577,-1.2984062,-15.266934,0.16077037,0.7913074,0.29621413,0.51014
1.0532894,-0.5514202,-14.962357,0.63487184,0.47857445,-0.5807142,0.17514367
0.84427935,-1.2983515,-15.26673,0.16079573,0.7913555,0.2962685,0.5100257
1.0518155,-0.55107754,-14.962718,0.6349413,0.4788005,-0.58051264,0.1749422
0.84439206,-1.298301,-15.2665415,0.16084081,0.79137796,0.29634967,0.50992954
1.0503594,-0.55073905,-14.963077,0.63500434,0.47894806,-0.5803746,0.17476763
0.8444915,-1.2982562,-15.267022,0.16090025,0.7913907,0.2964161,0.50985235
1.0489509,-0.5504116,-14.963423,0.6350902,0.4789407,-0.58032346,0.17464586
0.84393936,-1.2982147,-15.267468,0.16092515,0.791427,0.29647946,0.5097514
1.0488162,-0.55118847,-14.963715,0.6350939,0.4788647,-0.5803652,0.17470181
0.84406257,-1.2981778,-15.267865,0.16097333,0.7913849,0.29657003,0.50974876
1.048697,-0.5508292,-14.963973,0.63517064,0.47872493,-0.58040905,0.17466022
0.8437004,-1.2981106,-15.267979,0.16089784,0.7912636,0.29647526,0.5100161
1.0504137,-0.5511652,-14.9634285,0.6349145,0.4779328,-0.5810867,0.17550527
0.8449913,-1.2975019,-15.267741,0.16080157,0.7911366,0.29628164,0.5103558
1.0519701,-0.5517619,-14.962773,0.63470846,0.47746634,-0.58148086,0.17621349
0.8455927,-1.2975097,-15.26753,0.16070373,0.791067,0.2960849,0.5106086
1.0524498,-0.5522754,-14.962211,0.6346332,0.4770567,-0.5817413,0.17673385
0.84562683,-1.2963301,-15.267098,0.16050173,0.79108787,0.29551417,0.5109703
1.0532255,-0.55235493,-14.9613,0.6345635,0.47642267,-0.58208585,0.1775578
0.84641236,-1.2950774,-15.266633,0.1603712,0.79112804,0.29493636,0.51128274
1.0552003,-0.553096,-14.960606,0.63449305,0.4759921,-0.5823101,0.17822795
0.8470058,-1.29402,-15.267689,0.16029328,0.79141665,0.29433864,0.5112049
1.0548468,-0.5530492,-14.96132,0.6346334,0.4759877,-0.58204234,0.17861399
0.8469196,-1.2942939,-15.267414,0.16027167,0.79148996,0.2941826,0.51118815
1.0544018,-0.5527271,-14.961617,0.6346802,0.47602406,-0.58191687,0.17875959
0.8460011,-1.2929263,-15.267953,0.16008134,0.7916057,0.29398268,0.51118356
1.0540055,-0.5530105,-14.961883,0.6347559,0.47601026,-0.58180475,0.1788922
0.8459891,-1.2924848,-15.267602,0.15996572,0.7915567,0.29388088,0.51135415
1.0536513,-0.5532638,-14.961578,0.63471335,0.47600755,-0.5818197,0.17900178
0.846853,-1.2920789,-15.26728,0.15989208,0.79145074,0.29378045,0.51159877
1.0533339,-0.55349076,-14.961305,0.634666,0.47600725,-0.58184594,0.1790853
0.8467678,-1.2925596,-15.267001,0.15988128,0.79140466,0.2937481,0.51169205
1.0530484,-0.55320597,-14.96106,0.6345784,0.4759966,-0.58193284,0.17914173
0.84662753,-1.2925794,-15.266542,0.16006926,0.79118145,0.2934705,0.5121374
1.0534427,-0.55316013,-14.960637,0.6342959,0.47590247,-0.58224326,0.17938334
0.84656346,-1.2921954,-15.266334,0.16012971,0.7910671,0.293346,0.5123665
1.0536125,-0.55334955,-14.960455,0.63414574,0.4758313,-0.5824211,0.17952584
0.84732926,-1.2918372,-15.266139,0.1602545,0.7908868,0.2932117,0.51268256
1.0541649,-0.55352163,-14.96029,0.6339881,0.47575292,-0.5825887,0.17974633
0.8480457,-1.2915021,-15.265956,0.16028273,0.7907714,0.29305068,0.51294386
1.054668,-0.55367833,-14.960139,0.6338356,0.47565755,-0.58277357,0.17993675
0.8494693,-1.2920146,-15.265798,0.1603934,0.7906209,0.29294583,0.513201
1.0551271,-0.5538214,-14.960002,0.6336945,0.47554147,-0.58296144,0.18013206
0.8507387,-1.2916905,-15.265656,0.16045777,0.79051507,0.29276177,0.5134491
1.0555469,-0.55361074,-14.959877,0.63352036,0.4754217,-0.5831813,0.18034883
0.8511423,-1.2913784,-15.265521,0.16053952,0.7904355,0.29265052,0.5136094
1.0562559,-0.5537421,-14.959762,0.6333421,0.4752669,-0.5834216,0.18060558
0.8523938,-1.2910775,-15.265389,0.16058345,0.79034644,0.2925875,0.51376843
1.0569069,-0.5538627,-14.959656,0.6331542,0.47508052,-0.5836741,0.18093866
0.8526813,-1.2907932,-15.265266,0.16111574,0.7902983,0.2923812,0.51379335
1.0575935,-0.5539899,-14.959544,0.6327975,0.47461864,-0.58422756,0.18161158
0.85377973,-1.291399,-15.26516,0.16175857,0.79021126,0.29221568,0.5138194
1.058386,-0.5541367,-14.959416,0.63240534,0.47402728,-0.5849052,0.18233939
0.8547316,-1.2919241,-15.265066,0.16228051,0.79019123,0.29196078,0.5138306
1.0592905,-0.5543043,-14.9592705,0.63192976,0.47335032,-0.58571845,0.1831344
0.8548437,-1.29278,-15.264915,0.16347541,0.79041195,0.29124328,0.5135194
1.0629922,-0.5560686,-14.958885,0.63063043,0.47100055,-0.58809286,0.18603937
0.8548896,-1.2931305,-15.264853,0.16411333,0.7906281,0.2907916,0.51323915
1.0652122,-0.5580473,-14.958654,0.6300772,0.469606,-0.5891064,0.18821995
0.85493,-1.2934394,-15.264139,0.16463594,0.7908145,0.29038632,0.513014
1.0675241,-0.55904764,-14.958413,0.6297358,0.4684767,-0.58977985,0.19005811
0.8549658,-1.2943388,-15.263509,0.16506268,0.79100907,0.29015815,0.51270574
1.0698311,-0.5600458,-14.958173,0.62951535,0.46767247,-0.5901257,0.19168897
0.8549976,-1.2951375,-15.262947,0.16552968,0.7911875,0.2898717,0.5124418
1.0720499,-0.56100583,-14.957942,0.6295269,0.46716768,-0.59008074,0.19301538
0.85397786,-1.2954159,-15.263074,0.16608863,0.7915693,0.28923315,0.51203203
1.073202,-0.5612784,-14.958855,0.62963456,0.46740264,-0.58964133,0.19343808
0.8535477,-1.2955337,-15.263637,0.16624546,0.7916536,0.28879258,0.51209956
1.0724052,-0.5620218,-14.959776,0.6298353,0.46793604,-0.58907634,0.19321595
0.853645,-1.2956398,-15.264142,0.16636123,0.79168934,0.28844935,0.5122001
1.072918,-0.56265074,-14.960555,0.62990326,0.46837562,-0.58869743,0.19308433
0.8532727,-1.2957354,-15.264598,0.16645809,0.7918859,0.2877401,0.5122637
1.0733703,-0.56320536,-14.961241,0.629886,0.468828,-0.58840066,0.19294715
0.85293597,-1.2958219,-15.265012,0.16672224,0.79211485,0.2869801,0.5122502
1.0737691,-0.56369454,-14.961846,0.6297533,0.46918803,-0.5882561,0.19294624
0.8526306,-1.2959003,-15.265386,0.16697364,0.79242426,0.2861509,0.5121537
1.0729582,-0.5641011,-14.96235,0.6298223,0.4694178,-0.58801,0.19291212
0.8527475,-1.2959716,-15.265331,0.16740753,0.7927454,0.28509852,0.5121019
1.0733811,-0.56445515,-14.962789,0.629797,0.46958673,-0.5878873,0.19295768
0.852854,-1.2960366,-15.265283,0.16792499,0.79309654,0.28414172,0.5119205
1.0749156,-0.56362104,-14.963184,0.62961066,0.46971223,-0.5879855,0.19296116
0.8529513,-1.2957399,-15.265237,0.16842568,0.7934842,0.2830526,0.51175857
1.0762992,-0.5628691,-14.963541,0.6294396,0.46987534,-0.58801216,0.19304095
0.852702,-1.2954684,-15.265196,0.16892481,0.7939493,0.28204843,0.511427
1.076331,-0.5633899,-14.963853,0.62937355,0.46990165,-0.5880006,0.19322732
0.8524736,-1.2955408,-15.265158,0.16962112,0.79438674,0.2810831,0.5110486
1.0763588,-0.5638464,-14.964127,0.6293619,0.46980044,-0.58807725,0.19327787
0.8522638,-1.2953023,-15.265122,0.17010352,0.7948178,0.28017646,0.51071584
1.0776346,-0.56427145,-14.964381,0.6292463,0.469699,-0.5882103,0.19349605
0.85178083,-1.2953726,-15.265091,0.17053357,0.79527533,0.2794919,0.510235
1.077497,-0.56463534,-14.963369,0.6292135,0.4695703,-0.5882554,0.19377773
0.85188687,-1.2954376,-15.265061,0.17112225,0.7954129,0.27894962,0.5101202
1.0786605,-0.56496805,-14.963734,0.62916106,0.46940613,-0.58830655,0.19419004
0.85172296,-1.2954974,-15.265035,0.17152044,0.7957031,0.27833843,0.5098677
1.0783926,-0.5640168,-14.964032,0.6291333,0.46931145,-0.58829725,0.19453654
0.85143137,-1.2953678,-15.264987,0.17028277,0.79583955,0.27768835,0.5104238
1.0768756,-0.564707,-14.964489,0.6296205,0.47012776,-0.58648384,0.19645514
0.8515259,-1.2951963,-15.264966,0.16926557,0.7955558,0.27747104,0.5113219
1.0779246,-0.56497884,-14.964668,0.6296486,0.47030574,-0.5860994,0.19708534
0.85140043,-1.2950374,-15.264946,0.16850269,0.7952332,0.2773805,0.5121242
1.0777727,-0.5652165,-14.964826,0.6296827,0.47036955,-0.58588636,0.19745712
0.8514864,-1.2948897,-15.264927,0.1675886,0.7942838,0.2775216,0.51381814
1.0799134,-0.5642997,-14.964976,0.62940145,0.46935347,-0.5869472,0.19762124
0.8596257,-1.290813,-15.268121,0.16259576,0.78622174,0.2797474,0.5264593
1.0956006,-0.5669827,-14.968305,0.6271463,0.45634884,-0.5983182,0.2011183
0.8674977,-1.2868701,-15.27121,0.16092117,0.78354913,0.2805948,0.53049195
1.1017293,-0.56904083,-14.969867,0.6263552,0.45113933,-0.6025256,0.20276964
0.87671983,-1.2822511,-15.276432,0.15990168,0.7815247,0.28124195,0.5334357
1.1070075,-0.5730298,-14.9712105,0.62575626,0.44723395,-0.6055604,0.20422414
0.89198864,-1.2735338,-15.282656,0.16019739,0.78031534,0.2806568,0.5354218
1.1192913,-0.5764813,-14.973235,0.62499285,0.444005,-0.60832524,0.20538735
0.8946701,-1.270204,-15.282803,0.16064034,0.78056246,0.28010088,0.5352201
1.1182044,-0.5814209,-14.971421,0.6256151,0.44399133,-0.6075971,0.2056776
0.8967976,-1.267562,-15.282919,0.16086473,0.78092456,0.2795919,0.5348905
1.1174135,-0.5826375,-14.972479,0.6261474,0.4441876,-0.60690916,0.20566532
0.8961143,-1.2655683,-15.283007,0.16098642,0.7813781,0.27922115,0.5343849
1.116845,-0.58124137,-14.97324,0.6266947,0.44462,-0.6061712,0.20524003
0.8931243,-1.2647488,-15.283118,0.16089569,0.7821844,0.27903625,0.5333282
1.1123819,-0.5815314,-14.974197,0.6279,0.4468879,-0.6032186,0.20532957
0.89127266,-1.2635801,-15.283154,0.16065562,0.7826869,0.27911326,0.53262264
1.1090199,-0.58250535,-14.974501,0.62862533,0.4487909,-0.60101646,0.20541698
0.8786901,-1.2687944,-15.2832,0.1603299,0.7842386,0.28190792,0.52895373
1.0911992,-0.5805407,-14.974908,0.6311791,0.45964533,-0.5906663,0.2035992
0.87277436,-1.270528,-15.281484,0.1602645,0.7848278,0.2833083,0.5273491
1.08198,-0.57654023,-14.975045,0.6321656,0.46366158,-0.5869368,0.20221238
0.87145895,-1.2735239,-15.280146,0.16025618,0.78518885,0.284652,0.5260891
1.0747427,-0.571814,-14.975153,0.63281316,0.4668023,-0.5841374,0.201064
0.8639849,-1.2794079,-15.278255,0.16036709,0.78594196,0.2873271,0.52347
1.0642532,-0.56634337,-14.974025,0.63406205,0.47145683,-0.5804434,0.19692458
0.8599142,-1.283495,-15.276172,0.16085126,0.7864299,0.28819817,0.522108
1.061915,-0.56509304,-14.974261,0.63447374,0.4724459,-0.57993096,0.19472583
0.85661465,-1.2868078,-15.274483,0.16130763,0.78686947,0.28885248,0.52094203
1.0600079,-0.5653648,-14.974454,0.6347914,0.47308764,-0.57960963,0.19308239
0.8539173,-1.2869692,-15.273102,0.16173108,0.78744453,0.2889248,0.5199007
1.0584396,-0.5643613,-14.973385,0.6350747,0.4730107,-0.5798145,0.19171913
0.85290414,-1.2883118,-15.271963,0.16214995,0.7879087,0.28890362,0.51907814
1.0583055,-0.5635297,-14.972499,0.6352316,0.47279498,-0.58020335,0.19055134
0.8520627,-1.2894269,-15.271019,0.16246441,0.78832847,0.28876373,0.51841986
1.0581937,-0.5639428,-14.97176,0.6352917,0.47218028,-0.5809202,0.18968934
0.85245085,-1.2903596,-15.270228,0.16275045,0.78865427,0.2885617,0.5179469
1.0591516,-0.56429005,-14.971139,0.63522345,0.47153875,-0.5817117,0.18908711
0.8517404,-1.2901076,-15.269563,0.16295087,0.7889529,0.2883208,0.51756316
1.059962,-0.56358445,-14.9706135,0.6350706,0.4708743,-0.5826008,0.18851827
0.85212374,-1.2908795,-15.268998,0.16311283,0.7891746,0.28813654,0.5172766
1.0616014,-0.5648827,-14.970166,0.6348951,0.47015157,-0.5834877,0.18817033
0.85245055,-1.2906016,-15.2685175,0.16324332,0.7893703,0.28789857,0.5170693
1.0630049,-0.5650922,-14.969784,0.6345874,0.4694155,-0.58452475,0.18782665
0.85273075,-1.2903633,-15.2681055,0.16337375,0.78952116,0.28766224,0.51692927
1.0659268,-0.56441575,-14.969455,0.63420516,0.46863705,-0.5856756,0.18747585
0.85381716,-1.2901578,-15.26775,0.16351758,0.78962106,0.28744853,0.5168502
1.0676411,-0.5638304,-14.968355,0.6338577,0.4678889,-0.58672833,0.1872277
0.853956,-1.2899797,-15.267442,0.16361779,0.7897212,0.28725398,0.51677364
1.069132,-0.56409466,-14.967399,0.6335048,0.46718898,-0.58767956,0.18718679
0.8548394,-1.2898247,-15.267173,0.16372503,0.7897839,0.28708065,0.51673996
1.0704342,-0.5650602,-14.966563,0.6331751,0.466493,-0.58857715,0.18721819
0.855612,-1.2896891,-15.266938,0.16385137,0.7898355,0.28689572,0.5167238
1.0722747,-0.5645115,-14.966528,0.6328016,0.4657865,-0.5895716,0.1871109
0.8569788,-1.28957,-15.26742,0.16371638,0.78951234,0.28717506,0.51710516
1.0738962,-0.5646911,-14.966497,0.6324342,0.46553585,-0.59006006,0.1874371
0.85883796,-1.289465,-15.267845,0.163564,0.7892076,0.28742048,0.51748204
1.0740707,-0.5654799,-14.966471,0.63220304,0.465427,-0.5903085,0.18770468
0.8604841,-1.289372,-15.268222,0.16343787,0.7889305,0.28760508,0.5178417
1.074824,-0.56558174,-14.966447,0.6319532,0.46543664,-0.59049714,0.18792851
0.8407149,-1.3063011,-15.31686,0.16577798,0.78989923,0.28629994,0.51634216
1.0580784,-0.5461233,-14.985313,0.6313106,0.46926105,-0.5878717,0.18880704
0.7864253,-1.3569685,-15.448199,0.17103232,0.7917556,0.28330442,0.5134293
1.0040615,-0.48021936,-15.049525,0.63054043,0.47298944,-0.585339,0.18994221
0.7151977,-1.4244543,-15.621738,0.17928295,0.79421085,0.27827364,0.50955915
0.9257979,-0.3811497,-15.143345,0.6296612,0.4766676,-0.582887,0.19120064
0.6408498,-1.5006187,-15.797523,0.19007967,0.7967504,0.27167985,0.5052213
0.8450859,-0.2752599,-15.244887,0.62805414,0.4825351,-0.5790444,0.19343069
0.5668854,-1.5706096,-15.961379,0.20224921,0.7988564,0.26435366,0.5010399
0.76898307,-0.17793475,-15.339325,0.62553567,0.49086857,-0.57361263,0.19677861
0.4966154,-1.6280193,-16.115469,0.21451664,0.80046856,0.2569306,0.49721166
0.69080377,-0.09237714,-15.4281,0.6222451,0.5008673,-0.56706357,0.20095275
0.3295688,-1.7525768,-16.474274,0.23412813,0.8016068,0.24737063,0.49134353
0.5232148,0.05209716,-15.601478,0.61686474,0.51445436,-0.5585875,0.20686883
0.19400747,-1.8332654,-16.729614,0.25112814,0.80233365,0.23995522,0.48540393
0.38258445,0.15904042,-15.733267,0.6112009,0.52753526,-0.5504445,0.2124876
0.0937777,-1.9076992,-16.944355,0.26601475,0.8019803,0.23498915,0.4804621
0.2583415,0.23342398,-15.8478565,0.60561806,0.5391701,-0.5433048,0.2175832
-0.10431925,-1.9940308,-17.283218,0.28193855,0.80128455,0.23194411,0.47397855
0.05974086,0.325107,-16.030186,0.598751,0.550689,-0.53719735,0.22284073
-0.26743478,-2.0472388,-17.51532,0.29403627,0.8006162,0.23043525,0.46846128
-0.09554662,0.3967858,-16.179579,0.59217817,0.5601262,-0.5329575,0.22702451
-0.4263787,-2.0903485,-17.721655,0.3038937,0.79980165,0.22979845,0.46385202
-0.25974926,0.453925,-16.315567,0.58614814,0.56771266,-0.5302824,0.23007259
-0.59104013,-2.137839,-17.920366,0.31201127,0.79887813,0.2300971,0.45988935
-0.42628416,0.49910307,-16.452961,0.58050615,0.5740133,-0.5287528,0.2322538
-0.7785373,-2.1789193,-18.10889,0.3191338,0.79863495,0.23023608,0.45533213
-0.600073,0.54026604,-16.597353,0.575367,0.5789704,-0.5284259,0.2334786
-0.96430045,-2.2332683,-18.294897,0.32548502,0.79818887,0.23131424,0.45105195
-0.78949577,0.5731974,-16.750496,0.5706478,0.5830825,-0.5287962,0.2339883
-1.1643687,-2.2907226,-18.480024,0.33179265,0.7976643,0.23222749,0.44689563
-0.990666,0.6106043,-16.90632,0.5661762,0.5867503,-0.5295308,0.23402086
-1.6020691,-2.338104,-18.840673,0.3416078,0.7975787,0.23396309,0.43867257
-1.4145321,0.6811381,-17.226421,0.55786514,0.59408826,-0.53046346,0.2333544
-1.8258352,-2.397271,-19.007812,0.34703633,0.7970698,0.23548594,0.4345019
-1.6234291,0.7183531,-17.38466,0.5539732,0.59752584,-0.53078246,0.23312387
-3.06279,-2.5858166,-19.755417,0.36473367,0.7987459,0.23783411,0.41522205
-2.862871,0.92075056,-18.147322,0.53967696,0.6068387,-0.5359395,0.23079121
-3.3962305,-2.578004,-19.899527,0.3677918,0.8001393,0.23793782,0.4097463
-3.170691,0.9683448,-18.300919,0.5334092,0.6103335,-0.53804594,0.23124489
-3.6859202,-2.6379588,-20.012938,0.37148693,0.80064696,0.23760779,0.40559164
-3.4793284,0.97801864,-18.439795,0.5287077,0.6118919,-0.5407646,0.23158185
-3.9668593,-2.6807086,-20.120205,0.37430388,0.8008913,0.23670433,0.40303943
-3.7871263,1.0260917,-18.552155,0.52361876,0.61335385,-0.5436941,0.232416
-4.2921762,-2.6969478,-20.210863,0.37595055,0.8016581,0.23566973,0.40058124
-4.0870667,1.0664651,-18.651524,0.5180965,0.6147622,-0.5467872,0.23381013
-5.1044474,-2.8069859,-20.389078,0.3787213,0.8024468,0.23425636,0.3972069
-4.992923,1.0745398,-18.87133,0.51126945,0.6146572,-0.55212986,0.23654354
-5.514617,-2.8752081,-20.456108,0.38084516,0.8022211,0.23390551,0.39583647
-5.4586124,1.1146032,-18.96143,0.5053802,0.6145477,-0.55676055,0.23862053
-5.8729877,-2.8666978,-20.523138,0.38078296,0.80260116,0.23272572,0.39582133
-5.867028,1.1610645,-19.00252,0.50001323,0.6150102,-0.5604068,0.24019454
-6.2049327,-2.925256,-20.544794,0.38148746,0.8018625,0.23239921,0.3968307
-6.2486095,1.1165287,-19.056875,0.49646652,0.61341137,-0.5645301,0.241978
-6.546449,-2.952824,-20.564457,0.38131183,0.801492,0.23158087,0.3982239
-6.6248245,1.0922422,-19.106194,0.4932628,0.61141646,-0.5688131,0.24354371
-6.897352,-3.0036764,-20.568735,0.38194034,0.800448,0.23017702,0.4005287
-7.007656,1.1104541,-19.131437,0.48986813,0.6096244,-0.5734185,0.2440874
-7.2138386,-3.067163,-20.577143,0.3824276,0.79843354,0.22898716,0.40474445
-7.3918104,1.1448553,-19.144176,0.4860088,0.60789055,-0.5789004,0.24318507
-7.5881677,-3.0887084,-20.556778,0.38228676,0.7975074,0.22649837,0.40808994
-7.8069882,1.1517354,-19.162104,0.4820512,0.60622764,-0.5847355,0.2412448
-7.9242835,-3.1821406,-20.530008,0.3834424,0.7948131,0.22554198,0.41276503
-8.212991,1.137732,-19.181068,0.4780365,0.60410947,-0.59117687,0.23883659
-8.273849,-3.2478392,-20.49443,0.3846059,0.7923325,0.22388838,0.41732672
-8.655607,1.0887932,-19.19255,0.4737719,0.6017345,-0.59777564,0.23689678

