ICVP Direct Stim Program 4.0.1+v4.0.1 - RelativeLocations
Updated at: 2022-08-22--20-53-49
Subject ID: CKT
Tester ID: kstipp
Direct Stimulation Input from the UI

UserID ; Time ; Electrodes ; Frequency (Hz) ; Cathodic Phase Duration (us) ; Train Length (ms) ; Duty On (ms); Duty Off (ms) ; Inter-train Length (ms) ; Amplitude (uA) ; Sent to Gateway ; Response ; Response Latency (ms) ; Response Duration (ms) ; Comments
kstipp ; 2022-08-22--20-53-49 ; 7A00-7A01-7A04-7A05 , 7A00-7A01-7A04-7A05-1500-1501-1504-1505 ; 200 ; 200 ; 1000 ; 1000 ; 0 ; 0 ; 40 ; True ;  ;  ;  ; moved left. 1st was disturbance. to the left 4 peas in a diamond

Position t,Position u,Position v,Orientation w,Orientation x,Orientation y,Orientation z
0.58828133,-1.3090062,-15.194954,0.11062337,0.84727484,0.30163324,0.4229719
0.9299624,-0.50856084,-14.959792,0.67059356,0.5326982,-0.4922366,0.15569225
0.58600485,-1.309851,-15.195149,0.11070361,0.84756064,0.30134737,0.42258194
0.9308296,-0.5093175,-14.960246,0.6709022,0.53215015,-0.49238876,0.15575586
0.5850397,-1.3095804,-15.195318,0.11072737,0.8477937,0.30106917,0.4223065
0.9316476,-0.5093267,-14.960674,0.6711154,0.5317401,-0.49252835,0.15579644
0.58517843,-1.3083059,-15.195475,0.1106836,0.8480005,0.30074203,0.42213565
0.9317009,-0.5093352,-14.96107,0.6713515,0.5313751,-0.4926101,0.15576625
0.5842685,-1.3071572,-15.195614,0.11070377,0.8481832,0.3004754,0.42195332
0.93250656,-0.5100964,-14.96071,0.6715145,0.5311142,-0.49263054,0.15588844
0.58344966,-1.3061233,-15.195741,0.11068483,0.84835625,0.30021736,0.42179397
0.9332519,-0.510045,-14.960377,0.67158496,0.53091717,-0.4927162,0.1559856
0.5837699,-1.305183,-15.195856,0.1106926,0.8484806,0.29997024,0.42171764
0.9339473,-0.50999707,-14.960831,0.6716434,0.5307295,-0.49281207,0.15607004
0.58299005,-1.3043474,-15.194894,0.110695906,0.8486207,0.29971313,0.42161763
0.9338244,-0.50995374,-14.961241,0.6717652,0.5305181,-0.49287933,0.15605114
0.58336735,-1.3035916,-15.1951065,0.110658884,0.8487239,0.29951584,0.4215598
0.93447334,-0.50991315,-14.961626,0.67181015,0.5302704,-0.49308732,0.15604301
0.58261764,-1.3029193,-15.195295,0.110636234,0.84883165,0.2993276,0.42148247
0.9358893,-0.5098743,-14.961994,0.6718871,0.53000647,-0.4932596,0.15606381
0.583053,-1.3011771,-15.195469,0.11059173,0.84892005,0.29915702,0.4214373
0.9364274,-0.5106842,-14.962356,0.67204225,0.5297774,-0.49329132,0.156073
0.5823154,-1.3007644,-15.1956215,0.11056909,0.8490286,0.29897836,0.4213514
0.93694687,-0.5114662,-14.962705,0.672193,0.5295378,-0.49330375,0.156198
0.58168805,-1.3014927,-15.19575,0.110581614,0.8491088,0.29886255,0.4212686
0.93649834,-0.5131545,-14.963037,0.67248905,0.5292395,-0.49318755,0.15630174
0.5811305,-1.3010592,-15.195866,0.1106076,0.849192,0.2987231,0.4211929
0.93605834,-0.51583636,-14.963362,0.67269814,0.5290379,-0.49307108,0.1564514
0.5817005,-1.3017366,-15.195965,0.11066559,0.8492383,0.29866642,0.42112467
0.93564993,-0.5172596,-14.963663,0.6728328,0.5288325,-0.49306414,0.15658869
0.58115536,-1.3012872,-15.196054,0.1107018,0.8492997,0.29859152,0.42104423
0.9363972,-0.5186044,-14.963948,0.67290545,0.52859604,-0.49320894,0.15661898
0.580669,-1.3008864,-15.196134,0.11070783,0.849372,0.2985083,0.4209559
0.9370623,-0.51865804,-14.964203,0.6728903,0.5284266,-0.49343544,0.15654255
0.58023524,-1.3005288,-15.196204,0.11075389,0.8494265,0.29843578,0.4208853
0.9376533,-0.51870567,-14.964428,0.67285484,0.528359,-0.49358633,0.15644747
0.57986426,-1.3012396,-15.196265,0.11078282,0.8494917,0.29836655,0.42079502
0.9369856,-0.52118236,-14.964638,0.67305535,0.5282434,-0.49342355,0.15648894
0.5795444,-1.3018526,-15.196317,0.11079104,0.8495511,0.2983098,0.42071322
0.93637395,-0.52345115,-14.96483,0.6732498,0.5281629,-0.49322987,0.15653451
0.5792549,-1.3014194,-15.196364,0.11076682,0.84961957,0.2982334,0.42063546
0.93584025,-0.52414757,-14.964998,0.6733267,0.52821875,-0.4930828,0.15647891
0.5780236,-1.3010356,-15.196406,0.11075427,0.8496846,0.29816493,0.42055592
0.9354009,-0.5235016,-14.965136,0.6733324,0.52827615,-0.49308068,0.15626669
0.57789105,-1.300688,-15.196444,0.110760145,0.84974337,0.29808015,0.42049587
0.93621093,-0.5229548,-14.965252,0.6733085,0.5283126,-0.4930984,0.15619054
0.5777285,-1.3010472,-15.196507,0.11080417,0.84983134,0.29798573,0.42037326
0.9363632,-0.52431655,-14.96545,0.6734556,0.528441,-0.49274,0.15625317
0.57667017,-1.2997487,-15.196534,0.11078647,0.8498957,0.29792538,0.42029053
0.93588054,-0.52251583,-14.965527,0.6734894,0.52863693,-0.49256828,0.15598579
0.57667595,-1.2995367,-15.196559,0.11081164,0.84993786,0.2978753,0.42023432
0.93547755,-0.5221178,-14.9655905,0.67352206,0.5288104,-0.49237415,0.15586951
0.57572854,-1.2993486,-15.19658,0.11079761,0.84998375,0.29784635,0.42016572
0.93408847,-0.5217831,-14.965645,0.673634,0.5289756,-0.49205798,0.15582393
0.5758282,-1.299178,-15.1966,0.110819586,0.8499991,0.29782975,0.4201403
0.9339108,-0.52349544,-14.965691,0.67376673,0.52904,-0.49175838,0.15597709
0.5759183,-1.2990235,-15.196617,0.110841915,0.85000527,0.2978126,0.4201342
0.93477356,-0.5240478,-14.965733,0.673832,0.529166,-0.4914983,0.15608776
0.5752146,-1.2987623,-15.196647,0.11087902,0.8500217,0.297733,0.42014766
0.9343228,-0.5231088,-14.965798,0.6739321,0.5294721,-0.49104932,0.15603063
0.57537067,-1.2976549,-15.19666,0.11088063,0.85002506,0.2976816,0.4201769
0.9332644,-0.52273756,-14.965824,0.6739874,0.5296317,-0.4908196,0.1559729
0.57551044,-1.2976531,-15.1966715,0.1109073,0.8500124,0.2976585,0.42021173
0.9331871,-0.52241725,-14.965846,0.674,0.5297904,-0.49062786,0.15598261
0.57563573,-1.2976515,-15.196682,0.110928714,0.849993,0.2976474,0.42025322
0.9323258,-0.5229337,-14.965866,0.674116,0.52990294,-0.490332,0.1560295
0.576727,-1.29765,-15.1966915,0.110971905,0.84996986,0.2976247,0.42030463
0.9315362,-0.52340716,-14.965884,0.67421067,0.5300096,-0.490045,0.15615967
0.5757962,-1.2985797,-15.196699,0.111137815,0.8499972,0.29747933,0.42030853
0.9308079,-0.5238439,-14.9659,0.6742552,0.53003985,-0.4899063,0.1562999
0.5758838,-1.2984911,-15.196707,0.11126798,0.8500154,0.29731798,0.42035156
0.93008745,-0.52513677,-14.965917,0.6743291,0.5300554,-0.4897267,0.1564907
0.5750352,-1.2974783,-15.196713,0.111373276,0.85006547,0.29710868,0.4203702
0.9302972,-0.5254602,-14.965932,0.67435384,0.53005594,-0.48963737,0.15666172
0.57519853,-1.2974937,-15.196719,0.1115037,0.85009533,0.29690066,0.42042238
0.93047816,-0.52490276,-14.965945,0.6743618,0.5300614,-0.48958728,0.15676537
0.57534575,-1.2975075,-15.196725,0.11167555,0.85012174,0.2966636,0.42049056
0.9306438,-0.5252312,-14.965957,0.67439556,0.5300218,-0.48954248,0.15689424
0.5754841,-1.2965583,-15.19673,0.11182547,0.8501465,0.29640973,0.4205798
0.93080837,-0.52647024,-14.965968,0.67443466,0.5299618,-0.48948342,0.15711254
0.57561296,-1.2956738,-15.196734,0.11199439,0.85018307,0.29605663,0.42070964
0.9309685,-0.52767634,-14.965981,0.67447823,0.52987033,-0.48946732,0.15728442
0.5757321,-1.2948565,-15.196739,0.11220332,0.8502083,0.29568398,0.4208651
0.93110514,-0.52683985,-14.965991,0.6744808,0.5297677,-0.4895556,0.15734446
0.5758363,-1.2951475,-15.196743,0.112517886,0.85020643,0.29533163,0.42103216
0.93123144,-0.52797574,-14.966001,0.6745277,0.5295929,-0.48961565,0.15754478
0.57592773,-1.295403,-15.196747,0.11289279,0.85021126,0.2948438,0.42126384
0.9322462,-0.52713424,-14.966008,0.67449105,0.5293774,-0.48986688,0.15764517
0.5769693,-1.2956265,-15.19675,0.11325902,0.8502048,0.29434186,0.4215295
0.9331896,-0.52821344,-14.966016,0.6745215,0.52906305,-0.49008122,0.1579036
0.5778874,-1.2958235,-15.196753,0.11360172,0.8501745,0.2938494,0.42184192
0.9331062,-0.52924603,-14.9660225,0.6745821,0.52868724,-0.49031535,0.15817618
0.57874686,-1.2950305,-15.196754,0.113984026,0.85013914,0.29331824,0.42217943
0.9330351,-0.5282529,-14.966028,0.6746025,0.52834135,-0.490628,0.15827534
0.5805534,-1.294295,-15.196757,0.11433357,0.8500505,0.2927938,0.42262724
0.93390846,-0.52923095,-14.966034,0.6746474,0.52789235,-0.4909695,0.15852301
0.5811798,-1.2936163,-15.196759,0.114697896,0.84995914,0.2923042,0.42305106
0.93575555,-0.53017557,-14.966039,0.6746158,0.5274214,-0.4913916,0.15891667
0.58282477,-1.2929937,-15.196762,0.115089715,0.8498346,0.291807,0.42353785
0.9363737,-0.52907264,-14.966043,0.674569,0.5269765,-0.4918809,0.15907764
0.5832403,-1.2912701,-15.1979,0.11528783,0.84973603,0.2913506,0.42399555
0.93690276,-0.52903444,-14.966047,0.67465645,0.5264607,-0.49223176,0.15932915
0.5836105,-1.2908826,-15.198914,0.11561496,0.8496101,0.29091746,0.42445618
0.93839455,-0.52997273,-14.966051,0.6746752,0.52590966,-0.49266005,0.15974511
0.58393973,-1.290538,-15.199816,0.11589301,0.8494606,0.29050186,0.42496377
0.9396679,-0.52892,-14.966981,0.6746914,0.5253012,-0.49322984,0.15992056
0.584244,-1.2890006,-15.200649,0.11602941,0.84932625,0.29015553,0.42543137
0.93989956,-0.5298544,-14.966892,0.6748714,0.52466756,-0.49356997,0.16019164
0.5845103,-1.2888767,-15.201379,0.116220646,0.84916437,0.28995687,0.4258377
0.9401288,-0.5318336,-14.966804,0.6751465,0.52393305,-0.49385554,0.16055574
0.5860404,-1.2874774,-15.202048,0.11629602,0.8490166,0.28966284,0.42631152
0.9413247,-0.5305015,-14.9677305,0.67510426,0.5233618,-0.49446952,0.1607067
0.5873647,-1.2875506,-15.202628,0.11649147,0.84884685,0.2895093,0.42670032
0.942443,-0.53134793,-14.968598,0.67531145,0.52268916,-0.49478558,0.16105211
0.58722895,-1.2876135,-15.203126,0.11664007,0.84871286,0.28943685,0.4269753
0.9435574,-0.5333611,-14.969461,0.67555207,0.5220114,-0.49497998,0.16164261
0.5883262,-1.2888744,-15.203536,0.11694266,0.8484575,0.2893405,0.427465
0.94596267,-0.5353406,-14.970311,0.6758362,0.52113825,-0.49518773,0.16263318
0.58808005,-1.2887691,-15.20389,0.11701076,0.84833306,0.2891903,0.42779496
0.94675314,-0.53575265,-14.971066,0.67597014,0.52052057,-0.4954988,0.1631069
0.5878652,-1.2886773,-15.204198,0.117173284,0.8481889,0.28903782,0.4281393
0.94744986,-0.53611577,-14.971732,0.67609733,0.5200668,-0.49562967,0.16362837
0.5910946,-1.2874308,-15.204732,0.11727575,0.84778506,0.2887794,0.4290845
0.9485126,-0.53552914,-14.971427,0.67606705,0.5195882,-0.4958948,0.16446847
0.59175706,-1.2862009,-15.204959,0.11723527,0.8476568,0.2886571,0.4294309
0.9503372,-0.53592426,-14.97204,0.6760261,0.5194151,-0.49600813,0.16484159
0.5936388,-1.2864496,-15.205153,0.117211536,0.84744126,0.28869066,0.42984012
0.9491689,-0.5375988,-14.971208,0.67632985,0.5192304,-0.49563837,0.16528876
0.59534264,-1.2853013,-15.205329,0.117171854,0.8472891,0.28856042,0.43023825
0.94949216,-0.53641146,-14.970527,0.6762639,0.5192127,-0.4957522,0.16527276
0.5967951,-1.2856883,-15.20548,0.117234364,0.8471297,0.28858918,0.43051568
0.9511657,-0.53942305,-14.9698925,0.67640024,0.5190232,-0.49560407,0.1657535
0.5980375,-1.2860193,-15.205608,0.117210835,0.84694386,0.28861162,0.43087262
0.95262235,-0.53925717,-14.970734,0.67640895,0.51885134,-0.49574572,0.1658324
0.5991023,-1.2863032,-15.205719,0.117236026,0.84674305,0.28860727,0.43126318
0.95247287,-0.5405209,-14.970053,0.6765077,0.51870465,-0.49568874,0.1660589
0.59948,-1.2868892,-15.205897,0.11744571,0.8464622,0.28864837,0.43172964
0.9536869,-0.5413624,-14.971589,0.6765542,0.5185366,-0.4957495,0.16621311
0.60031635,-1.2857242,-15.205965,0.11748039,0.846372,0.28858334,0.43194038
0.9547664,-0.5395414,-14.9721775,0.6764938,0.51857,-0.49582404,0.16613239
0.6010017,-1.28728,-15.20602,0.11771887,0.8462748,0.2885852,0.43206462
0.9556803,-0.5393625,-14.972676,0.67636377,0.5186544,-0.49583223,0.16637349
0.60035545,-1.2861452,-15.206067,0.1176378,0.8463611,0.2884634,0.43199897
0.95513093,-0.537922,-14.9730835,0.676348,0.5186173,-0.495949,0.16620554
0.5998141,-1.2863764,-15.206107,0.11774283,0.8464845,0.28814495,0.43194118
0.9559506,-0.53926563,-14.973435,0.67635715,0.51834637,-0.49604502,0.16672572
0.600521,-1.286579,-15.206142,0.11796323,0.8465724,0.28777495,0.43195552
0.9553937,-0.5379086,-14.973725,0.6763179,0.51825756,-0.49620003,0.16670002
0.59995705,-1.285571,-15.206173,0.11806448,0.84673357,0.2873978,0.43186295
0.95493233,-0.53912294,-14.973965,0.67651975,0.5179977,-0.49607107,0.16707216
0.600645,-1.2858721,-15.2062,0.11818673,0.8468146,0.28710234,0.43186724
0.95565814,-0.5379147,-14.974165,0.6764405,0.5178575,-0.49632624,0.16706946
0.60121834,-1.2872434,-15.206223,0.118458495,0.84686214,0.28687784,0.43184862
0.95518774,-0.54018575,-14.973229,0.67668164,0.51748455,-0.4963017,0.16732086
0.60062104,-1.2862419,-15.206241,0.11857547,0.84701025,0.28645906,0.4318041
0.9558514,-0.53891706,-14.973501,0.67660207,0.5172984,-0.49664792,0.16719146
0.6011537,-1.2874697,-15.206258,0.11884383,0.8470926,0.2862334,0.43171832
0.9554025,-0.5398648,-14.972717,0.6766223,0.5170056,-0.49688274,0.16731726
0.6006066,-1.2865173,-15.206271,0.11883645,0.84729046,0.28587046,0.43157265
0.9560229,-0.5396955,-14.973036,0.67662776,0.51662177,-0.49727246,0.16732313
0.60013896,-1.2866688,-15.206284,0.118941896,0.8474353,0.2856108,0.43143114
0.9565963,-0.54060096,-14.972268,0.67670655,0.5161777,-0.49758658,0.16744077
0.6007146,-1.2857927,-15.206295,0.11910545,0.84760207,0.2851737,0.43134758
0.95828086,-0.54146403,-14.971536,0.67666477,0.5158189,-0.49799752,0.16749397
0.6002345,-1.2860178,-15.206305,0.11925828,0.8477882,0.2848535,0.43115097
0.958636,-0.54224247,-14.970876,0.6766773,0.5154059,-0.49841166,0.1674829
0.5997811,-1.284195,-15.206314,0.11931362,0.8479791,0.2844992,0.43099418
0.9601999,-0.54296726,-14.970261,0.67662585,0.51502156,-0.49886465,0.16752441
0.60042036,-1.2835559,-15.206322,0.11953396,0.848142,0.28419328,0.4308144
0.9603314,-0.5436066,-14.969718,0.676742,0.51468074,-0.49908572,0.16744363
0.59992766,-1.2829888,-15.206329,0.11963148,0.848331,0.28404132,0.43051535
0.9604509,-0.5454905,-14.969226,0.6769048,0.5142769,-0.49924883,0.16754077
0.59850454,-1.2835164,-15.205328,0.11990506,0.84848464,0.2838838,0.4302402
0.96054906,-0.5445618,-14.968821,0.67677754,0.5140352,-0.49970967,0.16742267
0.5982505,-1.2830086,-15.205434,0.120019905,0.8485945,0.283779,0.43006068
0.960637,-0.54627603,-14.968458,0.6768602,0.5138042,-0.49976888,0.16762024
0.59803325,-1.2825742,-15.204615,0.12023319,0.84868467,0.2836995,0.42987546
0.9607094,-0.5452698,-14.969369,0.67686236,0.5135276,-0.5001431,0.16734318
0.5978464,-1.2830638,-15.204774,0.12046903,0.84879994,0.2836532,0.4296124
0.96210593,-0.54828566,-14.968916,0.6769437,0.5132468,-0.5001873,0.16774309
0.59768164,-1.2826594,-15.204079,0.12064557,0.84890753,0.28348875,0.4294588
0.96198887,-0.5469733,-14.969806,0.67683595,0.5132261,-0.50048584,0.16735005
0.5975387,-1.2831026,-15.204269,0.12084868,0.8489698,0.2834209,0.42932326
0.96312124,-0.54709095,-14.969329,0.6767626,0.51315135,-0.5006363,0.16742611
0.5974142,-1.283489,-15.204436,0.12105077,0.8490378,0.2834093,0.42913955
0.9641331,-0.5471961,-14.970165,0.67675257,0.5130404,-0.5007968,0.16732652
0.5973002,-1.2830931,-15.204589,0.12112834,0.84914535,0.28326014,0.42900342
0.96375984,-0.54728496,-14.970873,0.6768187,0.5129586,-0.50083643,0.16719092
0.59720033,-1.2841705,-15.204722,0.12130143,0.8491441,0.28327784,0.42894524
0.96343154,-0.5486022,-14.970256,0.6770638,0.51276636,-0.50067586,0.16726938
0.59643596,-1.2837653,-15.20484,0.12129779,0.849283,0.28310052,0.42878821
0.9631598,-0.54616094,-14.970922,0.6769587,0.5127138,-0.5009749,0.16696037
0.5964036,-1.2840501,-15.204944,0.12136687,0.8492699,0.28311896,0.4287825
0.9640516,-0.5474805,-14.971478,0.67698604,0.5125323,-0.50099516,0.16734532
0.5957644,-1.2843026,-15.205035,0.121408276,0.84924084,0.28307435,0.42885786
0.9637379,-0.54646355,-14.971944,0.6771103,0.51234764,-0.5010269,0.167313
0.5957757,-1.2845273,-15.205117,0.1214408,0.8491721,0.28304613,0.42900327
0.9634696,-0.54763657,-14.972343,0.6772421,0.5122425,-0.500853,0.16762233
0.5952349,-1.2841768,-15.20519,0.1213869,0.84913105,0.28301066,0.42912316
0.9632419,-0.546692,-14.972682,0.6773388,0.51226723,-0.50072694,0.16753261
0.5952739,-1.283863,-15.2052555,0.12131884,0.84904325,0.28293794,0.42936406
0.9630409,-0.547763,-14.972981,0.67744154,0.51232177,-0.50044036,0.16780622
0.59530896,-1.2840782,-15.205314,0.121403664,0.8489113,0.28291273,0.4296175
0.96286255,-0.5477755,-14.973247,0.67735183,0.5123807,-0.5004747,0.16788597
0.5958179,-1.2844476,-15.205415,0.12153551,0.84867525,0.28264162,0.43022463
0.9635364,-0.5486692,-14.9737215,0.6771495,0.5125972,-0.50036615,0.16836445
0.5962533,-1.2846074,-15.205459,0.121452115,0.84852767,0.282546,0.43060192
0.96330816,-0.5485928,-14.972972,0.6771385,0.51278144,-0.500227,0.16826068
0.59671706,-1.2842988,-15.205504,0.12124499,0.84840703,0.28243822,0.43096846
0.9631037,-0.5494622,-14.9723,0.6772071,0.5128292,-0.50002944,0.16842635
0.59667695,-1.2839903,-15.205551,0.12114457,0.8483122,0.28234017,0.43124762
0.9629285,-0.5493166,-14.971724,0.6771439,0.51297325,-0.4999844,0.16837545
0.596637,-1.2836834,-15.205597,0.12101755,0.84820044,0.2822212,0.43158084
0.9627675,-0.55008477,-14.971194,0.6772078,0.51302415,-0.4998153,0.16846503
0.59778583,-1.2833568,-15.2056465,0.121064335,0.8479946,0.28210682,0.43204674
0.9626289,-0.5490324,-14.970739,0.6770898,0.51315457,-0.4998654,0.16839378
0.5982571,-1.2836397,-15.20569,0.12115766,0.8477953,0.28207532,0.43243223
0.9633432,-0.5497707,-14.970333,0.67706263,0.51313144,-0.4998169,0.16871741
0.5987726,-1.282593,-15.20574,0.12097249,0.8477338,0.28182143,0.4327699
0.9639627,-0.54881924,-14.9707775,0.6769399,0.5132185,-0.49991274,0.16866061
0.59923667,-1.2829642,-15.205785,0.12109615,0.84756947,0.28185612,0.43303457
0.96455777,-0.5495724,-14.970371,0.67696893,0.51316833,-0.49983484,0.16892733
0.5996987,-1.2826319,-15.205829,0.12103974,0.8474868,0.28183955,0.43322286
0.96428216,-0.548642,-14.970017,0.67697823,0.5132504,-0.49979806,0.16874965
0.60015357,-1.2823048,-15.205873,0.12091064,0.8474092,0.28181964,0.4334236
0.9648091,-0.5493557,-14.969701,0.6769992,0.5132368,-0.49969855,0.1690016
0.60143465,-1.2819729,-15.205917,0.12094819,0.847284,0.28183287,0.43364927
0.9652987,-0.5492365,-14.970189,0.677023,0.51323336,-0.49967957,0.16897292
0.6021502,-1.2813561,-15.205999,0.12062292,0.84715056,0.2819126,0.4339487
0.9661611,-0.5499876,-14.971049,0.67710286,0.5132156,-0.49955136,0.16908586
0.602477,-1.2810744,-15.206037,0.12053006,0.8470635,0.28191918,0.43413994
0.9657599,-0.5490383,-14.971426,0.67709374,0.51328796,-0.49954548,0.16892004
0.6038707,-1.2814113,-15.206102,0.12053613,0.84673125,0.2821251,0.43465254
0.96510255,-0.54885536,-14.972043,0.67702526,0.5133846,-0.49953422,0.16893402
0.60402817,-1.2820264,-15.206129,0.12053218,0.8466033,0.2822053,0.4348507
0.9655003,-0.54945654,-14.972298,0.6770575,0.5132471,-0.49959815,0.1690338
0.6041738,-1.2816838,-15.206154,0.120433174,0.8464858,0.28223398,0.43508816
0.96586764,-0.54934853,-14.972532,0.6770657,0.51316077,-0.4996729,0.16904187
0.6052994,-1.2813491,-15.206178,0.120363,0.84631854,0.28227717,0.43540484
0.9655625,-0.54925305,-14.97274,0.6771721,0.5129856,-0.49972385,0.16899654
0.6053269,-1.2810447,-15.2062,0.12014394,0.84620994,0.28231016,0.43565482
0.9659245,-0.54982054,-14.972282,0.6772437,0.5127966,-0.49978486,0.16910304
0.6064658,-1.279629,-15.206223,0.119985655,0.8461151,0.28219065,0.43595996
0.9662447,-0.5490664,-14.972505,0.6772043,0.5126929,-0.49998274,0.16899025
0.607519,-1.279482,-15.206243,0.1198481,0.84594566,0.28223076,0.43630067
0.96591765,-0.55023956,-14.972087,0.67738044,0.51245755,-0.4999481,0.16910036
0.60728633,-1.2793549,-15.20626,0.11962203,0.84575284,0.28231168,0.4366841
0.9656172,-0.55070335,-14.971704,0.6774234,0.5123164,-0.50002134,0.16913968
0.6095437,-1.2792335,-15.206276,0.119545355,0.8455353,0.28226656,0.43715525
0.9659331,-0.5499497,-14.971362,0.67731243,0.5121481,-0.5003889,0.16900669
0.6102914,-1.2791246,-15.206291,0.11941187,0.84535885,0.28227583,0.43752676
0.9669378,-0.55113876,-14.970996,0.6772598,0.5119834,-0.50051993,0.16932818
0.6124315,-1.2776006,-15.2063055,0.11935265,0.84514,0.28217447,0.4380308
0.96783197,-0.55028695,-14.970672,0.6770919,0.51189566,-0.50087416,0.1692174
0.6143362,-1.2777259,-15.206319,0.11935477,0.8448979,0.28223866,0.43845558
0.9674104,-0.5507466,-14.970379,0.67705387,0.5118042,-0.5009739,0.1693511
0.61600816,-1.2778358,-15.20633,0.11934042,0.84472185,0.2822077,0.4388186
0.96761703,-0.5499922,-14.970119,0.67683786,0.5117155,-0.5013802,0.16928
0.61750406,-1.2762966,-15.207977,0.11924804,0.8445543,0.28219974,0.43917122
0.9672489,-0.550424,-14.969888,0.6768488,0.51162326,-0.5013916,0.1694809
0.6187638,-1.2766627,-15.209366,0.119395345,0.8444161,0.28207055,0.4394799
0.96744615,-0.5502843,-14.969677,0.676863,0.5115361,-0.5014666,0.16946569
0.6198208,-1.2769698,-15.210529,0.11928614,0.84436464,0.28207606,0.43960464
0.9682765,-0.5507457,-14.969447,0.6768205,0.5114124,-0.50154775,0.16976862
0.6207037,-1.2772263,-15.211502,0.11929787,0.84429693,0.28200272,0.43977857
0.96902883,-0.5499745,-14.969834,0.67671835,0.5112876,-0.50180703,0.16978505
0.62143815,-1.2774397,-15.212311,0.119290024,0.84423476,0.28188184,0.43997744
0.96914417,-0.55045784,-14.970211,0.67682624,0.5111256,-0.50170577,0.1701415
0.6220466,-1.2776165,-15.21298,0.11922432,0.8441834,0.28186408,0.4401052
0.96924984,-0.55029655,-14.970556,0.6769199,0.510928,-0.50177085,0.17017113
0.6225581,-1.2759718,-15.213544,0.11900524,0.8441371,0.28185964,0.44025627
0.96877,-0.55072683,-14.970863,0.6771047,0.5107453,-0.5016461,0.17035177
0.6212498,-1.2747008,-15.213979,0.118872285,0.8440914,0.28180334,0.44041565
0.96888655,-0.5500208,-14.971138,0.677148,0.51059306,-0.5017838,0.17023084
0.6218709,-1.2753524,-15.214334,0.11884688,0.8439417,0.28200385,0.44058114
0.96958536,-0.55047345,-14.971414,0.67720425,0.51024324,-0.50200665,0.17039876
0.6191519,-1.2758628,-15.214611,0.11889536,0.84392774,0.28214332,0.4405055
0.96965665,-0.5497727,-14.971661,0.67718565,0.5100486,-0.50230193,0.17018487
0.6185221,-1.2762667,-15.214832,0.118896924,0.84388834,0.28216895,0.44056424
0.9697233,-0.5502137,-14.97189,0.67724353,0.5097979,-0.50243163,0.17032313
0.6180186,-1.2751433,-15.215008,0.118840285,0.84388274,0.28200543,0.44069487
0.969783,-0.5495669,-14.972096,0.6772205,0.5096316,-0.50268906,0.17015238
0.6176123,-1.2742366,-15.21515,0.11881547,0.84390146,0.28182608,0.4407805
0.96983945,-0.549997,-14.972292,0.6773095,0.5094282,-0.50275975,0.17019838
0.6172815,-1.2734984,-15.215265,0.11887154,0.8440105,0.28166634,0.44065863
0.96989256,-0.5498835,-14.972475,0.67735106,0.50927675,-0.5028995,0.17007282
0.6182755,-1.2741492,-15.215363,0.11916618,0.8440239,0.28141043,0.44071683
0.9704731,-0.5492445,-14.9726515,0.6772747,0.5091455,-0.5031317,0.17008336
0.61913776,-1.2747136,-15.215446,0.11933274,0.84404826,0.28125885,0.44072187
0.9704925,-0.5491702,-14.972819,0.677351,0.5090509,-0.5030862,0.1701972
0.61862516,-1.2739487,-15.215518,0.119316764,0.84419394,0.28095916,0.44063818
0.9705107,-0.5491001,-14.972977,0.6775014,0.50902474,-0.5029304,0.17013766
0.61946446,-1.2732476,-15.215584,0.11930407,0.84420925,0.28071645,0.44076702
0.9705285,-0.5495745,-14.97313,0.67762727,0.5090256,-0.5026956,0.17032728
0.62022126,-1.2726156,-15.215643,0.11931112,0.8442704,0.2804813,0.4407977
0.9705451,-0.54947996,-14.973275,0.677763,0.50897354,-0.5025655,0.17032689
0.6208544,-1.2734193,-15.215692,0.11930835,0.8443239,0.28039914,0.44074827
0.97056186,-0.5505324,-14.973419,0.6779563,0.50899535,-0.50222296,0.17050275
0.62141955,-1.2727557,-15.215736,0.11924242,0.84443897,0.28013986,0.44071057
0.9705767,-0.54983777,-14.973548,0.67796975,0.5090833,-0.502124,0.17047809
0.61925554,-1.272216,-15.215773,0.11904579,0.84466624,0.27992094,0.44046715
0.97059095,-0.550829,-14.973671,0.6781505,0.5090854,-0.5017851,0.17075047
0.61872655,-1.2717732,-15.215802,0.11892467,0.84483826,0.27959448,0.44037735
0.9706037,-0.55014503,-14.973782,0.6781555,0.5091958,-0.5016986,0.17065571
0.61828923,-1.2725911,-15.215827,0.11891261,0.84495413,0.27935573,0.4403099
0.97061586,-0.55107844,-14.973887,0.67822427,0.50921476,-0.5015103,0.17087911
0.617925,-1.2710229,-15.215847,0.11877394,0.845094,0.27901518,0.44029483
0.97062683,-0.5504096,-14.973982,0.6781228,0.50932884,-0.5015834,0.17072724
0.61655086,-1.2718445,-15.215864,0.1188182,0.84518886,0.27882013,0.44022426
0.97063684,-0.5507682,-14.97407,0.6781061,0.5093979,-0.50149184,0.17085584
0.61640567,-1.2715231,-15.2158785,0.11878762,0.845238,0.2785141,0.44033194
0.97112995,-0.5501399,-14.974152,0.67801934,0.5094719,-0.50156116,0.17077641
0.61531794,-1.27125,-15.21589,0.118875146,0.8454442,0.27792078,0.4402873
0.9711146,-0.550996,-14.973744,0.6779956,0.5093984,-0.5016037,0.17096502
0.61530447,-1.2701005,-15.2159,0.11892776,0.84564173,0.27729177,0.44029036
0.9711004,-0.5508439,-14.973841,0.6779279,0.5092981,-0.501818,0.17090341
0.61621034,-1.2690583,-15.21591,0.11902272,0.84574705,0.27688813,0.44031647
0.9716205,-0.5512149,-14.973944,0.6777983,0.5092,-0.5020397,0.17105895
0.6171176,-1.2680144,-15.2159195,0.119206384,0.84581745,0.27650034,0.44037524
0.9727967,-0.5510028,-14.974055,0.67759,0.5090597,-0.5024521,0.17109042
0.616905,-1.267048,-15.215929,0.11930224,0.84593797,0.2762813,0.44025528
0.9726765,-0.5508132,-14.974154,0.6774656,0.50894064,-0.5027597,0.17103331
0.61672264,-1.2672329,-15.215936,0.11944896,0.84601164,0.27617395,0.44014114
0.9731925,-0.55189705,-14.9736185,0.6774315,0.5087621,-0.502917,0.17123769
0.61655337,-1.2663524,-15.215943,0.11956045,0.8460955,0.2758894,0.44012824
0.97436976,-0.550946,-14.973764,0.67720294,0.5085774,-0.50344026,0.17115277
0.61639744,-1.2655413,-15.21595,0.119572006,0.8461251,0.2758595,0.4400869
0.97412896,-0.55139154,-14.973895,0.67722106,0.50833684,-0.503636,0.17121954
0.6162548,-1.2647995,-15.215956,0.11969263,0.8460843,0.27570137,0.44023162
0.9739157,-0.5511656,-14.974011,0.6771302,0.5082011,-0.5039411,0.17108378
0.6173136,-1.2641034,-15.215961,0.119829945,0.8459705,0.27565518,0.44044185
0.9743156,-0.549786,-14.974114,0.6769065,0.508053,-0.50447875,0.17082465
0.6159287,-1.2635242,-15.215966,0.11979474,0.84599185,0.27561343,0.44043657
0.9753592,-0.55029786,-14.973582,0.6768174,0.5077971,-0.50479615,0.17100072
0.61583906,-1.2630076,-15.21597,0.11978485,0.84595144,0.27560672,0.44052106
0.97507346,-0.5501462,-14.973716,0.67676705,0.5075574,-0.50516874,0.17081109
0.6146759,-1.2636635,-15.215974,0.11974734,0.84594864,0.27571866,0.44046646
0.9748192,-0.55058664,-14.973834,0.676803,0.5072261,-0.50545037,0.17081964
0.613696,-1.264216,-15.215976,0.11982445,0.8459008,0.27583623,0.44046378
0.9751702,-0.5516196,-14.97335,0.676771,0.5068666,-0.50579065,0.17100658
0.6128652,-1.2637024,-15.215979,0.11974077,0.8459004,0.27578294,0.44052073
0.9755082,-0.5513804,-14.9735,0.6765871,0.50665194,-0.50631183,0.1708279
0.6130895,-1.2641972,-15.215981,0.11979653,0.84586644,0.27583978,0.44053522
0.9765641,-0.55182505,-14.972961,0.67649376,0.5064715,-0.5065293,0.17108756
0.61328197,-1.2637354,-15.215983,0.11972764,0.84588885,0.27572665,0.44058165
0.97683126,-0.55089056,-14.97315,0.6763122,0.50640845,-0.506912,0.17085858
0.61344784,-1.264179,-15.215984,0.119794086,0.84585905,0.27575344,0.4406042
0.9770894,-0.5520521,-14.972645,0.67639273,0.5062506,-0.5068932,0.17106281
0.6135917,-1.2645636,-15.215985,0.11983642,0.84579736,0.2757945,0.44068518
0.97732985,-0.5517532,-14.972864,0.6763346,0.5062848,-0.5069894,0.17090672
0.61371696,-1.2641387,-15.215986,0.119767085,0.84576476,0.27580377,0.44076085
0.9775419,-0.55083376,-14.973058,0.6762299,0.5064189,-0.5070555,0.17072718
0.6138265,-1.2644888,-15.215988,0.119744755,0.84567505,0.27603146,0.4407965
0.97850263,-0.55134606,-14.973261,0.6761832,0.50646764,-0.50701743,0.17088057
0.6139286,-1.2640879,-15.215989,0.11970735,0.84565234,0.27602178,0.44085622
0.97864383,-0.55039257,-14.973439,0.676107,0.5065797,-0.50708044,0.17066318
0.61401826,-1.2644266,-15.21599,0.11962112,0.8455487,0.2761745,0.44098282
0.97877675,-0.5516324,-14.973607,0.67619085,0.50666845,-0.5067746,0.1709756
0.61475337,-1.2647252,-15.215991,0.11957363,0.8454131,0.2762926,0.4411817
0.9782167,-0.5513689,-14.973755,0.6761208,0.5070185,-0.5065032,0.17101854
0.6147834,-1.2643323,-15.215992,0.11942722,0.8453896,0.27634752,0.44123197
0.97772217,-0.5511362,-14.973885,0.67609316,0.50739706,-0.5061318,0.17110513
0.6154727,-1.2646402,-15.215992,0.119366445,0.8452685,0.27647343,0.44140163
0.9778947,-0.55031896,-14.974,0.6760014,0.5078039,-0.5058067,0.17122193
0.6154513,-1.2642465,-15.215994,0.11918007,0.8451966,0.27657154,0.44152802
0.9774678,-0.5507528,-14.974102,0.6760636,0.5081208,-0.50534135,0.17141037
0.6154324,-1.264559,-15.215994,0.11909925,0.84512955,0.27662835,0.44164264
0.9776381,-0.55003726,-14.974194,0.6759979,0.50851136,-0.5050334,0.17141858
0.6161428,-1.2641513,-15.216723,0.11889111,0.84503925,0.276702,0.44182527
0.97726685,-0.5504442,-14.974276,0.67605305,0.5088686,-0.5045261,0.17163493
0.6160652,-1.2637529,-15.217437,0.11882188,0.84488744,0.27667594,0.44215044
0.97693336,-0.5493167,-14.97435,0.67601085,0.5094844,-0.50396967,0.17160863
0.6167698,-1.2641608,-15.218098,0.11878295,0.8447055,0.27672842,0.4424756
0.9766329,-0.54971933,-14.974417,0.6760589,0.50999683,-0.5033175,0.17181173
0.6159022,-1.2637757,-15.218679,0.11871797,0.8446814,0.2765325,0.4426616
0.9759124,-0.5487357,-14.974476,0.675994,0.5105729,-0.50283384,0.17177188
0.6166714,-1.2633787,-15.219279,0.11870509,0.84454054,0.2764248,0.44300094
0.97568655,-0.5486982,-14.97453,0.6759329,0.51106113,-0.5023739,0.17190626
0.6174979,-1.2619731,-15.219924,0.118628986,0.8444996,0.27610403,0.44329938
0.9750762,-0.54866415,-14.97458,0.6758829,0.5114799,-0.50196767,0.17204383
0.6172567,-1.261684,-15.220515,0.11859883,0.84447837,0.27575755,0.44356337
0.9749059,-0.54786307,-14.974624,0.6757817,0.51188445,-0.5016819,0.17207168
0.61703616,-1.2614195,-15.221055,0.11858271,0.8444199,0.27548447,0.44384864
0.9743847,-0.54786414,-14.974666,0.6756991,0.51225924,-0.50134504,0.17226267
0.6168352,-1.2611786,-15.221548,0.118570425,0.8444086,0.27514347,0.44408485
0.97390854,-0.54751754,-14.974703,0.67555445,0.51260114,-0.5011707,0.17232008
0.61774033,-1.2609521,-15.222011,0.11859458,0.8442841,0.274925,0.44445023
0.9734724,-0.54753035,-14.974737,0.67542434,0.5128783,-0.50102794,0.17242084
0.61863065,-1.2595153,-15.2224655,0.11854159,0.84415984,0.27450746,0.44495824
0.97338605,-0.5478558,-14.974769,0.6753073,0.51309454,-0.50089127,0.1726326
0.6208501,-1.2581165,-15.222908,0.118691556,0.84408426,0.27396196,0.4453975
0.9733066,-0.54726094,-14.974798,0.675097,0.5133242,-0.5009067,0.17272732
0.62410367,-1.2582672,-15.221937,0.119307585,0.8431359,0.2734452,0.4473426
0.97351664,-0.54727954,-14.974541,0.67496467,0.51308423,-0.5011357,0.1732926
0.6256167,-1.2569901,-15.221065,0.119690716,0.8424401,0.27269897,0.44900346
0.9734413,-0.54729664,-14.974304,0.6748676,0.51283413,-0.5013642,0.1737494
0.6283608,-1.257318,-15.220309,0.12000345,0.8416404,0.27249444,0.45054135
0.97362727,-0.5475679,-14.974086,0.67476296,0.51252574,-0.5016246,0.17431316
0.63255525,-1.2560328,-15.219593,0.120176524,0.8408998,0.2722871,0.45200112
0.9737992,-0.5475761,-14.973884,0.67461485,0.5121784,-0.5020096,0.17479867
0.6363688,-1.2548643,-15.218944,0.120269135,0.8402895,0.2723407,0.45307782
0.97418904,-0.5478142,-14.973697,0.67443264,0.5117522,-0.50244975,0.17548409
0.6397626,-1.2538245,-15.220255,0.12027266,0.83981854,0.27203223,0.45413423
0.9745504,-0.54759693,-14.973523,0.6742203,0.51131696,-0.5030154,0.17594728
0.64261574,-1.2529502,-15.219379,0.12044826,0.8391616,0.27220097,0.4551998
0.9748859,-0.54801947,-14.973363,0.6740746,0.5107465,-0.5035548,0.17661844
0.6473236,-1.2499856,-15.220803,0.12054938,0.83858645,0.27205107,0.45632103
0.9754345,-0.547591,-14.973202,0.6737433,0.5102243,-0.5043619,0.17708844
0.65332454,-1.2521492,-15.221934,0.12096735,0.8378796,0.2722182,0.45740792
0.9762045,-0.5476005,-14.972976,0.67353034,0.5096082,-0.5050673,0.17766097
0.6557411,-1.2515222,-15.222831,0.12092945,0.8374928,0.27223676,0.45811474
0.97719735,-0.5476128,-14.972683,0.67328805,0.5088828,-0.50592,0.1782315
0.65761817,-1.251035,-15.223528,0.12113587,0.8370411,0.27236044,0.4588117
0.9783959,-0.5476276,-14.972331,0.6730949,0.508191,-0.5067116,0.17868567
0.659067,-1.2481804,-15.224065,0.12097663,0.8368224,0.2722158,0.45933822
0.9797676,-0.5476447,-14.971929,0.6729662,0.5074263,-0.5075415,0.17898832
0.66280925,-1.2459496,-15.224484,0.120830916,0.83647555,0.2719886,0.46014214
0.9812805,-0.54693246,-14.971484,0.6728462,0.5066746,-0.5084122,0.17909764
0.662923,-1.2469139,-15.224785,0.12094625,0.83617187,0.27215078,0.4605677
0.9828405,-0.5478296,-14.971025,0.67283344,0.50583464,-0.50913537,0.1794652
0.6656002,-1.2476321,-15.227601,0.12104996,0.8358993,0.27207047,0.4610824
0.98545706,-0.54878724,-14.970536,0.6729,0.50487095,-0.5099308,0.17967057
0.6675786,-1.248163,-15.229682,0.12091067,0.83581716,0.27198425,0.46131858
0.98695576,-0.54869276,-14.971081,0.67296535,0.50404495,-0.5106729,0.1796374
0.666444,-1.2485324,-15.23113,0.120914474,0.8357261,0.27224982,0.46132606
0.9883611,-0.54966724,-14.971591,0.6729567,0.50330985,-0.5113802,0.17971893
0.6681441,-1.2488096,-15.232216,0.12104583,0.8355807,0.27237007,0.46148407
0.9896667,-0.55057263,-14.972065,0.6729281,0.50266075,-0.51204765,0.17974204
0.66934794,-1.2514652,-15.2329855,0.12110005,0.83549356,0.27252018,0.46153885
0.9921435,-0.5502339,-14.972524,0.6727497,0.5021482,-0.5128029,0.17968938
0.67025733,-1.2509747,-15.233567,0.12108588,0.83545136,0.27262852,0.46155506
0.9931162,-0.55117446,-14.972935,0.6726968,0.5017148,-0.51321596,0.17991814
0.6709381,-1.2506074,-15.234003,0.121021025,0.8352548,0.2729116,0.46176046
0.9939673,-0.5494976,-14.973293,0.67259526,0.50135195,-0.51376605,0.17973974
0.6690163,-1.2503502,-15.234308,0.12075017,0.8353044,0.27293417,0.4617283
0.9934833,-0.55167407,-14.973591,0.67279404,0.5009045,-0.51385486,0.17998958
0.6676462,-1.250167,-15.234525,0.12070177,0.8353021,0.27317515,0.46160257
0.9955246,-0.5511851,-14.973863,0.67266387,0.5006169,-0.5143377,0.17989634
0.66881794,-1.2521987,-15.234682,0.12087665,0.83515745,0.2733367,0.4617229
0.99887073,-0.5520901,-14.974126,0.67242295,0.50038546,-0.5147874,0.18015496
0.6697422,-1.2515975,-15.234807,0.12049771,0.8350299,0.27350742,0.4619514
1.0004237,-0.5528982,-14.972925,0.6723776,0.50019175,-0.514876,0.18060862
0.67046463,-1.2511276,-15.234904,0.12032328,0.8349465,0.2735517,0.46212146
1.0017549,-0.55069923,-14.973342,0.6722388,0.5000285,-0.51515675,0.18077627
0.6710251,-1.2507632,-15.234979,0.12018516,0.83482593,0.27378294,0.46223816
1.002897,-0.5531932,-14.972239,0.67231417,0.49988627,-0.5150408,0.18121904
0.6738159,-1.2504736,-15.235039,0.1201326,0.8347859,0.27374595,0.46234602
1.0024273,-0.5524235,-14.972741,0.67240834,0.49989247,-0.51487833,0.18131451
0.673582,-1.2502565,-15.235084,0.11990365,0.8348902,0.2738514,0.46215472
1.0020446,-0.5544568,-14.97182,0.6726415,0.49989685,-0.5144231,0.18172938
0.6734058,-1.2500932,-15.235118,0.11956121,0.8350319,0.2739104,0.46195233
1.0017295,-0.55358905,-14.972333,0.6728059,0.4999008,-0.51415616,0.18186502
0.6710839,-1.2477804,-15.235142,0.11904657,0.8353542,0.2739568,0.46147478
1.0014642,-0.55409104,-14.972764,0.6730968,0.5001598,-0.5134122,0.18217823
0.67355186,-1.2502551,-15.23516,0.11914663,0.83533007,0.27419868,0.4613491
1.001242,-0.55332667,-14.973125,0.67311054,0.5006002,-0.5128855,0.182401
0.67142624,-1.2501153,-15.235172,0.11906469,0.83539194,0.27443781,0.46111596
1.001052,-0.5538287,-14.973434,0.6731416,0.50094193,-0.51240706,0.18269293
0.66982305,-1.2481282,-15.235183,0.11880083,0.83552676,0.27444646,0.46093446
0.9997956,-0.5531507,-14.973693,0.673188,0.50128263,-0.51202166,0.18266825
0.6685982,-1.2483976,-15.235191,0.11883173,0.83560985,0.2745519,0.4607131
0.999781,-0.5546657,-14.973909,0.6731973,0.50161827,-0.51160395,0.18288246
0.66765094,-1.248606,-15.235197,0.11878189,0.83567107,0.27457726,0.46059978
0.9977875,-0.5539675,-14.974093,0.673187,0.50197387,-0.51129603,0.18280539
0.66852343,-1.2487689,-15.235202,0.11888105,0.8356708,0.2745944,0.46056446
0.99797094,-0.5543137,-14.974251,0.6730912,0.5022413,-0.51110065,0.18297005
0.6676805,-1.2504305,-15.235206,0.11902851,0.8358361,0.2745982,0.46022403
0.9981282,-0.5546104,-14.974386,0.6730707,0.50242496,-0.5109038,0.18309101
0.6655513,-1.2503011,-15.235208,0.11909556,0.835995,0.27452007,0.45996454
0.99741435,-0.55401665,-14.975351,0.6730444,0.5025803,-0.51082903,0.18297035
0.6652182,-1.2501969,-15.23521,0.119178824,0.83614165,0.27439898,0.45974854
0.99679613,-0.55511624,-14.975381,0.6731683,0.5026049,-0.5106243,0.18301795
0.6636333,-1.250112,-15.235212,0.1191386,0.8363412,0.2743056,0.4594517
0.9962581,-0.5545401,-14.976172,0.6732057,0.50267017,-0.51056135,0.18287724
0.661085,-1.2500426,-15.235213,0.11909562,0.83653116,0.2742872,0.45912796
0.9957877,-0.55476457,-14.976136,0.6733272,0.502676,-0.5104026,0.18285677
0.6625365,-1.251171,-15.235215,0.11930756,0.83647656,0.27440116,0.45910433
0.9960665,-0.5549617,-14.976105,0.67327493,0.5027195,-0.51043046,0.18285154
0.66149193,-1.2521108,-15.23409,0.11937612,0.83652484,0.27452347,0.45892534
0.9956551,-0.5557927,-14.976077,0.67332333,0.5027086,-0.5103958,0.18280047
0.6606159,-1.2518287,-15.233145,0.11930183,0.83662117,0.27448475,0.4587923
0.9959153,-0.55527943,-14.976052,0.673286,0.50271994,-0.5104857,0.18265583
0.6608932,-1.2515905,-15.232348,0.119228184,0.83660626,0.27454337,0.45880353
0.99614644,-0.5554167,-14.975437,0.673273,0.5027353,-0.51048994,0.18264957
0.66112876,-1.2513881,-15.231671,0.11915516,0.83657366,0.27464393,0.4588218
0.99578905,-0.55497557,-14.975452,0.67323524,0.50279194,-0.51052177,0.1825434
0.66133004,-1.2512152,-15.231093,0.11907346,0.83652407,0.27479008,0.4588458
0.9960047,-0.5545811,-14.975467,0.67318875,0.5028406,-0.51056963,0.18244693
0.66150296,-1.2510666,-15.230596,0.11896323,0.8364278,0.27493948,0.45896044
0.9961982,-0.5552442,-14.97497,0.6731527,0.5029088,-0.5105432,0.18246588
0.6616523,-1.2509383,-15.230166,0.11893349,0.8363487,0.27501747,0.45906553
0.9963722,-0.5548746,-14.975007,0.67306536,0.5030136,-0.5105951,0.18235397
0.66256887,-1.2508268,-15.23058,0.11884021,0.8362309,0.27519858,0.45919564
0.9960703,-0.5550001,-14.9750395,0.6730017,0.50316674,-0.5105451,0.18230663
0.66187334,-1.2514771,-15.230942,0.11871348,0.8361658,0.2753867,0.45923424
0.9953612,-0.5542417,-14.975069,0.6729132,0.5033669,-0.5105206,0.18214925
0.66126406,-1.2513368,-15.231258,0.11853526,0.83612734,0.27555048,0.45925212
0.99471813,-0.55479646,-14.974682,0.6728607,0.5035852,-0.51037544,0.18214655
0.66207707,-1.2512133,-15.231537,0.118445344,0.8360537,0.2756945,0.45932284
0.99452704,-0.5541203,-14.974723,0.67275625,0.5038497,-0.51028585,0.18205202
0.6615135,-1.2511041,-15.231783,0.11828017,0.8360454,0.27584788,0.45928854
0.9939791,-0.55425185,-14.97476,0.67266804,0.504187,-0.5100726,0.18204169
0.66162264,-1.2510073,-15.232001,0.1181223,0.8360097,0.27601257,0.4592952
0.9931237,-0.55437195,-14.974795,0.6725525,0.5046107,-0.5097918,0.18208116
0.6617198,-1.2509212,-15.232195,0.11801452,0.8359786,0.27611557,0.4593176
0.9926784,-0.55380714,-14.974827,0.67239314,0.50506866,-0.5095458,0.18208885
0.6612571,-1.2513938,-15.232368,0.117874734,0.8359515,0.27626905,0.4593105
0.9919498,-0.5539304,-14.974856,0.67223763,0.50564176,-0.5091518,0.18217438
0.66136456,-1.2518171,-15.232523,0.11775033,0.8358913,0.2763984,0.45937413
0.9912806,-0.55373913,-14.974883,0.67202824,0.5064545,-0.5085983,0.18223487
0.66096526,-1.2517015,-15.232663,0.11760136,0.8358249,0.27650103,0.4594714
0.9903758,-0.5535632,-14.974908,0.67176884,0.5075284,-0.50783765,0.18232515
0.6606055,-1.2520685,-15.232788,0.117435135,0.8357782,0.2766235,0.45952508
0.9895421,-0.5536758,-14.974656,0.6714594,0.5088504,-0.5068298,0.18258448
0.66072804,-1.2519524,-15.232454,0.1172801,0.83567595,0.27670154,0.45970365
0.9887728,-0.55299664,-14.974684,0.6709127,0.510592,-0.50576836,0.18267545
0.6609364,-1.251752,-15.232284,0.11692308,0.83546007,0.27675804,0.4601527
0.98681545,-0.55292416,-14.974149,0.66970706,0.5153026,-0.50232434,0.18337433
0.66064453,-1.2516651,-15.2320175,0.11661244,0.8354025,0.2766685,0.46038985
0.98497653,-0.5526613,-14.973226,0.66879386,0.5186434,-0.49997368,0.1837122
0.6607429,-1.2512215,-15.231774,0.11644375,0.8352857,0.27650306,0.46074364
0.98187155,-0.5516225,-14.97271,0.6679682,0.5216983,-0.49787918,0.18375465
0.6604864,-1.2511622,-15.231553,0.11627769,0.8351978,0.27640745,0.46100226
0.9782501,-0.5521565,-14.971234,0.6674103,0.52419555,-0.49582407,0.18423115
0.66123855,-1.2511079,-15.23135,0.1163353,0.8349438,0.2762503,0.46154183
0.9729605,-0.549448,-14.969532,0.6667557,0.52642196,-0.49436358,0.18417786
0.6613035,-1.2507457,-15.231163,0.11626347,0.83481026,0.27601478,0.4619422
0.9688603,-0.5479694,-14.967804,0.66623324,0.52810204,-0.49315384,0.18450168
0.6613641,-1.2504079,-15.230989,0.11612772,0.83478004,0.2754658,0.46235847
0.9649313,-0.547958,-14.966146,0.66579646,0.5294433,-0.49212292,0.18498652
0.66187394,-1.2495176,-15.231177,0.11604671,0.8347233,0.27485436,0.46284494
0.96131617,-0.5464329,-14.966138,0.66525906,0.5304995,-0.4916027,0.18527682
0.6619345,-1.2495202,-15.23093,0.11604408,0.8346372,0.27453202,0.4631919
0.95633674,-0.54668385,-14.964475,0.6650733,0.53122365,-0.490921,0.18567626
0.6620044,-1.2484913,-15.23116,0.1157941,0.83463806,0.27394202,0.46360207
0.95379055,-0.5417808,-14.96476,0.6644671,0.5318974,-0.49103686,0.18561132
0.66207635,-1.2479936,-15.231397,0.11562643,0.83463085,0.27355033,0.4638881
0.9497932,-0.5429215,-14.963214,0.6645335,0.5321057,-0.49052292,0.18613489
0.66215605,-1.2467822,-15.23166,0.11554812,0.83461404,0.27303916,0.4642388
0.9483165,-0.54022443,-14.963757,0.6642598,0.5321733,-0.49081537,0.18614751
0.66289544,-1.2469755,-15.231906,0.115654446,0.8343994,0.2728754,0.46469426
0.94715685,-0.54339117,-14.964184,0.6642346,0.5320286,-0.49083492,0.186599
0.6629205,-1.2464625,-15.232149,0.11578813,0.8343617,0.2724925,0.4649532
0.9462048,-0.5406788,-14.964534,0.66394645,0.531993,-0.49131572,0.18646052
0.6629425,-1.24668,-15.232364,0.1158886,0.83429927,0.27231038,0.4651469
0.94714904,-0.54362315,-14.964805,0.6637726,0.53176296,-0.49160123,0.18698259
0.662966,-1.2453797,-15.232592,0.11588654,0.83430654,0.27189216,0.46537888
0.9462672,-0.5410671,-14.965023,0.66356224,0.53156674,-0.4921903,0.18673724
0.66382414,-1.2449094,-15.2328205,0.11600416,0.8341824,0.27178344,0.46563563
0.94556075,-0.5437809,-14.965198,0.6635199,0.5312725,-0.49240175,0.18716678
0.66467,-1.244446,-15.233046,0.116589434,0.8340542,0.27173582,0.465747
0.9465081,-0.54593337,-14.96383,0.6629699,0.52990526,-0.49438998,0.18774953
0.6654897,-1.2439969,-15.233264,0.11706596,0.83399945,0.27152395,0.46584904
0.9486993,-0.54622513,-14.964165,0.662354,0.5289565,-0.49610463,0.18807578
0.6652623,-1.2435898,-15.233462,0.11734272,0.83394355,0.27148366,0.46590298
0.95047075,-0.5491824,-14.963077,0.6620184,0.52825433,-0.49708343,0.18864545
0.6660721,-1.2432029,-15.233649,0.117710315,0.8338499,0.2713522,0.4660545
0.9519154,-0.54771614,-14.963481,0.661494,0.52783936,-0.49823326,0.18861319
0.6657705,-1.2428584,-15.233817,0.11799056,0.83382565,0.2713453,0.4660308
0.95310324,-0.5489666,-14.962585,0.6612434,0.52746356,-0.49884737,0.18891987
0.6665596,-1.2425357,-15.233974,0.11831923,0.8337921,0.2712189,0.46608108
0.9540875,-0.54883605,-14.963011,0.6609484,0.52722883,-0.4995001,0.18888296
0.6672903,-1.242237,-15.23412,0.11864289,0.83372986,0.27115834,0.46614558
0.954909,-0.54983544,-14.962257,0.6606956,0.52703285,-0.49998432,0.18903273
0.6679038,-1.243047,-15.234242,0.11904348,0.8336857,0.27096972,0.46623206
0.95559955,-0.5496225,-14.961624,0.6603612,0.52694595,-0.5005096,0.18905357
0.6684686,-1.242695,-15.234355,0.1193293,0.83372027,0.27068973,0.46625975
0.9561836,-0.5504426,-14.961087,0.6601201,0.5268667,-0.5008591,0.1891906
0.6678924,-1.2423943,-15.234451,0.11959412,0.83379304,0.27039355,0.4662337
0.95668083,-0.5511406,-14.960631,0.65995646,0.52682555,-0.5010566,0.18935333
0.6684594,-1.2421163,-15.234539,0.11990968,0.8338555,0.27005813,0.46623534
0.9580092,-0.5499328,-14.9611435,0.6596646,0.5269035,-0.50136787,0.1893296
0.6678855,-1.2418799,-15.234614,0.12016941,0.8339408,0.26969615,0.4662254
0.958295,-0.5506082,-14.960728,0.659529,0.5270669,-0.5013047,0.18951453
0.66739184,-1.2416766,-15.234678,0.12046909,0.8340891,0.26920593,0.46616602
0.95854235,-0.5495632,-14.961182,0.65931296,0.5272233,-0.50142556,0.18951163
0.6679916,-1.2414883,-15.234738,0.12086261,0.83417153,0.26874778,0.46618095
0.95875734,-0.55020255,-14.960802,0.65916723,0.52748114,-0.5012769,0.18969359
0.6690057,-1.2422049,-15.23484,0.12163845,0.83451724,0.26770505,0.46596044
0.9584282,-0.5498873,-14.960862,0.65873545,0.52833974,-0.50085604,0.18991584
0.6684157,-1.2419759,-15.2348795,0.12192144,0.83496124,0.26697078,0.46551225
0.95795685,-0.54974955,-14.961223,0.6585469,0.52901274,-0.5003478,0.19003607
0.66887224,-1.2417687,-15.234915,0.12221347,0.8353417,0.26630762,0.4651327
0.95754004,-0.54962766,-14.961541,0.65834296,0.52979267,-0.499783,0.19005617
0.6673807,-1.2425326,-15.234945,0.12243018,0.83578575,0.2657105,0.4646192
0.95717,-0.5495195,-14.961824,0.6581245,0.53055227,-0.49923837,0.19012508
0.66610235,-1.242294,-15.234971,0.12255459,0.83616626,0.2651496,0.46422207
0.95615524,-0.54941064,-14.961467,0.6578954,0.5315014,-0.49851137,0.19017477
0.66500086,-1.2420883,-15.234993,0.12260814,0.8365329,0.2645447,0.46389246
0.95513374,-0.54860806,-14.9618,0.6577044,0.532451,-0.497806,0.19002682
0.6640467,-1.2411041,-15.235013,0.12253557,0.8368326,0.26404017,0.4636585
0.95324785,-0.54854864,-14.961358,0.6575283,0.5335013,-0.49685,0.19019209
0.66321635,-1.2410133,-15.235029,0.122529194,0.837065,0.26353535,0.4635278
0.9522457,-0.5467791,-14.960923,0.65718293,0.5345705,-0.49618292,0.19012527
0.6632179,-1.2402064,-15.2350445,0.12252366,0.83718127,0.26308104,0.46357736
0.951271,-0.5459714,-14.960501,0.65673214,0.5357539,-0.49543148,0.19031146
0.66321933,-1.2394844,-15.235058,0.12242952,0.8370196,0.2628161,0.464044
0.95033395,-0.54422456,-14.9600935,0.65604734,0.5374602,-0.49452743,0.19021334
0.6632205,-1.2395194,-15.235069,0.12241364,0.83678627,0.26270527,0.46453157
0.9494482,-0.5435935,-14.959709,0.6555542,0.53886384,-0.49360368,0.19034187
0.6632219,-1.2387875,-15.235083,0.122345224,0.8365062,0.26268825,0.46506342
0.9474779,-0.5429802,-14.959335,0.6552016,0.54001266,-0.49280733,0.19036321
0.6639711,-1.2388792,-15.235093,0.12244973,0.8361358,0.26274732,0.4656682
0.9455919,-0.5411926,-14.958978,0.6548422,0.5409102,-0.49229845,0.19036828
0.6639092,-1.2381601,-15.235104,0.12234835,0.8358409,0.26282808,0.46617854
0.94388497,-0.5420579,-14.958654,0.6546543,0.5415824,-0.49167097,0.1907248
0.6654387,-1.2383088,-15.235113,0.12247445,0.8354094,0.26301727,0.4668117
0.9436373,-0.5403092,-14.958369,0.6540903,0.5421603,-0.49166164,0.19104214
0.6652461,-1.2376131,-15.235123,0.122392334,0.8351721,0.2632177,0.4671447
0.9434266,-0.5412781,-14.958126,0.65373075,0.5425386,-0.49142042,0.19181794
0.6658944,-1.2378135,-15.23513,0.122401625,0.8349095,0.26335442,0.46753454
0.9419461,-0.5408763,-14.957904,0.6535443,0.5426985,-0.49135396,0.19217052
0.66654193,-1.2371187,-15.235139,0.12236105,0.8346713,0.26347068,0.46790478
0.9406118,-0.54051423,-14.957705,0.65326965,0.54284596,-0.49141642,0.19252788
0.66717565,-1.236439,-15.2351465,0.12233841,0.8344404,0.26364297,0.46822545
0.9394523,-0.5415529,-14.957531,0.6531442,0.5427314,-0.49144855,0.19319329
0.6667715,-1.2358143,-15.235155,0.12232533,0.8342128,0.26383013,0.46852887
0.9384237,-0.53967965,-14.957377,0.6529338,0.54256684,-0.491855,0.1933327
0.66830117,-1.2371562,-15.235162,0.12247464,0.83384126,0.26419643,0.46894467
0.9375478,-0.54086906,-14.957246,0.65287673,0.5422824,-0.4920186,0.19390582
0.6696127,-1.2374164,-15.2351675,0.122484565,0.83347327,0.26448774,0.46943173
0.9394815,-0.5405127,-14.957139,0.6526021,0.5419258,-0.49257165,0.19442283
0.67175543,-1.2376596,-15.235174,0.12256499,0.83299243,0.2648502,0.47005945
0.9410658,-0.5402207,-14.957052,0.652372,0.54154724,-0.4931237,0.19484964
0.6736776,-1.2387869,-15.235179,0.12267911,0.83249444,0.2653514,0.47062892
0.9411804,-0.542367,-14.956981,0.65226245,0.5411954,-0.49343687,0.19540043
0.67559373,-1.2389096,-15.235183,0.12271323,0.8320337,0.2656837,0.4712469
0.9412757,-0.5418847,-14.956921,0.65206635,0.5408769,-0.49398807,0.19554389
0.67627573,-1.2399689,-15.235187,0.12275336,0.831588,0.2661102,0.47178224
0.9424329,-0.54148066,-14.956871,0.65183043,0.54059786,-0.49448952,0.19583435
0.67800665,-1.2399684,-15.235191,0.12268853,0.8311408,0.2664232,0.47241002
0.943409,-0.54318666,-14.956828,0.6516822,0.5403229,-0.49477956,0.19635344
0.6795952,-1.2410535,-15.235195,0.12275572,0.8307199,0.26671866,0.47296587
0.9442376,-0.54171795,-14.956792,0.6513896,0.54014075,-0.4953151,0.19647545
0.68112224,-1.2409202,-15.235198,0.12291984,0.83037204,0.26688197,0.47344172
0.9458688,-0.54138756,-14.955838,0.6509211,0.53962654,-0.49638614,0.19673774
0.68255556,-1.240795,-15.235202,0.12308779,0.8300663,0.26700294,0.47386584
0.94639206,-0.5428587,-14.955019,0.65065515,0.5391367,-0.49713662,0.19706532
0.6869509,-1.240668,-15.235206,0.123398274,0.8297547,0.2669777,0.47434482
0.9476773,-0.541628,-14.955145,0.65031767,0.53878695,-0.49797326,0.19702345
0.68929803,-1.2420872,-15.235209,0.12364226,0.82957095,0.2670557,0.47455874
0.9480006,-0.54214406,-14.954462,0.6501747,0.53848594,-0.4984571,0.19709446
0.68974733,-1.2417436,-15.235211,0.12378251,0.8295168,0.2669612,0.47467
0.949787,-0.54259384,-14.953867,0.6499871,0.5381603,-0.49901444,0.19719239
0.69180095,-1.2414376,-15.235213,0.12407458,0.8294749,0.26686722,0.4747196
0.9506366,-0.54227304,-14.953346,0.64982337,0.5379304,-0.4994638,0.19722188
0.6935335,-1.2428643,-15.235216,0.12431078,0.8294569,0.26685905,0.47469392
0.9513837,-0.54334885,-14.9528885,0.64979374,0.5377012,-0.49968734,0.19737796
0.69502234,-1.2423346,-15.235217,0.12445483,0.8295183,0.26668632,0.4746461
0.9520433,-0.5430087,-14.953129,0.6497619,0.5374728,-0.49998763,0.19734448
0.6962799,-1.2418873,-15.235218,0.12464155,0.82961,0.26663774,0.4744641
0.9526278,-0.54331994,-14.952729,0.649797,0.5373003,-0.5001049,0.19740137
0.69552237,-1.241541,-15.23522,0.124894,0.8298298,0.26636794,0.4741647
0.9531477,-0.54301465,-14.952955,0.64978755,0.5371496,-0.50029606,0.19735833
0.6949251,-1.241268,-15.235221,0.12521663,0.83002824,0.26613557,0.47386268
0.9536118,-0.5427422,-14.953157,0.6497372,0.53705233,-0.5005048,0.19725975
0.69444746,-1.2410496,-15.235222,0.12552522,0.83026856,0.26581496,0.4735397
0.9535018,-0.54302365,-14.953338,0.6497634,0.53692985,-0.500595,0.19727802
0.6925401,-1.240877,-15.235222,0.12582855,0.83054596,0.26552925,0.47313294
0.95390224,-0.5427773,-14.953501,0.64971113,0.5368384,-0.5007828,0.19722249
0.687163,-1.2418723,-15.235222,0.12649186,0.8311046,0.26498082,0.47228193
0.9541366,-0.5432589,-14.95378,0.6496337,0.5366816,-0.5010042,0.19734165
0.68652153,-1.241612,-15.235222,0.12682818,0.8314131,0.2645433,0.47189394
0.9544517,-0.54303724,-14.954328,0.64956206,0.536618,-0.50110203,0.1975022
0.6859953,-1.2426443,-15.235222,0.12716486,0.83171207,0.26415038,0.47149622
0.9547376,-0.5432425,-14.954418,0.64948297,0.53659004,-0.50112116,0.19778948
0.6855601,-1.243498,-15.235222,0.1275559,0.8319641,0.26371396,0.47119018
0.9549978,-0.5430431,-14.954886,0.64933234,0.5366062,-0.50117564,0.19810213
0.68519765,-1.2453333,-15.235222,0.12790821,0.8322062,0.26334825,0.4708715
0.955235,-0.54322815,-14.954947,0.649257,0.5366098,-0.5011021,0.19852474
0.68382543,-1.2447367,-15.235222,0.12812,0.8324679,0.26291412,0.4705938
0.9551032,-0.54339725,-14.955351,0.6491887,0.53663784,-0.50099194,0.19894981
0.6826667,-1.2442329,-15.235222,0.12831564,0.8327277,0.2624565,0.47033638
0.9549826,-0.5438832,-14.95539,0.64919686,0.5366719,-0.50072306,0.19950745
0.6816821,-1.2438048,-15.235222,0.12852968,0.83296764,0.26195386,0.47013324
0.9548719,-0.5436998,-14.95574,0.6491315,0.53677624,-0.5005144,0.19996262
0.6808405,-1.2443547,-15.235222,0.12882355,0.8331048,0.2614547,0.47008768
0.95506907,-0.5441289,-14.956061,0.649165,0.53682566,-0.5000651,0.20084311
0.6809872,-1.2448275,-15.235222,0.12915775,0.83321536,0.26092914,0.47009203
0.95525044,-0.54395616,-14.956357,0.64911723,0.5369267,-0.49972612,0.20156968
0.6811139,-1.2452358,-15.235222,0.12948418,0.83327734,0.26050362,0.4701284
0.9548784,-0.54433626,-14.95636,0.64926434,0.53703845,-0.4990884,0.20237648
0.6804388,-1.2455904,-15.235222,0.1296711,0.83338743,0.260156,0.47007415
0.9550472,-0.54417485,-14.956619,0.649292,0.53707755,-0.49877825,0.20294835
0.6798498,-1.2458998,-15.235222,0.1299567,0.83340377,0.25995696,0.4700764
0.9549599,-0.54451233,-14.956859,0.6493773,0.53717226,-0.49828127,0.20364428
0.68004227,-1.2461708,-15.235222,0.1301639,0.8334172,0.25976637,0.47010067
0.9551103,-0.54459363,-14.957081,0.6493844,0.53722167,-0.49797934,0.20422906
0.6790934,-1.24662,-15.235222,0.13046578,0.8333966,0.2599706,0.4699407
0.9551643,-0.5449538,-14.957478,0.6494495,0.5374966,-0.49710166,0.205433
0.6793063,-1.2474145,-15.235222,0.13065717,0.83328617,0.26021844,0.4699461
0.955289,-0.54501444,-14.957654,0.6493435,0.53771526,-0.49679622,0.20593423
0.6785724,-1.2482046,-15.235222,0.13081719,0.8331399,0.2607455,0.46986872
0.95533144,-0.54512835,-14.957989,0.64916486,0.53811127,-0.4963416,0.20655838
0.6787832,-1.2487999,-15.235222,0.13093792,0.83300483,0.2611145,0.4698697
0.9552568,-0.5451836,-14.958151,0.64903474,0.53826433,-0.49626067,0.20676258
0.67897254,-1.2493348,-15.235222,0.13105263,0.83286864,0.26142123,0.4699086
0.9553759,-0.5452377,-14.958309,0.6488312,0.53840715,-0.49628443,0.2069726
0.6791432,-1.2502868,-15.235222,0.13122839,0.8326859,0.2618113,0.46996608
0.9553004,-0.5452908,-14.958273,0.6486492,0.5385545,-0.49627578,0.20718002
0.6797439,-1.251147,-15.235222,0.13145855,0.8325009,0.26213613,0.47004852
0.9554187,-0.54534286,-14.958237,0.6483925,0.53860784,-0.4965089,0.20728645
0.67986387,-1.2519262,-15.2347975,0.1317045,0.832309,0.2624677,0.4701344
0.95534235,-0.54558605,-14.958201,0.6483623,0.538538,-0.4965382,0.2074926
0.6799988,-1.2528028,-15.23432,0.1319555,0.8321469,0.2627127,0.47021422
0.95526755,-0.5456321,-14.958167,0.6482776,0.53842276,-0.49672443,0.20761026
0.68078184,-1.2538403,-15.233755,0.13222897,0.8319291,0.26299575,0.47036448
0.9553864,-0.5460618,-14.958133,0.6482057,0.5382922,-0.49680272,0.20798567
0.6825935,-1.25597,-15.23305,0.13253154,0.83171415,0.26326427,0.47050932
0.9555029,-0.54609835,-14.9581,0.6481354,0.538116,-0.4970251,0.2081294
0.6835258,-1.2572318,-15.232319,0.1327349,0.8315458,0.26341704,0.47066388
0.95561713,-0.54613423,-14.958067,0.6480162,0.5379485,-0.4972866,0.20830876
0.68671685,-1.2585611,-15.231548,0.13318975,0.8313175,0.26319498,0.47106275
0.9561517,-0.5461721,-14.958034,0.6479918,0.53726995,-0.49777147,0.20897652
0.6886251,-1.2598666,-15.230791,0.13357946,0.8311328,0.26294854,0.47141585
0.9565415,-0.546473,-14.957993,0.64809674,0.5367219,-0.49791074,0.20972654
0.6903408,-1.2597777,-15.230111,0.13388625,0.8310087,0.26263893,0.4717202
0.95700294,-0.5468294,-14.957943,0.64821327,0.5361169,-0.4981332,0.21038449
0.69339854,-1.2610942,-15.229455,0.13427567,0.8308607,0.26228935,0.4720646
0.95753646,-0.5472414,-14.957887,0.6482477,0.53574294,-0.4981841,0.21110901
0.69606173,-1.2608107,-15.230314,0.13453287,0.8307562,0.2618447,0.47242206
0.9586304,-0.5477316,-14.957819,0.6483553,0.53534514,-0.49823645,0.21166353
0.69549793,-1.2592227,-15.231009,0.13456018,0.8308206,0.26139805,0.47254807
0.9592968,-0.5482656,-14.957745,0.6485966,0.53500897,-0.49809176,0.21211429
0.69634366,-1.260532,-15.231585,0.13480096,0.83077085,0.2611058,0.47272855
0.9600207,-0.5488457,-14.958268,0.64875394,0.5347442,-0.4980041,0.21250628
0.6957667,-1.2616494,-15.232077,0.13504916,0.8307815,0.26076707,0.4728258
0.96010077,-0.5494267,-14.958793,0.6490889,0.53450435,-0.4977085,0.21277937
0.6952926,-1.2613336,-15.23248,0.13529137,0.83074534,0.26050305,0.47296584
0.9609455,-0.55081993,-14.959368,0.6493751,0.53422576,-0.49751526,0.21305774
0.69490004,-1.261072,-15.232814,0.13554157,0.8307265,0.26021844,0.47308388
0.96179456,-0.5513944,-14.959945,0.64957,0.53405654,-0.4973584,0.21325344
0.697075,-1.2620972,-15.233133,0.13593592,0.8306183,0.26004115,0.4732581
0.96263206,-0.5519609,-14.960514,0.6497467,0.53399897,-0.4971504,0.21334441
0.699007,-1.2617022,-15.2334175,0.1362561,0.8305648,0.2598107,0.47338665
0.9633998,-0.55157954,-14.961036,0.6498928,0.5340314,-0.49693713,0.21331534
0.69938254,-1.2626977,-15.233671,0.13653214,0.8305592,0.2596552,0.47340214
0.9631839,-0.5531136,-14.9615345,0.65014905,0.53404456,-0.49652782,0.21345423
0.69884247,-1.2630999,-15.2340555,0.13702519,0.83066016,0.25941518,0.47321418
0.9628277,-0.5530892,-14.962357,0.6501845,0.5344751,-0.49605596,0.21336591
0.699228,-1.263873,-15.23291,0.13733502,0.8306849,0.25939405,0.4730925
0.96363705,-0.55353594,-14.962735,0.650012,0.5348523,-0.49584156,0.21344478
0.69956875,-1.2645564,-15.231898,0.1377101,0.8306981,0.25942737,0.47294205
0.9643576,-0.5529701,-14.963071,0.6498757,0.53520185,-0.49566066,0.21340363
0.6998789,-1.2665864,-15.230977,0.13804291,0.83066225,0.25951627,0.47285917
0.9650393,-0.55344796,-14.963388,0.64975023,0.5355519,-0.4954456,0.21340705
0.7001465,-1.2669144,-15.230183,0.13819803,0.83060277,0.25968426,0.47282618
0.9646547,-0.5538556,-14.962694,0.64967453,0.53588307,-0.49519822,0.21338029
0.70037663,-1.2671965,-15.229499,0.13843964,0.83050925,0.25980777,0.47285196
0.9652659,-0.5532648,-14.963029,0.64952314,0.5361876,-0.49513063,0.2132331
0.7021491,-1.269017,-15.228868,0.13885896,0.8302672,0.26003337,0.47302982
0.96488297,-0.5536653,-14.96241,0.64952004,0.5364586,-0.49486747,0.2131717
0.7020746,-1.2689822,-15.228344,0.1392291,0.83010083,0.2601422,0.47315314
0.96541756,-0.55314577,-14.961876,0.64938545,0.5367054,-0.49480712,0.21310055
0.70365727,-1.2706004,-15.227876,0.13971089,0.8298324,0.26040006,0.47334018
0.9659148,-0.5535464,-14.96138,0.64922184,0.53699875,-0.49466595,0.21318763
0.70503765,-1.2720121,-15.227467,0.14013524,0.82963747,0.26052076,0.47348997
0.96634734,-0.5530482,-14.960948,0.6490432,0.53724974,-0.49468088,0.2130648
0.70624655,-1.2751045,-15.227108,0.14083631,0.8292906,0.26078922,0.47374174
0.96591765,-0.55261654,-14.960573,0.64891666,0.53755563,-0.49456397,0.21294998
0.708064,-1.2762951,-15.226571,0.1416406,0.82887536,0.26100555,0.4741094
0.9652164,-0.5533449,-14.959962,0.64880085,0.5379368,-0.49430257,0.21294707
0.71074367,-1.276737,-15.226372,0.14202869,0.82854706,0.26108056,0.47452557
0.9649135,-0.5543869,-14.959699,0.64876467,0.53809696,-0.49414092,0.21302761
0.7129211,-1.2770959,-15.226209,0.14252785,0.82821643,0.26064083,0.47519445
0.96534866,-0.55390877,-14.960169,0.6485705,0.5381387,-0.49437118,0.21297936
0.71257615,-1.2773758,-15.226082,0.14264135,0.8280501,0.26015082,0.4757186
0.96579015,-0.5549736,-14.95987,0.64851993,0.53810686,-0.4943941,0.2131605
0.7123181,-1.2756453,-15.2259865,0.14278397,0.82784706,0.2596297,0.47631344
0.96620786,-0.5551835,-14.959589,0.64848095,0.5380452,-0.49449462,0.21320131
0.7140541,-1.2762046,-15.225912,0.14285076,0.8276151,0.25925773,0.47689888
0.9666014,-0.5553812,-14.959324,0.64852166,0.5379248,-0.49453303,0.21329233
0.71539354,-1.274758,-15.225853,0.14273138,0.827392,0.25895274,0.47748685
0.9661632,-0.5555538,-14.959092,0.64864844,0.5377498,-0.49450737,0.21340768
0.71836495,-1.273588,-15.225806,0.14273357,0.8271418,0.2585225,0.47815242
0.9673288,-0.5549281,-14.959663,0.64864516,0.5375655,-0.4946917,0.21345493
0.71887463,-1.2745543,-15.225767,0.14269972,0.8269098,0.25839207,0.47863415
0.96762115,-0.5551435,-14.959396,0.64875257,0.53736395,-0.49468222,0.21365795
0.72120744,-1.273402,-15.225737,0.14272863,0.8266362,0.2580674,0.47927278
0.9678766,-0.55456525,-14.959929,0.6488578,0.5371477,-0.49477413,0.21366929
0.7231912,-1.2765164,-15.22571,0.14295816,0.8263073,0.25801513,0.47979954
0.96812797,-0.555635,-14.959635,0.64902824,0.5369569,-0.49465615,0.21390398
0.72479296,-1.2769309,-15.225689,0.142911,0.8261439,0.25789565,0.48015895
0.9683463,-0.55500793,-14.960157,0.64914584,0.5367631,-0.49467832,0.21398254
0.72600216,-1.275215,-15.225673,0.14284149,0.82600105,0.2577028,0.4805289
0.96856236,-0.5560632,-14.960673,0.6493359,0.5365149,-0.49462044,0.21416208
0.7290122,-1.2738488,-15.225659,0.14268509,0.8259087,0.25750494,0.4808399
0.9687497,-0.55538654,-14.960326,0.64941794,0.5363862,-0.49459952,0.214284
0.7293372,-1.2748313,-15.225649,0.14254193,0.82595354,0.25741276,0.4808548
0.96891797,-0.5555582,-14.960014,0.649533,0.5363029,-0.49448958,0.21439719
0.7263112,-1.2707986,-15.229087,0.14210314,0.82641286,0.25730544,0.4802526
0.96845686,-0.55585986,-14.960957,0.6499565,0.5363592,-0.49381113,0.21453634
0.72531426,-1.2722039,-15.230219,0.142102,0.82652426,0.25731397,0.48005655
0.967915,-0.5552638,-14.96134,0.6501206,0.53643423,-0.4935107,0.21454325
0.72454196,-1.2716073,-15.231096,0.14196432,0.8266796,0.257276,0.47985
0.96743876,-0.555423,-14.961677,0.6503095,0.53650534,-0.4932123,0.21447907
0.7239369,-1.2711399,-15.231784,0.14185052,0.82682586,0.25720048,0.47967216
0.9670185,-0.55491453,-14.961974,0.65039927,0.53662866,-0.49300155,0.21438293
0.7234578,-1.2707697,-15.232328,0.14170234,0.8269887,0.2571328,0.47947156
0.9666462,-0.55446416,-14.962238,0.65043974,0.536807,-0.49278778,0.21430492
0.72307473,-1.2690288,-15.232764,0.1415978,0.8271735,0.2568857,0.4793161
0.96631515,-0.5540637,-14.962473,0.6505148,0.53692746,-0.4926239,0.21415229
0.7213928,-1.2689962,-15.233114,0.14153616,0.8273318,0.2568037,0.47910503
0.96601987,-0.55426276,-14.962682,0.6505567,0.53710914,-0.4923982,0.2140886
0.72132725,-1.2689697,-15.233401,0.14142722,0.8274669,0.2567342,0.4789411
0.9657556,-0.55391246,-14.962869,0.65053314,0.5372735,-0.49232587,0.2139136
0.72003454,-1.268948,-15.233636,0.14132692,0.8276101,0.25670165,0.47874057
0.9650161,-0.55410004,-14.963037,0.65055835,0.5374802,-0.49209222,0.21385531
0.7189647,-1.267753,-15.23383,0.14115764,0.8277159,0.25666547,0.47862712
0.9648274,-0.5537919,-14.963188,0.6505434,0.53768915,-0.4919417,0.21372224
0.71807283,-1.2678748,-15.233993,0.14104722,0.82774395,0.25678468,0.4785472
0.96420383,-0.5539669,-14.963324,0.6505846,0.5379093,-0.49166462,0.21368018
0.7183863,-1.266915,-15.234128,0.14092703,0.8277483,0.25675365,0.4785916
0.96406984,-0.5536948,-14.963447,0.6505645,0.53815293,-0.4914532,0.21361445
0.71700937,-1.2663227,-15.234341,0.14067324,0.8277443,0.25696373,0.47856048
0.96266836,-0.55361575,-14.963662,0.6506237,0.5386827,-0.49092487,0.21331345
0.71646816,-1.2665575,-15.234424,0.14063731,0.82769907,0.25708154,0.47858605
0.9622434,-0.5533959,-14.963755,0.65058964,0.53893393,-0.4907651,0.2131502
0.716868,-1.2667595,-15.234496,0.14057045,0.8276306,0.25720453,0.47865796
0.9618552,-0.5535458,-14.963839,0.6505593,0.5391767,-0.4905573,0.21310705
0.7172136,-1.2661121,-15.234558,0.14051802,0.82757306,0.25725472,0.47874582
0.9614998,-0.5530167,-14.963917,0.6504909,0.53934956,-0.49053767,0.21292388
0.71673304,-1.2655497,-15.2346115,0.14038114,0.82756287,0.25734064,0.4787575
0.9611739,-0.55348086,-14.963988,0.6505128,0.5394664,-0.49034512,0.21300417
0.71631354,-1.2658006,-15.234659,0.14032821,0.8275371,0.25739405,0.47878876
0.96117514,-0.55330604,-14.964054,0.6504363,0.53957015,-0.49035558,0.2129509
0.71665055,-1.2653159,-15.2347,0.1402712,0.82751566,0.25742164,0.4788277
0.96146184,-0.5531452,-14.964113,0.6503072,0.53967637,-0.49036354,0.21305774
0.71694714,-1.2655586,-15.234736,0.14023668,0.82748914,0.25743687,0.4788755
0.9614548,-0.55272555,-14.964169,0.65020746,0.53978664,-0.4903763,0.21305345
0.71720934,-1.2651371,-15.234769,0.14017144,0.82746994,0.25741425,0.47893998
0.9614484,-0.5525959,-14.96422,0.6501478,0.53980976,-0.49041668,0.21308419
0.71683776,-1.2653673,-15.2347975,0.14013855,0.8274456,0.25744176,0.4789768
0.96144235,-0.55272096,-14.964267,0.6500619,0.5398075,-0.4904595,0.21325296
0.7170809,-1.2655723,-15.234823,0.14013366,0.82738304,0.2574326,0.47909126
0.9612042,-0.55237144,-14.964311,0.6499788,0.53971475,-0.49068698,0.2132179
0.71729815,-1.2652103,-15.234845,0.14010407,0.8273162,0.25741863,0.4792228
0.96142536,-0.55226845,-14.96413,0.6498534,0.53962797,-0.49088278,0.21336897
0.7180108,-1.2648857,-15.234865,0.14014134,0.8272322,0.25737163,0.4793821
0.9614207,-0.5521729,-14.964172,0.6497311,0.5395562,-0.4911304,0.21335334
0.7181592,-1.2650862,-15.234884,0.1401769,0.8271522,0.25736195,0.47951496
0.9614164,-0.552084,-14.964212,0.6496319,0.53948873,-0.49131548,0.21339995
0.71829295,-1.2647992,-15.2349,0.14015996,0.82709616,0.2573226,0.47963765
0.9614124,-0.5521924,-14.96425,0.64957565,0.5393955,-0.49144453,0.2135095
0.7184139,-1.26454,-15.234916,0.14014105,0.8270657,0.25725245,0.47973344
0.96140844,-0.5521064,-14.964286,0.6495129,0.53929174,-0.49165902,0.2134689
0.7189537,-1.2643013,-15.23493,0.14019248,0.8269893,0.25717133,0.47989362
0.9614045,-0.5518299,-14.964322,0.64939576,0.5392093,-0.49191388,0.21344635
0.7190419,-1.264071,-15.234942,0.14015986,0.82691985,0.25710085,0.4800603
0.9615929,-0.5521356,-14.964357,0.64934945,0.53908664,-0.49206564,0.2135473
0.7196478,-1.2638133,-15.234958,0.14015767,0.8268466,0.25700745,0.4802372
0.9615853,-0.55224293,-14.964392,0.6492958,0.5390082,-0.49220702,0.21358237
0.7203068,-1.263533,-15.234974,0.14016004,0.82678056,0.25687587,0.48042062
0.96157783,-0.5519636,-14.964426,0.64918935,0.5389658,-0.4924144,0.21353492
0.72180927,-1.2632039,-15.234993,0.14015752,0.82666093,0.25680912,0.48066288
0.9617627,-0.5520745,-14.964458,0.64910984,0.5389148,-0.49254364,0.21360701
0.7225303,-1.2628715,-15.235012,0.14012343,0.8265819,0.25671858,0.48085707
0.96175176,-0.5519908,-14.964491,0.6490497,0.53891695,-0.49262375,0.21359986
0.72240037,-1.2625763,-15.235029,0.14008377,0.8265429,0.25664374,0.4809756
0.96193326,-0.5519088,-14.964523,0.64896977,0.5389095,-0.49273804,0.21359788
0.72310466,-1.2614489,-15.235046,0.1399133,0.8265251,0.2565526,0.4811043
0.96211106,-0.5520207,-14.964555,0.6489188,0.53890973,-0.49278006,0.21365532
0.7237952,-1.2612386,-15.235063,0.13983923,0.8264525,0.25656572,0.48124358
0.9620931,-0.5517459,-14.964585,0.6488663,0.53894436,-0.49281964,0.2136362
0.72353834,-1.2610561,-15.235077,0.13978125,0.8263954,0.25660563,0.48133713
0.96207553,-0.55166876,-14.964616,0.64883626,0.5389804,-0.4928049,0.21367043
0.72483945,-1.2607082,-15.235104,0.13964267,0.82626295,0.25658467,0.4816159
0.9620412,-0.55151206,-14.964674,0.64876395,0.5390923,-0.49276727,0.21369424
0.7254417,-1.2605472,-15.235116,0.13956365,0.8261743,0.25662386,0.48176995
0.9620246,-0.55163187,-14.964703,0.64876485,0.5391741,-0.49266982,0.21370992
0.7259986,-1.2603983,-15.236181,0.13927898,0.82608855,0.2567117,0.48195252
0.9617981,-0.5513417,-14.964733,0.6486763,0.5394914,-0.49249658,0.21357718
0.72546864,-1.2602723,-15.236082,0.13902871,0.825979,0.25693274,0.48209482
0.96178466,-0.5512624,-14.964764,0.64854825,0.5398664,-0.49227265,0.21353476
0.7260014,-1.2601581,-15.2359915,0.13886826,0.8257723,0.25717297,0.48236704
0.9612348,-0.55090183,-14.9648,0.6484152,0.5403332,-0.49201193,0.21335922
0.7264963,-1.2600521,-15.235908,0.13867499,0.82561356,0.2573524,0.48259845
0.96088487,-0.55009425,-14.964847,0.64822334,0.54085296,-0.49179265,0.21313068
0.7269489,-1.2599549,-15.236912,0.13855962,0.82536924,0.2576137,0.48290995
0.96056455,-0.5503499,-14.964559,0.6480929,0.541384,-0.49141666,0.21304636
0.7273617,-1.2598665,-15.237826,0.1384064,0.8251233,0.25792006,0.48321062
0.96026385,-0.5499449,-14.964287,0.64788765,0.54201853,-0.4910736,0.21284801
0.72773314,-1.2586571,-15.23752,0.13824406,0.82484984,0.2581565,0.48359767
0.9594735,-0.5494403,-14.964365,0.6477019,0.5426746,-0.49074835,0.21249157
0.72931236,-1.2587248,-15.237228,0.1381348,0.82448524,0.25849688,0.48406848
0.9585835,-0.54887223,-14.9639635,0.6474574,0.54333675,-0.4904304,0.21227825
0.72946614,-1.2587838,-15.236974,0.13816035,0.824054,0.2589493,0.48455343
0.9587107,-0.5488248,-14.963601,0.64717215,0.5439518,-0.49016216,0.21219257
0.7309188,-1.258839,-15.236735,0.13825311,0.8233849,0.25961316,0.4853087
0.9577699,-0.5482315,-14.9632,0.6468981,0.54468113,-0.48989114,0.21178307
0.73371625,-1.2603191,-15.236511,0.13843894,0.8226375,0.26031327,0.48614743
0.9568069,-0.54821074,-14.962789,0.64669985,0.54529554,-0.48954388,0.21161011
0.7362838,-1.2616776,-15.236305,0.13869725,0.8218226,0.2610942,0.48703244
0.9564612,-0.5475513,-14.96237,0.64644456,0.5458726,-0.4893769,0.21128847
0.74035037,-1.2646271,-15.2361145,0.13920836,0.8209197,0.26198387,0.48793083
0.9560923,-0.5461181,-14.961923,0.6461033,0.5464662,-0.48930833,0.2109564
0.7459057,-1.2710347,-15.235943,0.14179605,0.8187637,0.26380694,0.48982236
0.95496887,-0.5462593,-14.961489,0.6458289,0.5469777,-0.48919553,0.2107327
0.75567544,-1.2771806,-15.235777,0.14450647,0.8167288,0.265235,0.49165273
0.9546899,-0.5455984,-14.960277,0.64540803,0.54750866,-0.48927078,0.21046846
0.7640684,-1.2849412,-15.235634,0.14781564,0.8149775,0.2659071,0.49320963
0.954407,-0.54404765,-14.9599285,0.6449968,0.5479545,-0.48951626,0.20999715
0.7736602,-1.2967489,-15.232785,0.1521971,0.81354964,0.26582277,0.49427855
0.95316577,-0.5434711,-14.959583,0.6447478,0.548264,-0.48960418,0.20974901
0.7809865,-1.3086843,-15.230608,0.15618993,0.8124972,0.26568806,0.49483627
0.9530172,-0.5448035,-14.959288,0.64455175,0.54844534,-0.48969397,0.20966807
0.7831852,-1.3199745,-15.226152,0.16002606,0.81194746,0.26524732,0.49474928
0.9519581,-0.544177,-14.959018,0.6444137,0.5485775,-0.48996145,0.20912069
0.7878441,-1.3312336,-15.222918,0.16356541,0.8114366,0.2647894,0.49467525
0.95192295,-0.54359597,-14.958767,0.6442491,0.54856646,-0.4903328,0.2087864
0.79111797,-1.3391457,-15.220645,0.1665695,0.81116986,0.26416954,0.49444166
0.9509931,-0.5448976,-14.958552,0.6441657,0.5486144,-0.49045372,0.20863356
0.7870956,-1.3659227,-15.212985,0.17007032,0.811069,0.2642658,0.49336275
0.95104736,-0.5451646,-14.958366,0.6440496,0.54859394,-0.4909081,0.20797619
0.7813292,-1.3870107,-15.2078285,0.1720517,0.8110148,0.26498282,0.49237943
0.9502133,-0.54541564,-14.958192,0.6441112,0.5485798,-0.4910821,0.20741102
0.77727693,-1.4081331,-15.201053,0.17344423,0.81077087,0.2664092,0.49152207
0.94945025,-0.54564536,-14.958924,0.6441425,0.548606,-0.4912198,0.20691809
0.77442294,-1.4296143,-15.1962805,0.17433667,0.81057,0.26792482,0.49071315
0.9487493,-0.54585636,-14.959597,0.64425224,0.54855347,-0.49141526,0.2062504
0.76906747,-1.4510387,-15.19304,0.17550384,0.8102676,0.26967186,0.48983866
0.9481391,-0.54690766,-14.959314,0.6443927,0.5485552,-0.4914057,0.20582922
0.7654549,-1.4726435,-15.187278,0.17715274,0.8100073,0.27098408,0.48895076
0.9475732,-0.54699814,-14.959938,0.6445654,0.5485005,-0.49146277,0.20529777
0.7589399,-1.5316166,-15.183244,0.18120383,0.8093907,0.2726097,0.4875817
0.9470852,-0.5487563,-14.959635,0.64485997,0.5484654,-0.49133927,0.20476136
0.75484955,-1.5771948,-15.180712,0.18426701,0.8088789,0.27374578,0.48664564
0.94666207,-0.5494825,-14.9593725,0.64501613,0.5485712,-0.49124953,0.20420045
0.74788564,-1.6268502,-15.174668,0.18687522,0.8084719,0.2746709,0.48580527
0.9454314,-0.55100155,-14.959123,0.6451741,0.54869395,-0.49108744,0.2037607
0.7393259,-1.6683128,-15.171351,0.18861836,0.8084952,0.27501795,0.48489556
0.94513375,-0.5515637,-14.958894,0.64525026,0.5487834,-0.49108338,0.20328817
0.73480767,-1.7099304,-15.1696005,0.18959293,0.80848175,0.2753133,0.48437005
0.9448699,-0.55286837,-14.958691,0.64534676,0.54889095,-0.49091423,0.20309983
0.732516,-1.7567369,-15.168713,0.19034302,0.8084922,0.27550402,0.48394993
0.9446249,-0.55326253,-14.958502,0.645232,0.5491052,-0.49095693,0.20278165
0.7261144,-1.8004098,-15.168286,0.19054538,0.8087605,0.27532482,0.48352367
0.9434851,-0.5536572,-14.958313,0.64525527,0.549235,-0.49096677,0.20233208
0.7177308,-1.8422548,-15.168091,0.19044709,0.80902046,0.27512363,0.48324206
0.94334817,-0.55488867,-14.957265,0.6452442,0.54936117,-0.49085543,0.20229526
0.71401036,-1.8775015,-15.168004,0.19020063,0.8092404,0.27468255,0.48322174
0.9432231,-0.55512923,-14.956307,0.64523363,0.54949397,-0.4908306,0.20202823
0.7067126,-1.9211764,-15.167966,0.19012356,0.8093561,0.2743208,0.48326385
0.9431085,-0.55534965,-14.95543,0.64515936,0.5496554,-0.4908656,0.20174076
0.6978429,-1.968524,-15.167951,0.19007455,0.80949146,0.27398533,0.48324665
0.94385767,-0.5563876,-14.954674,0.64507693,0.54973036,-0.4909155,0.20167848
0.6883197,-2.0173478,-15.167944,0.19014932,0.80950487,0.27380043,0.48329958
0.94369584,-0.5564842,-14.953998,0.64500326,0.54983616,-0.49100164,0.20141609
0.684632,-2.054405,-15.167941,0.19005045,0.80945975,0.2735559,0.4835524
0.944346,-0.5573587,-14.95341,0.64492625,0.5498984,-0.4910348,0.20141192
0.68323916,-2.099239,-15.16794,0.19028932,0.80933034,0.27327195,0.48383558
0.9441483,-0.55817705,-14.952862,0.6449059,0.55001533,-0.4909691,0.20131767
0.64349407,-2.2927394,-15.174476,0.18928859,0.80928886,0.27330253,0.48428008
0.9439595,-0.5589585,-14.952337,0.64488226,0.55008394,-0.4909106,0.20134899
0.62376916,-2.3896506,-15.176619,0.18857984,0.80922043,0.27337724,0.48462868
0.94379085,-0.558834,-14.952691,0.64486635,0.5500901,-0.4909716,0.20123455
0.6177072,-2.446558,-15.184058,0.18794416,0.8092284,0.27321136,0.48495564
0.943637,-0.55954117,-14.953013,0.64489096,0.5500896,-0.49097857,0.20113993
0.6090299,-2.5047486,-15.186278,0.18731447,0.80921334,0.27312717,0.48527175
0.9434886,-0.5610885,-14.95246,0.6449943,0.55006117,-0.4908021,0.20131652
0.60652906,-2.549263,-15.186917,0.18689801,0.80919874,0.272745,0.48567152
0.9433483,-0.56165206,-14.951937,0.64511526,0.5500471,-0.49068677,0.20124868
0.5918189,-2.6037984,-15.187097,0.18656853,0.8092951,0.27232435,0.48587364
0.9423061,-0.56125796,-14.952368,0.64522994,0.5500625,-0.4906029,0.20104346
0.587787,-2.6541133,-15.187146,0.18605092,0.80936056,0.27197558,0.48615834
0.941255,-0.56289554,-14.951784,0.645491,0.549942,-0.49037722,0.20108533
0.57959664,-2.6959615,-15.194278,0.18560667,0.80946696,0.27153528,0.4863969
0.94024605,-0.5633751,-14.951224,0.64561933,0.5500133,-0.4901253,0.20109282
0.57025456,-2.7572966,-15.196148,0.1852078,0.8095047,0.27126426,0.48663735
0.9392965,-0.56382644,-14.950698,0.6457395,0.5500389,-0.48997387,0.20100617
0.5599262,-2.9048018,-15.196739,0.18440919,0.80944246,0.27072313,0.4873451
0.9376502,-0.56338763,-14.949785,0.64592075,0.55008,-0.4897161,0.2009391
0.55805135,-2.9702473,-15.196768,0.18398932,0.8094218,0.2704374,0.48769674
0.9381924,-0.56505483,-14.94942,0.64604264,0.5501158,-0.48944026,0.20112118
0.55011714,-3.0377274,-15.196774,0.18371888,0.8093948,0.27023387,0.48795614
0.93864316,-0.56415826,-14.949116,0.6460769,0.5501627,-0.48935202,0.20109804
0.5559165,-3.0903246,-15.204323,0.18336369,0.80934435,0.27004266,0.4882791
0.9378853,-0.56451595,-14.948844,0.6461903,0.550177,-0.48913464,0.2012232
0.5494964,-3.255633,-15.205976,0.18301503,0.8094599,0.26977554,0.48836604
0.9383671,-0.56482124,-14.948611,0.64632857,0.5501757,-0.48892194,0.20129953
0.54052263,-3.3425226,-15.213995,0.18268605,0.80958134,0.26958996,0.48839048
0.9376347,-0.56510174,-14.948398,0.6464708,0.5501535,-0.48871627,0.20140325
0.5310382,-3.4137285,-15.215599,0.18237261,0.80978864,0.26943594,0.4882489
0.93814874,-0.56533957,-14.948216,0.6466232,0.5500841,-0.48854414,0.20152059
0.5291413,-3.4894874,-15.21592,0.18216664,0.80993015,0.26930144,0.48816532
0.9374272,-0.56676304,-14.948048,0.64681935,0.5500304,-0.4882861,0.20166323
0.528762,-3.5430875,-15.215984,0.18196198,0.8100892,0.2689861,0.48815158
0.93677926,-0.5668083,-14.947895,0.6469827,0.54997927,-0.48812494,0.20166892
0.52868605,-3.623015,-15.223687,0.18180798,0.8102187,0.2686846,0.48815992
0.9374141,-0.5668458,-14.947769,0.64701986,0.5499765,-0.48800945,0.20183665
0.52867085,-3.7005181,-15.225227,0.18171167,0.81033415,0.2683303,0.48819908
0.9355099,-0.5668808,-14.947651,0.6471538,0.5499694,-0.48785976,0.20178825
0.52866787,-3.7698467,-15.225535,0.18163054,0.81049716,0.26791432,0.48818722
0.93509585,-0.5669119,-14.947546,0.6472454,0.54996,-0.4877483,0.20178969
0.5286673,-3.8375404,-15.233286,0.1814791,0.81065965,0.26747057,0.48821706
0.9359819,-0.56940943,-14.947458,0.6473795,0.54982734,-0.4876573,0.20194061
0.5132877,-4.027942,-15.242527,0.18124704,0.81081736,0.26686218,0.4883742
0.9355416,-0.5679554,-14.947386,0.64744776,0.54976624,-0.48765972,0.20188263
0.5102118,-4.12754,-15.244375,0.18097313,0.81091946,0.26637053,0.4885746
0.9362896,-0.5689732,-14.947325,0.6474977,0.5496905,-0.4876322,0.20199513
0.49421722,-4.2012877,-15.244744,0.18065211,0.8110309,0.2659034,0.4887628
0.9358372,-0.5687584,-14.94727,0.6475498,0.54960084,-0.48765093,0.20202677
0.49101833,-4.2698655,-15.252508,0.18031211,0.8111177,0.26543462,0.48899916
0.93542075,-0.5697174,-14.947221,0.6475959,0.54949236,-0.48769033,0.20207927
0.48268884,-4.3450985,-15.254061,0.18000944,0.8111986,0.2649953,0.48921475
0.93617165,-0.56942,-14.94718,0.6475983,0.5494104,-0.48775986,0.2021261
0.44224125,-4.596921,-15.271351,0.17918435,0.8113902,0.2640967,0.4896855
0.93733835,-0.5699495,-14.947116,0.6477172,0.549038,-0.48796138,0.20227079
0.4344849,-4.687339,-15.273209,0.1785682,0.81155473,0.26357538,0.48991883
0.93873626,-0.56967175,-14.947091,0.64773697,0.54879624,-0.48817477,0.2023485
0.4252439,-4.77463,-15.28127,0.17797509,0.81171346,0.26300588,0.49017763
0.9390392,-0.56943375,-14.94707,0.64777106,0.5485666,-0.4883693,0.20239285
0.40801632,-4.8536053,-15.282882,0.17723085,0.8119163,0.2624452,0.49041188
0.9401504,-0.57007897,-14.947051,0.6478118,0.5482971,-0.4885722,0.2025032
0.3968811,-4.9232287,-15.2908945,0.17630604,0.8121497,0.26176497,0.49072215
0.9403049,-0.5698299,-14.947035,0.6478722,0.54802793,-0.48879108,0.20251033
0.38696435,-4.9909816,-15.292498,0.17532693,0.8123711,0.26094526,0.4911429
0.9412067,-0.57038057,-14.947021,0.64793015,0.54774326,-0.48901576,0.2025527
0.3619119,-5.073739,-15.300507,0.17424317,0.81266755,0.26012143,0.49147502
0.941995,-0.570862,-14.947009,0.6479803,0.54747313,-0.48922795,0.20261016
0.3645911,-5.1441183,-15.309798,0.17315154,0.8128461,0.2591883,0.4920582
0.94268715,-0.57059205,-14.946999,0.64804864,0.5471904,-0.48945594,0.2026044
0.34974754,-5.219712,-15.311657,0.17213546,0.8129598,0.2581049,0.49279583
0.94329727,-0.571012,-14.946989,0.6481174,0.5469247,-0.48964086,0.20265502
0.35446852,-5.311728,-15.312029,0.17128608,0.81280166,0.2572895,0.49377802
0.9438372,-0.57075864,-14.94698,0.6481547,0.5466735,-0.48985347,0.2026998
0.32465392,-5.3916483,-15.319794,0.17047296,0.8128082,0.25634378,0.49453992
0.9443168,-0.57053363,-14.947567,0.64821947,0.5464,-0.49006486,0.20271918
0.31100127,-5.4614606,-15.329036,0.16953433,0.81279325,0.25534886,0.49540114
0.9447443,-0.5714612,-14.947526,0.64829445,0.546136,-0.49022898,0.20279391
0.30058107,-5.55232,-15.330884,0.16885738,0.81266975,0.2543777,0.49633366
0.94512653,-0.5717549,-14.948025,0.6483691,0.5457909,-0.4904979,0.202834
0.2908073,-5.6396995,-15.3389435,0.16832413,0.81249434,0.25346202,0.4972695
0.94496036,-0.5720182,-14.948472,0.6484867,0.54539806,-0.4907643,0.20287062
0.25809374,-6.0877986,-15.371314,0.16775014,0.8125436,0.25025025,0.49900672
0.9452945,-0.5722552,-14.948874,0.64860374,0.54475784,-0.49127102,0.20298995
0.24386133,-6.2543154,-15.377789,0.16734433,0.8126548,0.24762508,0.50026995
0.94605535,-0.572469,-14.948778,0.6487054,0.54401964,-0.49185058,0.2032412
0.23332514,-6.356826,-15.386772,0.16678442,0.8129273,0.24526778,0.50117457
0.9467719,-0.5726703,-14.948688,0.6488001,0.5433124,-0.49242488,0.20344031
0.2312179,-6.4465356,-15.39626,0.16625938,0.81324095,0.24329764,0.5018001
0.9474852,-0.57287073,-14.949073,0.64888334,0.5425513,-0.49309608,0.20358022
0.22310676,-6.5336847,-15.398157,0.16586813,0.81367767,0.24154437,0.5020684
0.94878703,-0.57308584,-14.94895,0.6489534,0.5418377,-0.49370694,0.20377664
0.21379481,-6.604943,-15.406226,0.16498868,0.814291,0.23985179,0.5021754
0.9489524,-0.5732998,-14.948827,0.6491239,0.54121566,-0.49410045,0.20393266
0.21193242,-6.7037807,-15.40784,0.16470978,0.8146608,0.23862717,0.5022506
0.9497389,-0.57351977,-14.948701,0.64917463,0.5406466,-0.49457532,0.20412932
0.19618055,-6.7773767,-15.415853,0.16413304,0.81531185,0.23711295,0.50210005
0.9505386,-0.57374334,-14.948573,0.6492509,0.5400805,-0.4950637,0.20420164
0.19303018,-6.8536134,-15.425143,0.16361313,0.81580406,0.23577128,0.502102
0.9513416,-0.5739679,-14.948443,0.6494069,0.5395987,-0.49537796,0.20421715
0.1847104,-6.9380674,-15.427002,0.163424,0.8162218,0.2346407,0.5020144
0.95213825,-0.5741906,-14.948316,0.6495215,0.5392958,-0.4955283,0.20428787
0.17535673,-7.0241666,-15.435064,0.16317968,0.8167219,0.23325066,0.5019282
0.95296866,-0.57530236,-14.948183,0.6496421,0.53900385,-0.49563137,0.20442513
0.1657963,-7.102904,-15.436676,0.16294192,0.8171023,0.23191397,0.5020058
0.9537581,-0.5754389,-14.948056,0.64972526,0.5388934,-0.495649,0.20440935
0.16388421,-7.195548,-15.444689,0.16272111,0.8174246,0.23049542,0.50220597
0.95443994,-0.57467765,-14.9479475,0.6497094,0.53883666,-0.49576458,0.2043287
0.1635018,-7.2755947,-15.446292,0.16239364,0.81777334,0.22902411,0.50241715
0.9550382,-0.5740097,-14.947851,0.6497439,0.53881025,-0.49578533,0.20423855
0.16342531,-7.3531218,-15.454301,0.16211644,0.8181446,0.2272858,0.5026917
0.95556974,-0.5734162,-14.947765,0.6496901,0.5388878,-0.49580193,0.20416468
0.17109972,-7.4378343,-15.463593,0.16201983,0.81850964,0.22549418,0.50293523
0.9560825,-0.57371706,-14.947683,0.649697,0.5389847,-0.4956544,0.20424502
0.15725519,-7.5855017,-15.48083,0.16150141,0.8196303,0.2228885,0.5024382
0.956591,-0.57496816,-14.947602,0.64969254,0.5390664,-0.4954871,0.20444974
0.15448628,-7.6919327,-15.484278,0.16106647,0.8207268,0.22073029,0.5017403
0.95706534,-0.57514876,-14.947526,0.64957446,0.53922313,-0.4954198,0.20457438
0.16162221,-7.767046,-15.492658,0.16076548,0.8215964,0.21805003,0.5015856
0.9575046,-0.575316,-14.947455,0.6495477,0.53933424,-0.49529263,0.20467438
0.1707391,-7.858966,-15.502023,0.16058707,0.82224953,0.21580297,0.5015443
0.9578776,-0.5744911,-14.947396,0.64949787,0.5394681,-0.49522072,0.20465374
0.17256247,-7.9465575,-15.511585,0.1604179,0.82284534,0.21372905,0.5015094
0.95727783,-0.5747048,-14.947345,0.64952046,0.5395616,-0.4950859,0.204662
0.17292716,-8.033283,-15.513498,0.16044171,0.8234993,0.21141101,0.50141084
0.9576351,-0.57401586,-14.947301,0.6495249,0.53964967,-0.4949793,0.2046734
0.17300008,-8.119835,-15.52157,0.16057712,0.824114,0.20932409,0.5012329
0.95796907,-0.574269,-14.94726,0.6495278,0.5397079,-0.4948837,0.20474198
0.18839407,-8.206353,-15.530875,0.1603653,0.8245702,0.20762718,0.50125635
0.95828223,-0.57450634,-14.947221,0.6496631,0.53969806,-0.49469408,0.204797
0.17609346,-8.285174,-15.540424,0.16030242,0.8251843,0.20549834,0.5011431
0.9585739,-0.5747274,-14.947185,0.6497551,0.5397303,-0.49451363,0.20485562
0.17363335,-8.439353,-15.550025,0.16008517,0.8261432,0.20245014,0.5008734
0.9579022,-0.575846,-14.947153,0.64990675,0.53968745,-0.49432743,0.20493698
0.18083104,-8.539396,-15.551946,0.15996476,0.8267698,0.19992359,0.5008927
0.9573256,-0.5759267,-14.947126,0.6499989,0.5396618,-0.49422622,0.20495643
0.19764997,-8.613233,-15.5600195,0.15959369,0.82702434,0.19768889,0.50147754
0.95768315,-0.5760004,-14.947102,0.65002805,0.5396153,-0.4942219,0.20499684
0.19332406,-8.6818285,-15.569324,0.15919098,0.8277236,0.1956078,0.5012679
0.95799154,-0.57522404,-14.947081,0.6500143,0.5395565,-0.4943162,0.20496792
0.19245888,-8.764754,-15.571184,0.15925047,0.8282607,0.19409826,0.50094855
0.95827603,-0.5753568,-14.947061,0.65003216,0.5394917,-0.49434698,0.20500752
0.19228585,-8.827477,-15.579246,0.15896493,0.82876,0.19270317,0.50075203
0.9585545,-0.57639843,-14.9470415,0.65008295,0.53937656,-0.49435845,0.2051218
0.18456154,-9.016886,-15.596237,0.15814655,0.8301538,0.18938778,0.49996665
0.95879406,-0.57556206,-14.947025,0.6499848,0.5391606,-0.49471214,0.2051475
0.19070637,-9.077836,-15.607325,0.15738998,0.83104426,0.18682231,0.4996912
0.95901036,-0.5756663,-14.94701,0.6499174,0.5388863,-0.49503762,0.20529652
0.16886623,-9.128475,-15.609543,0.15678526,0.8321889,0.1853291,0.498531
0.96017313,-0.57577074,-14.946049,0.6497675,0.5386104,-0.49548867,0.20540707
0.16449821,-9.169362,-15.609986,0.1564707,0.8327121,0.18415417,0.49819154
0.96027035,-0.57496154,-14.946125,0.64967525,0.5383029,-0.495962,0.20536265
0.18669371,-9.200608,-15.625455,0.15603285,0.8327015,0.18294679,0.49879107
0.9612413,-0.5742398,-14.946194,0.6494737,0.5380023,-0.49656698,0.20532586
0.1680637,-9.229927,-15.62855,0.1552802,0.83330834,0.18153244,0.49852923
0.9622423,-0.5755036,-14.945259,0.6494033,0.53763217,-0.49695832,0.20557126
0.1643377,-9.281929,-15.621478,0.15526491,0.83363324,0.18083349,0.49824455
0.9644121,-0.57564956,-14.944304,0.64926016,0.53719944,-0.49756646,0.20568372
0.1635925,-9.300018,-15.627754,0.15469964,0.8339993,0.17969759,0.49821886
0.9651756,-0.57463354,-14.943464,0.64909554,0.536845,-0.49817973,0.20564422
0.16344345,-9.3190155,-15.636698,0.15428288,0.8342108,0.17824937,0.49851412
0.965883,-0.57489574,-14.942686,0.6490717,0.53637326,-0.49864063,0.20583317
0.14034455,-9.361264,-15.630797,0.15405415,0.83480877,0.17750193,0.49785012
0.9653132,-0.5762921,-14.942023,0.64907664,0.5358925,-0.4990733,0.20602092
0.14341445,-9.385093,-15.637307,0.15380125,0.83495325,0.17692192,0.49789247
0.9672502,-0.5751168,-14.941412,0.6488453,0.53553444,-0.4996849,0.20619822
0.13633874,-9.405238,-15.638609,0.15376106,0.8352077,0.17625794,0.49771366
0.967723,-0.57532984,-14.940862,0.6487876,0.53517896,-0.50008553,0.20633131
0.13492359,-9.424646,-15.63887,0.15311098,0.83560336,0.17568657,0.4974519
0.9695434,-0.57553,-14.940345,0.648603,0.5348609,-0.5005001,0.20673077
0.11926115,-9.436218,-15.638922,0.15246974,0.8362209,0.1752911,0.49675012
0.97120696,-0.5757129,-14.939872,0.6485479,0.53449464,-0.5008594,0.20698094
0.09305956,-9.484671,-15.638932,0.15215224,0.8376817,0.17650509,0.4939485
0.9727101,-0.5774435,-14.939445,0.6486536,0.53389424,-0.5010662,0.2076973
0.10319865,-9.494361,-15.638934,0.15194316,0.8382275,0.1772838,0.49280676
0.97241825,-0.57882047,-14.940592,0.6486736,0.53355664,-0.50126004,0.20803452
0.105226465,-9.496299,-15.638934,0.15193424,0.83838207,0.17795981,0.4923027
0.97366214,-0.57849586,-14.941565,0.6485945,0.5332607,-0.5015581,0.20832148
0.10563203,-9.496687,-15.638934,0.15183692,0.83852386,0.178254,0.4919844
0.97324115,-0.5796598,-14.94235,0.6486303,0.5329827,-0.50173587,0.20849326
0.09802344,-9.489075,-15.646625,0.15124981,0.838776,0.17820513,0.49175325
0.97437227,-0.5807099,-14.941549,0.64861155,0.5327545,-0.501892,0.20875892
0.09650172,-9.487553,-15.640472,0.1510389,0.8387849,0.178151,0.49182266
0.97240716,-0.58155054,-14.9409075,0.64870673,0.5326288,-0.5018746,0.20882545
0.10388708,-9.487248,-15.639242,0.15114549,0.83850074,0.17783065,0.49239
0.9735463,-0.5808664,-14.941752,0.6486311,0.53248936,-0.50207347,0.20893805
0.12843326,-9.494876,-15.638995,0.15110192,0.83800936,0.17761408,0.49331728
0.974475,-0.57901317,-14.942441,0.64844644,0.5324164,-0.50245416,0.20878191
0.10258368,-9.488713,-15.638946,0.15108933,0.8380356,0.17676987,0.4935797
0.9752642,-0.579983,-14.943027,0.64851743,0.5321913,-0.5025107,0.2089989
0.11279318,-9.49517,-15.638937,0.15104274,0.8376459,0.17632927,0.49441233
0.97598195,-0.58086497,-14.942225,0.6484857,0.53215504,-0.50242156,0.20940368
0.13021448,-9.488771,-15.638934,0.1509653,0.8371435,0.17544717,0.49559933
0.9766253,-0.5816556,-14.941507,0.6484335,0.5321097,-0.5024461,0.20962158
0.15676785,-9.487492,-15.646625,0.1505631,0.8365072,0.17463465,0.4970807
0.97716004,-0.58096445,-14.942258,0.6484535,0.5319895,-0.5025581,0.20959659
0.13131972,-9.479546,-15.640472,0.14995022,0.836606,0.17367616,0.49743536
0.976316,-0.5816807,-14.942872,0.6485863,0.53189224,-0.5024641,0.20965783
0.11854038,-9.470267,-15.639242,0.14902958,0.83686405,0.17269781,0.49761862
0.9782734,-0.5823448,-14.94207,0.6486201,0.5317593,-0.5024196,0.20999655
0.12367422,-9.468411,-15.638995,0.14836696,0.8369077,0.17194906,0.49800238
0.9785884,-0.58292633,-14.941369,0.6486509,0.53179073,-0.5022945,0.210121
0.13238701,-9.460354,-15.638946,0.14718345,0.83700216,0.1708903,0.49855894
0.97885,-0.58204913,-14.940785,0.6487013,0.5317386,-0.50233084,0.21001075
0.1264788,-9.458749,-15.638937,0.14621298,0.83715844,0.17000401,0.49888498
0.9790808,-0.5840707,-14.940271,0.64898014,0.5315547,-0.5020974,0.21017298
0.14782667,-9.4584255,-15.638934,0.14559218,0.8369943,0.1695659,0.49949077
0.9807808,-0.58442235,-14.939803,0.64911103,0.53140813,-0.50201666,0.21033192
0.14501409,-9.450938,-15.638934,0.14535236,0.8369886,0.16893625,0.49978322
0.9807302,-0.5818742,-14.939426,0.64914745,0.53139687,-0.5020597,0.2101453
0.14437383,-9.449234,-15.638934,0.14494728,0.8370304,0.16879413,0.4998789
0.9806892,-0.58249885,-14.939122,0.6493004,0.5311439,-0.50209033,0.21023893
0.14422607,-9.456242,-15.638934,0.14460069,0.8370299,0.16860679,0.50004345
0.9806545,-0.58435345,-14.938864,0.6494934,0.5309335,-0.50199723,0.21039662
0.1368233,-9.457847,-15.638934,0.14432818,0.83721584,0.16858482,0.49981818
0.980626,-0.5833548,-14.938652,0.64949,0.5308824,-0.50207436,0.21035232
0.1350975,-9.4582205,-15.638934,0.14438035,0.8370831,0.16844968,0.50007075
0.9806025,-0.58253026,-14.9384775,0.6495333,0.53084713,-0.50208354,0.21028537
0.12740242,-9.458307,-15.6316395,0.14423455,0.8373232,0.16836227,0.49974045
0.980582,-0.58300316,-14.938325,0.6496172,0.53077835,-0.50194764,0.2105242
0.1255749,-9.451143,-15.637093,0.14430201,0.8373515,0.16770403,0.49989486
0.98056483,-0.58339775,-14.939334,0.6498412,0.530883,-0.50153303,0.21055722
0.1460013,-9.442433,-15.645383,0.14409572,0.8371082,0.1673517,0.5004796
0.98055047,-0.5826484,-14.94018,0.64998215,0.5309576,-0.5013155,0.2104523
0.14468396,-9.446988,-15.647674,0.14394082,0.8370717,0.16721025,0.5006323
0.97951245,-0.5830424,-14.940893,0.6501875,0.5310323,-0.50097185,0.21044756
0.1512581,-9.455176,-15.641367,0.14409298,0.8368373,0.16757986,0.50085676
0.9796062,-0.58337677,-14.941499,0.6502444,0.53122175,-0.500711,0.21041444
0.12609938,-9.450656,-15.639663,0.1440882,0.83709776,0.16752872,0.50043994
0.97876036,-0.58273625,-14.942016,0.65037405,0.5313717,-0.500466,0.21021767

