ICVP Direct Stim Program 4.0.1+v4.0.1 - RelativeLocations
Updated at: 2022-08-22--20-35-22
Subject ID: CKT
Tester ID: kstipp
Direct Stimulation Input from the UI

UserID ; Time ; Electrodes ; Frequency (Hz) ; Cathodic Phase Duration (us) ; Train Length (ms) ; Duty On (ms); Duty Off (ms) ; Inter-train Length (ms) ; Amplitude (uA) ; Sent to Gateway ; Response ; Response Latency (ms) ; Response Duration (ms) ; Comments
kstipp ; 2022-08-22--20-35-22 ; 6900-6901-6904-6905 , 6900-6901-6904-6905-1500-1501-1504-1505 ; 200 ; 200 ; 1000 ; 1000 ; 0 ; 0 ; 40 ; True ;  ;  ;  ; moved top left. 1st indistiguishable. up and to the left 4 peas in the diamond pattern

Position t,Position u,Position v,Orientation w,Orientation x,Orientation y,Orientation z
0.63915163,-1.2792817,-15.196167,0.11730058,0.8568671,0.2837448,0.41413566
0.90425897,-0.48831186,-14.929762,0.64915156,0.5379293,-0.50910664,0.17333464
0.6399317,-1.2791424,-15.196264,0.11714114,0.8566062,0.28411013,0.4144699
0.90302044,-0.48854044,-14.929507,0.6492047,0.53795964,-0.50906664,0.17315899
0.64057946,-1.2790266,-15.196345,0.1170407,0.8563677,0.28443003,0.41477153
0.9030796,-0.48873153,-14.929294,0.64913356,0.5380221,-0.5091,0.1731331
0.6425513,-1.278934,-15.196409,0.11697293,0.856129,0.28477314,0.41504785
0.9031294,-0.48889244,-14.929114,0.6491298,0.53794783,-0.50923663,0.17297629
0.64277214,-1.2788552,-15.196465,0.11683477,0.8559599,0.2850875,0.4152198
0.90317166,-0.48902872,-14.928962,0.6491085,0.5378655,-0.5093694,0.17292091
0.6429596,-1.2787884,-15.196512,0.116786495,0.8557833,0.28538957,0.41538987
0.9032086,-0.48914796,-14.928829,0.6490708,0.53776985,-0.5095184,0.17292109
0.6445157,-1.2787337,-15.19655,0.11676109,0.85559547,0.2856407,0.41561124
0.9032417,-0.48925465,-14.928711,0.6490549,0.5375987,-0.5097343,0.17287695
0.6458115,-1.2786882,-15.196582,0.11673644,0.8554064,0.28586167,0.41585532
0.90426105,-0.4873764,-14.9286,0.64890945,0.53745306,-0.5101162,0.17274919
0.6469028,-1.2786497,-15.1966095,0.11673247,0.8552474,0.2860786,0.41603425
0.90522856,-0.48768565,-14.928496,0.6488579,0.5372381,-0.51039594,0.1727853
0.6490703,-1.2798939,-15.196631,0.11677919,0.8550616,0.28632256,0.41623524
0.9061342,-0.48797515,-14.928397,0.6488033,0.53702086,-0.51066995,0.17285617
0.6512723,-1.2806189,-15.196666,0.11666822,0.85484105,0.28662544,0.41651073
0.9090492,-0.48850274,-14.928219,0.64861196,0.5360507,-0.5119722,0.17273296
0.6515399,-1.280368,-15.195585,0.11662286,0.85476327,0.28669977,0.41663197
0.9109921,-0.48738417,-14.928137,0.6484092,0.53533524,-0.513041,0.17254192
0.65176666,-1.2801553,-15.195714,0.11651202,0.85473347,0.28674024,0.41669628
0.91273594,-0.48922792,-14.928063,0.64833575,0.53466195,-0.51380587,0.17262934
0.6519728,-1.2799621,-15.195831,0.11642653,0.8547291,0.28673005,0.41673622
0.9142837,-0.4908643,-14.927998,0.6482606,0.5339831,-0.5145318,0.17285064
0.65215915,-1.2797873,-15.195938,0.11638735,0.8547149,0.28672156,0.4167822
0.9156501,-0.4907603,-14.927938,0.6480854,0.53351873,-0.515258,0.17277843
0.65232706,-1.2796297,-15.196034,0.11635743,0.8547007,0.28670785,0.41682875
0.91683745,-0.49066988,-14.927889,0.6480072,0.53305,-0.515865,0.17270727
0.651422,-1.2794973,-15.1961155,0.116304845,0.85469466,0.2867014,0.41686046
0.91625315,-0.49212232,-14.927849,0.648029,0.5326935,-0.516068,0.17311849
0.6516648,-1.2793778,-15.196188,0.116243996,0.8546365,0.28672463,0.4169806
0.9173047,-0.49336722,-14.9278145,0.6478133,0.5325317,-0.5163732,0.17351319
0.6529603,-1.2792698,-15.196254,0.11621982,0.8545285,0.2867742,0.41717455
0.91820556,-0.49284774,-14.927785,0.64754885,0.53245884,-0.51669943,0.17375205
0.6541339,-1.2791721,-15.196314,0.11614452,0.85435814,0.28688782,0.4174662
0.9189715,-0.492406,-14.92776,0.64741653,0.5323903,-0.51687866,0.17392251
0.6540756,-1.279085,-15.196366,0.116074406,0.85417086,0.2871014,0.4177221
0.91961503,-0.49366584,-14.927739,0.6474392,0.53235966,-0.51676184,0.17427844
0.65514696,-1.2790065,-15.196414,0.11600838,0.8539186,0.2873814,0.4180635
0.9185733,-0.496209,-14.927723,0.64760745,0.53232306,-0.5164646,0.17464584
0.6549704,-1.2789377,-15.196457,0.115908325,0.8536522,0.28768605,0.4184257
0.91774315,-0.49529165,-14.927711,0.6475957,0.5324134,-0.51635396,0.17474122
0.65594935,-1.2788756,-15.196494,0.115875974,0.8532986,0.28808126,0.41888365
0.91847366,-0.4931553,-14.929098,0.64753413,0.5324838,-0.5163688,0.17471111
0.6568306,-1.2788197,-15.196528,0.11585031,0.85290694,0.2885389,0.41937315
0.9177382,-0.49407786,-14.928896,0.64761597,0.5326107,-0.5160765,0.17488447
0.6575665,-1.2798772,-15.196556,0.115889065,0.8524237,0.28913954,0.41993085
0.9183981,-0.49483317,-14.928731,0.64761645,0.5327027,-0.515921,0.17506087
0.6582178,-1.279709,-15.196581,0.115887746,0.8519916,0.2896604,0.42044887
0.9177438,-0.4942576,-14.929794,0.64753914,0.532912,-0.5158021,0.17506044
0.65881085,-1.2795558,-15.196605,0.11597856,0.85160637,0.29021096,0.42082447
0.9171998,-0.49377897,-14.930677,0.64749,0.5330413,-0.51577,0.17494315
0.65930766,-1.2805065,-15.196623,0.11621254,0.8512394,0.29075307,0.42112806
0.9178513,-0.4933621,-14.931447,0.64743006,0.5331441,-0.5157234,0.17498887
0.66079265,-1.2813311,-15.19664,0.1164989,0.8509316,0.29125622,0.42132342
0.91844934,-0.49414942,-14.932154,0.64743596,0.5332079,-0.51564735,0.17499681
0.6610473,-1.2830299,-15.196653,0.11677839,0.8507843,0.291687,0.42124543
0.9178368,-0.49369487,-14.932742,0.6474753,0.5332394,-0.5156109,0.17486247
0.6605457,-1.2839475,-15.197579,0.11741526,0.8509664,0.29204047,0.4204549
0.9178283,-0.4940166,-14.933715,0.64752764,0.53319234,-0.5157122,0.17451307
0.6590689,-1.2843118,-15.198367,0.11772747,0.8512284,0.29210463,0.4197921
0.9173329,-0.4936142,-14.93409,0.6475078,0.5330877,-0.51591104,0.174319
0.6586069,-1.284627,-15.199047,0.11803698,0.85147005,0.29208148,0.41923088
0.91791755,-0.49324867,-14.93443,0.647456,0.5330239,-0.51606697,0.17424497
0.6582053,-1.2849009,-15.199638,0.11824619,0.85172874,0.29204443,0.4186719
0.91743016,-0.49293882,-14.934718,0.647472,0.53293526,-0.51609623,0.17436978
0.6578545,-1.2851402,-15.199419,0.1185423,0.85197854,0.29193527,0.4181557
0.91701454,-0.49267453,-14.934965,0.6474451,0.53281176,-0.5161826,0.17459124
0.6568474,-1.28535,-15.199226,0.11876887,0.85220224,0.29185346,0.41769242
0.91665804,-0.49244785,-14.935176,0.6474547,0.5326464,-0.51629,0.1747427
0.6559603,-1.2861992,-15.199058,0.11901277,0.8524096,0.29179344,0.41724154
0.91635066,-0.4930952,-14.935358,0.6474768,0.53253883,-0.5162527,0.17509846
0.6551758,-1.2869502,-15.198908,0.11923737,0.8525682,0.2917436,0.41688812
0.9169358,-0.49370965,-14.935531,0.64745593,0.5324552,-0.51620466,0.17557082
0.6550791,-1.2876168,-15.198775,0.11943914,0.8526866,0.29166058,0.41664618
0.91749597,-0.49429795,-14.935696,0.6474143,0.5323958,-0.51612955,0.17612417
0.65442336,-1.2882106,-15.198657,0.1195931,0.85279924,0.2915969,0.416416
0.91709936,-0.49304783,-14.935838,0.6473066,0.53232396,-0.51624113,0.17641006
0.6538373,-1.2882003,-15.198551,0.11971752,0.8528971,0.29153025,0.41622636
0.9176073,-0.49279416,-14.935965,0.64717424,0.5322076,-0.5163849,0.17682546
0.65382594,-1.289219,-15.198456,0.11988269,0.852936,0.29152387,0.41610354
0.9180878,-0.49344972,-14.936084,0.64703214,0.53207886,-0.5164517,0.1775367
0.65381575,-1.2896466,-15.19837,0.119996555,0.8529378,0.29155147,0.41604766
0.9195669,-0.49510533,-14.936205,0.6468912,0.53188664,-0.51656175,0.17830455
0.65427047,-1.2895683,-15.198293,0.120070934,0.85293573,0.2915247,0.41604918
0.9210236,-0.49564266,-14.936323,0.6467126,0.53165203,-0.5167665,0.17905727
0.65424085,-1.2894976,-15.198224,0.1201204,0.85292387,0.29152662,0.416058
0.9212194,-0.49503267,-14.936428,0.64654785,0.53153974,-0.5169262,0.17952363
0.654214,-1.2898523,-15.1977415,0.120175585,0.8528954,0.291562,0.41607574
0.9213949,-0.49557754,-14.936521,0.64633954,0.5314554,-0.51704603,0.18017724
0.6545874,-1.2905723,-15.197701,0.120246574,0.85282737,0.29163834,0.4161411
0.9226814,-0.49720186,-14.93548,0.64617544,0.53125405,-0.5171294,0.1811179
0.65492743,-1.29085,-15.197665,0.12030039,0.85273945,0.2917205,0.41624808
0.9226907,-0.4985747,-14.9346,0.6460825,0.5310925,-0.5171438,0.18188053
0.6552378,-1.2911035,-15.197632,0.120317176,0.85265136,0.29178682,0.4163772
0.92377126,-0.49764252,-14.933823,0.6457138,0.5310794,-0.51742244,0.1824348
0.6555216,-1.2913353,-15.19726,0.12032827,0.8525564,0.29186526,0.41651332
0.92476535,-0.4967849,-14.934218,0.64546186,0.5309658,-0.51763964,0.18303995
0.6557816,-1.2915478,-15.19692,0.12037499,0.8524641,0.29194593,0.41663235
0.92567474,-0.4982973,-14.933433,0.64540833,0.5307231,-0.5176848,0.18380322
0.656038,-1.2917572,-15.196585,0.120400704,0.8523665,0.29206058,0.41674414
0.9265052,-0.4996784,-14.932714,0.6452253,0.5306638,-0.51769036,0.1845998
0.6563557,-1.2924409,-15.196169,0.12044872,0.85226357,0.2921729,0.4168621
0.92725945,-0.5009328,-14.932062,0.64506507,0.5304637,-0.51789844,0.18515019
0.65669274,-1.2926954,-15.195728,0.120485075,0.85216385,0.29230678,0.4169616
0.9279255,-0.5007893,-14.931486,0.64492285,0.530331,-0.5181394,0.18535152
0.6577041,-1.2936065,-15.195794,0.120560855,0.8520285,0.29246327,0.41710654
0.92993677,-0.50202686,-14.930936,0.6447593,0.5303261,-0.5181675,0.18585545
0.6581048,-1.2945945,-15.195866,0.120546244,0.8518887,0.292717,0.4172184
0.9302682,-0.5004226,-14.931793,0.6445106,0.530662,-0.5181386,0.18583989
0.6593691,-1.2956797,-15.195944,0.12057745,0.85168946,0.29304144,0.41738826
0.9305572,-0.5016591,-14.932541,0.64444745,0.5309063,-0.51781327,0.18626729
0.6597337,-1.2967703,-15.196022,0.12053867,0.85151446,0.2933373,0.41754863
0.92954236,-0.50267273,-14.933154,0.6444275,0.53119636,-0.5174895,0.18640932
0.6610317,-1.2968562,-15.196097,0.1205227,0.8513549,0.2935615,0.41772088
0.9287038,-0.5023211,-14.933661,0.6444415,0.53147054,-0.5172543,0.1862321
0.66033536,-1.2969296,-15.196161,0.120447196,0.85124266,0.29377443,0.41782182
0.92913544,-0.5020284,-14.934082,0.64442044,0.53172344,-0.5170594,0.18612382
0.66060716,-1.2969959,-15.1962185,0.120414495,0.85107154,0.29403722,0.417995
0.9284241,-0.501783,-14.934436,0.6443694,0.5321009,-0.51673853,0.18611284
0.660857,-1.2970569,-15.196271,0.12034926,0.85093266,0.29428512,0.41812184
0.92782384,-0.5025955,-14.934733,0.6444071,0.5324694,-0.51628995,0.18617384
0.6610719,-1.2962416,-15.196317,0.12026667,0.8508397,0.29444027,0.4182257
0.927314,-0.5023169,-14.934987,0.64435786,0.53290004,-0.5159428,0.18607408
0.66127306,-1.2972645,-15.19636,0.12028059,0.85073173,0.29461342,0.41831937
0.9268785,-0.5011588,-14.9352045,0.64432764,0.53327096,-0.51567817,0.18584938
0.661469,-1.2982609,-15.196401,0.12028431,0.8506491,0.29474512,0.41839358
0.9265044,-0.50103796,-14.93539,0.6443631,0.5335737,-0.51535827,0.18574491
0.6616453,-1.2981987,-15.196438,0.12027904,0.85059154,0.29483888,0.4184461
0.92618126,-0.50093365,-14.935552,0.6443859,0.5338855,-0.51498455,0.18580686
0.66181415,-1.299159,-15.196474,0.120283246,0.8505274,0.29490706,0.41852716
0.9259008,-0.50163203,-14.935691,0.6443895,0.534167,-0.5146767,0.18583772
0.6630332,-1.2988497,-15.196535,0.12022012,0.8504761,0.29479226,0.41873038
0.9247481,-0.5006566,-14.93592,0.64435506,0.53472376,-0.51414233,0.18583514
0.6630546,-1.2987225,-15.196561,0.12015096,0.850465,0.29471877,0.41882452
0.92393214,-0.4999221,-14.936013,0.6443461,0.5349875,-0.5139009,0.18577488
0.66419053,-1.2997115,-15.196586,0.12018195,0.8503985,0.29468945,0.41897133
0.9232115,-0.49991596,-14.936096,0.6444131,0.53521323,-0.513544,0.18587944
0.66408366,-1.2994791,-15.196607,0.12008761,0.8503695,0.2946422,0.4190903
0.9219622,-0.49991053,-14.936169,0.64450127,0.53547615,-0.51312083,0.18598542
0.66508204,-1.2992693,-15.196626,0.12002828,0.8502961,0.29457673,0.41930228
0.9214307,-0.50048566,-14.935654,0.64458454,0.53569514,-0.51272154,0.18616694
0.6648799,-1.2990906,-15.196642,0.11995156,0.85025275,0.29450724,0.4194609
0.92095625,-0.50099903,-14.935745,0.64460623,0.5358926,-0.5124114,0.18637758
0.66583425,-1.3000677,-15.196658,0.11995464,0.85015106,0.29448637,0.41968074
0.92053133,-0.50093544,-14.935827,0.6446059,0.5360602,-0.51217395,0.18654935
0.6666795,-1.2997748,-15.196672,0.11990788,0.8500464,0.2943915,0.41997266
0.92064685,-0.5008783,-14.935901,0.6445702,0.5362093,-0.5119916,0.18674444
0.6674287,-1.2995151,-15.196686,0.11991287,0.84993416,0.29430932,0.4202559
0.92027855,-0.50035447,-14.9359665,0.6445527,0.5363189,-0.511849,0.18688142
0.668054,-1.2981898,-15.196696,0.119767964,0.8498684,0.29414994,0.4205416
0.9203946,-0.4994326,-14.936027,0.644509,0.53644127,-0.511737,0.1869872
0.6685965,-1.2981273,-15.196706,0.11970602,0.8497393,0.29405174,0.42088848
0.9204997,-0.49987656,-14.936081,0.64445424,0.5364364,-0.51166314,0.18739192
0.6690762,-1.298072,-15.197798,0.11959533,0.8496303,0.2939235,0.42122954
0.92059505,-0.5002796,-14.93613,0.64443004,0.53639144,-0.5115901,0.18780261
0.6684504,-1.2980254,-15.198719,0.119523175,0.8495002,0.293875,0.42154616
0.9202972,-0.50064635,-14.936174,0.6443765,0.53637546,-0.51156306,0.18810546
0.66893655,-1.2990448,-15.199566,0.119547434,0.84930646,0.29385915,0.42194054
0.92002547,-0.5009808,-14.936215,0.6443443,0.5362612,-0.5116489,0.1883079
0.66934735,-1.2978878,-15.200283,0.11948292,0.8491591,0.29376507,0.4223207
0.9201244,-0.50093925,-14.936253,0.6442436,0.5361483,-0.5118452,0.18844011
0.67070067,-1.2968699,-15.200912,0.119450085,0.8489807,0.29370198,0.42273226
0.920215,-0.5009012,-14.936287,0.644174,0.53600955,-0.5120637,0.18847923
0.6709113,-1.2960029,-15.20145,0.1193377,0.84887546,0.29367137,0.4229966
0.9202981,-0.5008663,-14.936318,0.64410084,0.5358328,-0.51235765,0.188433
0.6720924,-1.2951871,-15.201955,0.119319,0.84870523,0.29372194,0.42330828
0.9203745,-0.50053656,-14.936348,0.6439745,0.5356427,-0.51274884,0.1883415
0.67217094,-1.2954414,-15.2024145,0.119357556,0.8485885,0.29375786,0.42350626
0.9207276,-0.50051576,-14.936375,0.6438591,0.5354358,-0.5131214,0.1883094
0.6722395,-1.2956635,-15.201844,0.119418636,0.8484955,0.29391304,0.4235679
0.9207845,-0.5004966,-14.936399,0.6437604,0.5352463,-0.5134825,0.18820123
0.6733377,-1.2958755,-15.2013,0.11945623,0.84842247,0.2939906,0.42364988
0.9210923,-0.500479,-14.936422,0.6436844,0.5350276,-0.5138503,0.18807903
0.67328787,-1.2950743,-15.200838,0.11947395,0.84838766,0.29403406,0.42368436
0.92161936,-0.5004626,-14.936443,0.6435647,0.534808,-0.51424056,0.18804708
0.6732453,-1.2943908,-15.200443,0.11950644,0.84839803,0.2940565,0.42363876
0.92190546,-0.50044584,-14.936464,0.64350975,0.5346082,-0.514563,0.18792088
0.6741515,-1.29471,-15.200084,0.11952613,0.8484005,0.29411066,0.42359072
0.9219287,-0.50042915,-14.936485,0.6434767,0.5344275,-0.5148266,0.18782611
0.6740298,-1.2931877,-15.199775,0.119414546,0.8484844,0.2940487,0.42349705
0.9222606,-0.5004102,-14.93651,0.64344794,0.5342408,-0.5151006,0.18770456
0.6748062,-1.2935976,-15.199499,0.11956062,0.84851265,0.29404885,0.42339918
0.922617,-0.50005114,-14.936536,0.6433818,0.5341044,-0.5153825,0.18754525
0.67463243,-1.2939563,-15.199257,0.11956299,0.8485838,0.29406542,0.42324448
0.9230125,-0.50004214,-14.936565,0.64337575,0.5339209,-0.51561636,0.18744563
0.674482,-1.293456,-15.199048,0.11957994,0.84864444,0.29402277,0.42314768
0.9234427,-0.5000324,-14.936597,0.64334226,0.53376985,-0.51585746,0.18732738
0.6735808,-1.2930208,-15.198867,0.11963195,0.8487371,0.29396072,0.42299014
0.9239023,-0.50002205,-14.936631,0.64328706,0.5336138,-0.51611584,0.18725012
0.6735251,-1.2926406,-15.198707,0.11967343,0.8487965,0.29386958,0.42292264
0.92438465,-0.5000112,-14.9366665,0.6432343,0.5334532,-0.51639116,0.18712996
0.67347616,-1.2930019,-15.198567,0.119711556,0.84888107,0.29380527,0.42278683
0.9255808,-0.4993458,-14.936706,0.6431543,0.5333105,-0.51667583,0.18702568
0.67343307,-1.2933205,-15.198444,0.11976699,0.84896827,0.2937151,0.42265853
0.92607015,-0.49868855,-14.936745,0.6431004,0.5331915,-0.5169021,0.1869253
0.67276746,-1.2929748,-15.198335,0.11974258,0.8491048,0.29349723,0.4225425
0.92655134,-0.4980423,-14.936784,0.6430895,0.53314346,-0.516989,0.18685955
0.6727725,-1.2926679,-15.198239,0.119688705,0.84923464,0.29329383,0.42243809
0.927019,-0.4981858,-14.936821,0.6431323,0.53308105,-0.5170209,0.18680198
0.6722108,-1.2929605,-15.1981535,0.11967933,0.8493418,0.2931214,0.42234504
0.9274701,-0.49751502,-14.936857,0.6431471,0.5330544,-0.5170566,0.1867278
0.6722465,-1.2926844,-15.198076,0.1196478,0.84942704,0.29295257,0.4222996
0.92789876,-0.49771735,-14.936892,0.6431811,0.53300035,-0.51707155,0.18672359
0.6722786,-1.2929476,-15.198007,0.119649805,0.8495025,0.29283848,0.42222634
0.92828715,-0.49873435,-14.936922,0.64325505,0.53295624,-0.51703376,0.18669978
0.6713364,-1.2931845,-15.197945,0.119633175,0.8495925,0.29273185,0.42212397
0.92865455,-0.49883285,-14.936951,0.64327776,0.5329532,-0.51701033,0.18669511
0.67094773,-1.2929369,-15.198349,0.119576015,0.8496763,0.29259208,0.42206842
0.92898923,-0.49978682,-14.936978,0.6433082,0.53293204,-0.5169968,0.18668805
0.6710344,-1.292713,-15.198277,0.11954868,0.8497351,0.292521,0.4220071
0.9293031,-0.4997909,-14.937003,0.64333034,0.5329184,-0.51699936,0.1866436
0.671113,-1.29251,-15.198213,0.11953268,0.84980834,0.2924255,0.4219303
0.9295892,-0.50068945,-14.937026,0.643362,0.5329159,-0.5169743,0.1866111
0.67078906,-1.2923255,-15.198154,0.119528845,0.8498934,0.29232094,0.42183235
0.92898566,-0.50146365,-14.937046,0.6434133,0.53289944,-0.5169353,0.186589
0.6704939,-1.292533,-15.1981,0.11954869,0.84999204,0.29223147,0.42169002
0.9284629,-0.5021341,-14.936255,0.64344734,0.53289413,-0.5169246,0.18651646
0.6698676,-1.2923657,-15.198051,0.119552866,0.85011035,0.29214874,0.42150772
0.928008,-0.50195026,-14.936336,0.64349455,0.53288627,-0.5169121,0.18641084
0.6699727,-1.2922126,-15.198007,0.11956907,0.8501924,0.2920502,0.42140573
0.9276104,-0.5017895,-14.935676,0.64351547,0.5328872,-0.51691926,0.1863164
0.669747,-1.2923943,-15.197966,0.11961758,0.8502899,0.29195735,0.4212598
0.9279538,-0.50095594,-14.935789,0.6434811,0.5328909,-0.5170005,0.18619873
0.66953975,-1.2922553,-15.197928,0.119622484,0.85037965,0.29187286,0.42113575
0.9282564,-0.50022113,-14.935889,0.643465,0.53288674,-0.51705736,0.18610848
0.6696399,-1.2921274,-15.197893,0.11965403,0.8504292,0.29181215,0.42106882
0.92789936,-0.50019574,-14.935977,0.64349794,0.5328674,-0.5170699,0.18601516
0.66945595,-1.2920095,-15.197861,0.119658135,0.850475,0.29177332,0.42100206
0.92817587,-0.5001732,-14.935462,0.6434733,0.5328854,-0.51708186,0.18601531
0.6692862,-1.2919008,-15.197832,0.11963742,0.8505054,0.29175508,0.42095888
0.92842233,-0.5001531,-14.935003,0.64348894,0.5328722,-0.51708573,0.18598808
0.6691293,-1.2920495,-15.197804,0.11965911,0.8505,0.29177585,0.42094946
0.92810696,-0.50067097,-14.934593,0.6435087,0.53289074,-0.5170431,0.1859854
0.6692209,-1.2921871,-15.197779,0.11964922,0.85048336,0.29180202,0.42096758
0.92833304,-0.50113547,-14.934224,0.64348435,0.53290313,-0.5170537,0.18600428
0.6693058,-1.2923146,-15.197756,0.1196388,0.850458,0.2918325,0.4210005
0.9280529,-0.5015534,-14.933893,0.6435129,0.5329006,-0.5170337,0.18596876
0.6693846,-1.292433,-15.197733,0.11963601,0.8504165,0.29185617,0.42106897
0.92825955,-0.5014711,-14.933595,0.6434935,0.53288895,-0.5170803,0.18593964
0.6694578,-1.2923399,-15.197713,0.1196158,0.8503726,0.29188782,0.42114133
0.9284483,-0.50095516,-14.933321,0.64347285,0.5328922,-0.5171287,0.18586716
0.6695258,-1.2922534,-15.197695,0.11960224,0.85033417,0.29189992,0.42121455
0.9286352,-0.5004446,-14.933051,0.6434279,0.5328878,-0.5172178,0.18578708
0.66959226,-1.292361,-15.197676,0.11960012,0.8502898,0.29193836,0.42127794
0.9294012,-0.50040936,-14.93274,0.6433903,0.53286046,-0.51728296,0.1858146
0.66984963,-1.2924666,-15.197659,0.11960465,0.85024256,0.2919734,0.42134774
0.92957747,-0.5009445,-14.932437,0.6433976,0.53281873,-0.5173144,0.1858216
0.66990966,-1.2923777,-15.19764,0.11959844,0.85020494,0.29200843,0.42140114
0.9297507,-0.5008756,-14.93214,0.643368,0.53280634,-0.5173597,0.18583341
0.6697762,-1.2922906,-15.197623,0.119581096,0.8501838,0.2920271,0.42143583
0.92990756,-0.500239,-14.932446,0.64334726,0.5327902,-0.51741743,0.1857911
0.66983765,-1.2922052,-15.197606,0.11957902,0.8501573,0.2920404,0.42148048
0.9307097,-0.49957365,-14.932765,0.6433002,0.5327624,-0.51749545,0.18581593
0.66989785,-1.2921216,-15.19759,0.11957358,0.85014105,0.29205358,0.42150575
0.9308191,-0.49895978,-14.93306,0.6433017,0.53268296,-0.51757824,0.18580823
0.6697646,-1.2920396,-15.197574,0.11955597,0.85012776,0.2920654,0.42152932
0.930317,-0.49901408,-14.933321,0.64337087,0.5325927,-0.51759315,0.1857857
0.66963404,-1.2917671,-15.19775,0.11952798,0.8501142,0.29207608,0.42155716
0.9298697,-0.49906245,-14.933553,0.6434663,0.5325107,-0.5175361,0.18584922
0.6695061,-1.2920768,-15.19773,0.119527504,0.8500943,0.29211667,0.4215693
0.93001074,-0.49964643,-14.933761,0.64353096,0.5324735,-0.51743925,0.18600151
0.669573,-1.2919958,-15.197904,0.119508535,0.85006046,0.29214713,0.42162198
0.9296235,-0.50017,-14.933948,0.64362705,0.53242844,-0.51731884,0.18613303
0.66963845,-1.2919165,-15.198073,0.11949831,0.8500289,0.2921621,0.42167816
0.92976326,-0.49966472,-14.934115,0.64367515,0.5324475,-0.5172119,0.18620926
0.6697027,-1.2920308,-15.198048,0.119480096,0.84998906,0.29220986,0.42173058
0.9294256,-0.49920908,-14.934267,0.6437343,0.5324717,-0.5171023,0.18623987
0.6695734,-1.2919508,-15.198215,0.11945277,0.8499654,0.29225057,0.42175776
0.9291204,-0.49923757,-14.934402,0.64378035,0.53251475,-0.51696897,0.18632783
0.6694467,-1.2920644,-15.198378,0.11943829,0.8499366,0.29230574,0.42178157
0.92884374,-0.4996818,-14.934527,0.643862,0.53256774,-0.5167566,0.18648307
0.6693225,-1.2921759,-15.198538,0.11942399,0.84991795,0.29233968,0.42179972
0.9289898,-0.50008553,-14.93464,0.6439064,0.5326483,-0.5165598,0.18664509
0.6692007,-1.2920929,-15.198695,0.11941531,0.8499101,0.2923484,0.42181203
0.9291228,-0.49969783,-14.934742,0.6439023,0.5327662,-0.51640064,0.18676312
0.66908145,-1.2920115,-15.198657,0.119407535,0.8499257,0.29232544,0.4217987
0.9288855,-0.49970278,-14.934835,0.643956,0.5328672,-0.5161996,0.18684573
0.66896456,-1.2919317,-15.198619,0.119392835,0.84994906,0.29229861,0.4217744
0.92866844,-0.49970734,-14.934921,0.6440046,0.5329719,-0.5160048,0.18691789
0.66923445,-1.2918535,-15.198774,0.11937956,0.84996414,0.29224947,0.42178172
0.9284696,-0.5000353,-14.934999,0.64405936,0.5330586,-0.51580834,0.1870242
0.66911453,-1.2919693,-15.198927,0.11937037,0.8499878,0.29223293,0.42174813
0.92828697,-0.50033635,-14.935072,0.64409894,0.5331555,-0.5156113,0.18715467
0.66880465,-1.2918904,-15.198883,0.11932901,0.85004115,0.29218233,0.42168733
0.9278269,-0.50061315,-14.935137,0.6441729,0.53324956,-0.5153747,0.18728366
0.6686933,-1.291813,-15.198841,0.11930514,0.8500776,0.29214612,0.42164558
0.9276807,-0.50059056,-14.935198,0.6442124,0.5333893,-0.5151155,0.18746287
0.6687764,-1.2919295,-15.1988,0.11929661,0.85010785,0.29209903,0.42161974
0.92728204,-0.5005697,-14.935254,0.64430493,0.53353536,-0.514794,0.18761225
0.6686656,-1.2916592,-15.19876,0.11925484,0.8501448,0.29205048,0.42159063
0.92716426,-0.50029993,-14.935307,0.6443485,0.5336966,-0.51452315,0.18774721
0.66836476,-1.2913944,-15.19872,0.119200446,0.850188,0.29200274,0.42155197
0.9270553,-0.5002883,-14.935354,0.6443883,0.53385913,-0.5142251,0.18796463
0.66826105,-1.2913263,-15.198681,0.11918638,0.85020185,0.29196915,0.4215513
0.9269544,-0.5002775,-14.935172,0.64439535,0.5340497,-0.51390547,0.18827339
0.66814756,-1.2912517,-15.198638,0.11916278,0.8502137,0.2919364,0.42155653
0.92686075,-0.50026757,-14.93522,0.64441895,0.53418416,-0.51361793,0.18859534
0.6682485,-1.2911824,-15.198598,0.11913461,0.8502208,0.29190716,0.42157057
0.9265697,-0.50005424,-14.935263,0.6444315,0.534286,-0.5134251,0.18878916
0.66834223,-1.291118,-15.198561,0.11912797,0.85021865,0.2918847,0.42159232
0.9264929,-0.5000497,-14.935303,0.6444203,0.53439665,-0.51324075,0.18901496
0.66843235,-1.2912484,-15.198525,0.119121194,0.85020936,0.29187283,0.42162126
0.9264183,-0.5002376,-14.935341,0.6444069,0.53447,-0.5130302,0.1894245
0.66852075,-1.2911838,-15.19849,0.119102776,0.850207,0.29186103,0.42163944
0.9263452,-0.5004217,-14.935187,0.6444343,0.5344881,-0.5128306,0.18982026
0.66860723,-1.2913129,-15.198456,0.119101204,0.8501915,0.29186535,0.4216681
0.9262736,-0.50079435,-14.935037,0.64445746,0.5344706,-0.5126319,0.19032708
0.6686921,-1.2912472,-15.1984215,0.119086444,0.8501863,0.29184258,0.42169848
0.92620337,-0.50115955,-14.934889,0.6444494,0.53446734,-0.51247233,0.1907928
0.668583,-1.2911829,-15.198389,0.119048916,0.8501914,0.29181737,0.4217162
0.9261346,-0.50113297,-14.934743,0.6443352,0.534414,-0.5125599,0.19109225
0.66866827,-1.2911196,-15.198357,0.119047746,0.85018873,0.2917754,0.42175102
0.92606723,-0.501107,-14.934793,0.64421797,0.53433514,-0.5126644,0.1914272
0.6685597,-1.2910577,-15.198324,0.11902712,0.8502013,0.29172832,0.4217641
0.92600113,-0.5008892,-14.934843,0.64413065,0.53420526,-0.5128219,0.19166178
0.66864544,-1.2908049,-15.198294,0.118987836,0.850206,0.29165873,0.4218138
0.9261287,-0.500868,-14.934891,0.6439803,0.53396094,-0.5131219,0.19204424
0.6687295,-1.2907493,-15.198263,0.11900284,0.85019535,0.2916051,0.42186812
0.9262536,-0.5010395,-14.9349375,0.64388645,0.53364944,-0.5133838,0.19252437
0.6688119,-1.290887,-15.198235,0.11904139,0.85018504,0.29156837,0.4219035
0.9263761,-0.5012076,-14.9347925,0.6437327,0.533346,-0.5136358,0.19320574
0.6688927,-1.2908298,-15.198205,0.119048186,0.8501724,0.29153174,0.42195225
0.9266883,-0.5013723,-14.934841,0.6434708,0.5330322,-0.51400816,0.1939529
0.6689718,-1.2909659,-15.198176,0.11907119,0.85016096,0.29149854,0.42199177
0.9268021,-0.501726,-14.93489,0.6433951,0.5325887,-0.5143213,0.19459103
0.6690493,-1.2909071,-15.198149,0.11909607,0.8501458,0.29143882,0.42205647
0.92710584,-0.50168806,-14.934937,0.6431646,0.532245,-0.51475906,0.19513555
0.66912526,-1.2908494,-15.198122,0.119127855,0.8501416,0.2913547,0.42211425
0.92759573,-0.50165087,-14.934982,0.6429647,0.5318751,-0.5151897,0.1956651
0.66919976,-1.2906008,-15.198094,0.11909525,0.8501733,0.29125816,0.42212617
0.9279534,-0.5018445,-14.935039,0.6428574,0.531508,-0.51546323,0.19629411
0.6692728,-1.2905493,-15.198069,0.119082026,0.850205,0.29118744,0.42211476
0.9287769,-0.50210917,-14.93478,0.6426853,0.5312546,-0.5156865,0.1969557
0.6691521,-1.2904989,-15.198043,0.11907292,0.85024655,0.2911493,0.42206004
0.9289306,-0.5028325,-14.934476,0.6428317,0.5308985,-0.51566666,0.19748965
0.66902864,-1.2904471,-15.198016,0.11908361,0.85029393,0.29105303,0.4220279
0.929586,-0.50316423,-14.934615,0.64272624,0.5306411,-0.51592743,0.1978431
0.66913575,-1.2901098,-15.197981,0.11907638,0.85034806,0.2909526,0.42199016
0.9303039,-0.50352764,-14.934768,0.64273524,0.5303698,-0.5160663,0.19817917
0.66924465,-1.2900485,-15.197946,0.119069725,0.8503856,0.29087064,0.42197293
0.9310079,-0.5033049,-14.9349165,0.6426538,0.5301565,-0.5163514,0.19827147
0.6693796,-1.2896131,-15.197902,0.119033545,0.8504333,0.29076394,0.4219606
0.9317553,-0.5037227,-14.935075,0.6427707,0.52993387,-0.5163532,0.19848278
0.6691492,-1.2895535,-15.19786,0.11901336,0.8504721,0.29067433,0.42194977
0.93256843,-0.504941,-14.934484,0.6428138,0.5299284,-0.516133,0.19892988
0.66929144,-1.2894948,-15.197818,0.11902618,0.8504593,0.2906246,0.42200613
0.9333793,-0.5053285,-14.934722,0.6428023,0.5299732,-0.516063,0.19902909
0.66901094,-1.2889814,-15.197769,0.11896978,0.85050267,0.2904818,0.4220329
0.93412066,-0.50485504,-14.934938,0.64268875,0.53001267,-0.5162054,0.1989215
0.6691898,-1.2889369,-15.197723,0.11897892,0.8505129,0.29039344,0.42207056
0.9339644,-0.5061271,-14.935145,0.6428199,0.5300947,-0.51591724,0.1990268
0.66935366,-1.2888961,-15.1981125,0.11897373,0.8504987,0.29028884,0.42217252
0.933816,-0.50733477,-14.935341,0.6429314,0.53023773,-0.5155683,0.19918953
0.66950727,-1.2888578,-15.198476,0.11895042,0.8505317,0.29011914,0.42222938
0.9336822,-0.5075308,-14.935518,0.6430022,0.53031915,-0.51540345,0.19917104
0.6696823,-1.2883106,-15.19889,0.118935935,0.8505575,0.28988212,0.42234427
0.9344308,-0.50683683,-14.935675,0.6429206,0.5304457,-0.5154376,0.19900906
0.66984797,-1.2882957,-15.199282,0.11892251,0.8505408,0.28976008,0.4224652
0.93515074,-0.50708514,-14.935824,0.6429656,0.5305511,-0.5152449,0.19908154
0.6700327,-1.2876874,-15.199719,0.11883799,0.8505732,0.28959078,0.42253998
0.9348796,-0.5082553,-14.935965,0.6430982,0.5306602,-0.514935,0.19916429
0.6702321,-1.2870308,-15.2001915,0.11870262,0.8506226,0.28935876,0.42263758
0.9346397,-0.5083691,-14.936088,0.6431198,0.53083843,-0.5147405,0.19912222
0.6710977,-1.2871011,-15.20063,0.11863836,0.85062546,0.2891354,0.42280278
0.93442667,-0.5084702,-14.936196,0.6431845,0.5311349,-0.5143383,0.19916235
0.6704343,-1.2855567,-15.201116,0.11840198,0.8506842,0.28891852,0.42289904
0.9342433,-0.50769746,-14.936291,0.6432482,0.53135216,-0.51410574,0.19897759
0.669791,-1.2849182,-15.201588,0.1182794,0.8506968,0.2887721,0.42300776
0.933268,-0.50784576,-14.936372,0.6433717,0.5315114,-0.5138139,0.19890647
0.66923445,-1.285182,-15.201995,0.11821375,0.85064673,0.28877294,0.42312628
0.93319607,-0.50875056,-14.936442,0.64339566,0.531652,-0.51353896,0.19916333
0.66959286,-1.2835579,-15.20243,0.11805039,0.8506007,0.28862962,0.42336208
0.9338703,-0.5080666,-14.936504,0.6433223,0.5318312,-0.51339525,0.1992924
0.6698995,-1.2839787,-15.202803,0.11811502,0.8505077,0.28863412,0.4235279
0.9344617,-0.5074666,-14.936558,0.64323616,0.53198093,-0.51335025,0.19928673
0.67016345,-1.2843407,-15.203123,0.118166395,0.8503961,0.28865454,0.42372367
0.9343144,-0.5076062,-14.936607,0.6432926,0.5320571,-0.5131618,0.19938646
0.67041826,-1.2837783,-15.203433,0.118155725,0.850332,0.28863692,0.42386726
0.9341707,-0.5084549,-14.936655,0.6433217,0.5321323,-0.51297563,0.19957057
0.67066336,-1.2832375,-15.203732,0.11818877,0.85024846,0.2885742,0.42406848
0.9340395,-0.50852716,-14.936699,0.64333886,0.532127,-0.51295066,0.1995936
0.6720208,-1.2815763,-15.204038,0.1181668,0.8502286,0.28846082,0.42419147
0.9345919,-0.50725484,-14.936738,0.6431897,0.5321514,-0.51311,0.1995998
0.67316204,-1.2822812,-15.203243,0.118264474,0.8501779,0.28848112,0.42425206
0.9350842,-0.5074005,-14.936771,0.64305156,0.5321076,-0.51325667,0.19978431
0.67312956,-1.2818794,-15.202572,0.118312724,0.8501724,0.28842428,0.42428827
0.9356041,-0.508278,-14.936808,0.64305776,0.53193235,-0.51333225,0.2000369
0.6740501,-1.2824857,-15.202001,0.11839856,0.8501688,0.28840962,0.4242814
0.9361387,-0.5091803,-14.936845,0.6430845,0.5317319,-0.51339275,0.20032847
0.6748383,-1.283005,-15.201511,0.11849691,0.8501661,0.28835046,0.4242997
0.9366461,-0.5092031,-14.936879,0.6430281,0.53158385,-0.5135656,0.20045936
0.675517,-1.283452,-15.20109,0.118658185,0.850199,0.28829947,0.42422336
0.93627405,-0.51006144,-14.936912,0.64310646,0.53126097,-0.5136001,0.20097491
0.67610437,-1.2838387,-15.200726,0.11879041,0.8502666,0.28819248,0.42412353
0.9368429,-0.51191354,-14.936945,0.6432023,0.53084123,-0.5135565,0.20188652
0.676348,-1.2844691,-15.200131,0.11902282,0.8503387,0.28814647,0.423945
0.937935,-0.514362,-14.936077,0.64337033,0.53016204,-0.51340306,0.20351961
0.67609423,-1.284727,-15.199888,0.11915131,0.8504038,0.28809693,0.42381206
0.9383867,-0.5138138,-14.936207,0.64345086,0.52982336,-0.5134797,0.20395327
0.6765328,-1.284292,-15.199674,0.11916963,0.8504628,0.28798336,0.42376563
0.93877715,-0.51334006,-14.93632,0.6434891,0.5295983,-0.5135069,0.2043478
0.6769286,-1.2838994,-15.19948,0.11919453,0.8505133,0.28792182,0.42369917
0.9391569,-0.51515263,-14.93643,0.64369047,0.52929974,-0.5133267,0.20493956
0.6766567,-1.2835339,-15.1993,0.119192235,0.85058016,0.2878474,0.42361617
0.93834734,-0.5167663,-14.936527,0.64386153,0.5291262,-0.51301813,0.20562185
0.6764157,-1.2838182,-15.19914,0.11921742,0.8506208,0.2878312,0.42353842
0.9376626,-0.51702875,-14.936611,0.64384574,0.5290617,-0.51302177,0.20582786
0.6762012,-1.2834932,-15.198998,0.11918405,0.85067856,0.28773913,0.42349416
0.93813396,-0.5162023,-14.93668,0.6436648,0.52902627,-0.51326525,0.20587824
0.67546064,-1.2837521,-15.198872,0.11916565,0.85075897,0.28771672,0.4233531
0.9385328,-0.5155027,-14.936739,0.6436028,0.52895766,-0.5133716,0.20598285
0.6756871,-1.2841923,-15.198655,0.119215235,0.8507681,0.2876317,0.42337865
0.93926185,-0.51719224,-14.936847,0.6435008,0.52903014,-0.5132398,0.20644322
0.67507726,-1.2834384,-15.198564,0.11910213,0.85090923,0.28740942,0.42327777
0.93955487,-0.51635945,-14.936891,0.643401,0.5290697,-0.51344883,0.2061328
0.6754326,-1.2831967,-15.198479,0.11911386,0.85094714,0.28734207,0.42324406
0.93980336,-0.5156533,-14.936927,0.64329344,0.5291768,-0.5135625,0.20591062
0.6753027,-1.2829561,-15.198393,0.11902861,0.851046,0.28723216,0.42314374
0.94105434,-0.516014,-14.93696,0.64322275,0.5292581,-0.51358825,0.20585832
0.6751737,-1.2827173,-15.198308,0.11890599,0.851133,0.28718293,0.42303672
0.9401508,-0.5173314,-14.936991,0.6434267,0.5293326,-0.5132883,0.20577715
0.6755921,-1.2824702,-15.19822,0.118929185,0.8511643,0.2871314,0.42300215
0.9403459,-0.5175144,-14.937018,0.64336896,0.5294637,-0.5133346,0.205505
0.6754098,-1.281562,-15.198124,0.118825145,0.8512247,0.28707343,0.42294917
0.94052327,-0.51768076,-14.937042,0.6433905,0.5295064,-0.51338047,0.20521265
0.675906,-1.2813404,-15.198029,0.11883277,0.8512333,0.28701895,0.4229668
0.9406736,-0.5168356,-14.937064,0.64335155,0.52968234,-0.51338446,0.20487037
0.67569673,-1.28114,-15.198602,0.11876214,0.85129815,0.286983,0.4228805
0.94080174,-0.51611507,-14.937081,0.64342135,0.5298025,-0.5132858,0.20458747
0.6747899,-1.280242,-15.198469,0.118639804,0.8514025,0.28691807,0.42274863
0.9409117,-0.51549727,-14.937097,0.6434251,0.5299234,-0.5132335,0.20439354
0.67463386,-1.2793221,-15.199106,0.118466385,0.85144997,0.28684825,0.42274907
0.94016093,-0.51581025,-14.93711,0.6436208,0.5300656,-0.5129371,0.20415264
0.67447656,-1.2783952,-15.199748,0.11835783,0.85146654,0.2867837,0.42278996
0.94031364,-0.5152781,-14.937121,0.64366794,0.5302026,-0.5127913,0.20401464
0.6734347,-1.2775058,-15.200364,0.118237786,0.851507,0.28667587,0.4228151
0.9389205,-0.5148149,-14.937132,0.64379907,0.5302849,-0.5126255,0.20380333
0.6733831,-1.2784321,-15.200048,0.11838487,0.8514108,0.28670433,0.42294845
0.9391519,-0.5136848,-14.937141,0.6438095,0.53034294,-0.51258117,0.20373091
0.6741426,-1.2792346,-15.200579,0.11858647,0.8512459,0.286746,0.4231956
0.9386664,-0.5133809,-14.937149,0.6438706,0.53039026,-0.51245445,0.20373347
0.6740398,-1.2784054,-15.201041,0.1186461,0.85116154,0.2866591,0.42340738
0.93889254,-0.5131129,-14.937157,0.64398766,0.53034306,-0.51231086,0.2038475
0.6739499,-1.278406,-15.201445,0.11874898,0.8510974,0.28658953,0.42355442
0.9384712,-0.51287556,-14.937162,0.64412487,0.53025544,-0.512203,0.203913
0.6744714,-1.278407,-15.202119,0.11919492,0.8509264,0.2863879,0.42390907
0.9383239,-0.5135936,-14.937173,0.6442293,0.53013337,-0.51193213,0.20457952
0.6743586,-1.2784075,-15.202415,0.119521156,0.8508998,0.28617713,0.4240129
0.93799424,-0.5138964,-14.937178,0.64432335,0.5300814,-0.511684,0.20503835
0.6742415,-1.277662,-15.202724,0.11984029,0.8508767,0.2859755,0.42410526
0.93820465,-0.5141681,-14.937688,0.6444412,0.5299862,-0.511401,0.20561936
0.6741227,-1.276906,-15.203036,0.12017122,0.85090005,0.2857134,0.42414135
0.93839395,-0.5144126,-14.937666,0.6445445,0.52992433,-0.5111249,0.20614067
0.6748166,-1.2770314,-15.203316,0.12056877,0.8509066,0.28551444,0.4241494
0.93856484,-0.51463324,-14.937646,0.6446182,0.5298409,-0.5109918,0.20645422
0.6746569,-1.2771436,-15.203566,0.12095549,0.8509728,0.28530115,0.42405
0.93828535,-0.5148329,-14.937628,0.64473635,0.5297675,-0.51085895,0.20660228
0.6745175,-1.2779826,-15.203784,0.121325634,0.85105246,0.28510562,0.4239159
0.9384684,-0.5155165,-14.93761,0.64479834,0.52966267,-0.51082844,0.2067534
0.67439526,-1.2780141,-15.203976,0.12159776,0.85114247,0.2849378,0.42376992
0.9381392,-0.5162272,-14.93759,0.6448708,0.5295434,-0.5108014,0.20689948
0.6742877,-1.2780418,-15.204144,0.12177831,0.8512535,0.28480813,0.42358226
0.9372903,-0.516914,-14.937571,0.64504284,0.5293538,-0.5108148,0.20681563
0.67419255,-1.2780663,-15.204292,0.12197455,0.8513601,0.2846465,0.42342016
0.9369875,-0.5176382,-14.937551,0.64505774,0.5293055,-0.5108795,0.20673269
0.67410403,-1.2780892,-15.204431,0.12209593,0.8514899,0.2845272,0.4232042
0.93667316,-0.5183902,-14.93753,0.6450688,0.5292074,-0.5109716,0.20672154
0.67402554,-1.2787112,-15.204553,0.12228861,0.8515649,0.28448558,0.4230257
0.9363854,-0.5184347,-14.9375105,0.6450488,0.52914953,-0.51115006,0.20649105
0.67395556,-1.2786934,-15.204661,0.12236077,0.85170364,0.2843437,0.42282084
0.9360895,-0.51918995,-14.937492,0.64499104,0.529138,-0.5112454,0.20646459
0.6738931,-1.2786776,-15.204759,0.12246653,0.8517471,0.2843453,0.4227015
0.93656915,-0.51996046,-14.937472,0.6449148,0.52914935,-0.5113404,0.2064387
0.6733172,-1.2786634,-15.204847,0.12247975,0.8518503,0.28431103,0.4225129
0.93700016,-0.51988846,-14.937454,0.6448365,0.5291351,-0.5115092,0.2063016
0.6727028,-1.2780622,-15.204941,0.12232224,0.85190636,0.2842953,0.4224561
0.93738973,-0.5198234,-14.937438,0.6448834,0.52917325,-0.5113876,0.20635849
0.6721309,-1.2780834,-15.205029,0.12215738,0.8518956,0.2843782,0.42246974
0.9369712,-0.52056175,-14.937423,0.64497274,0.5292168,-0.51119834,0.20643654
0.6721742,-1.2781034,-15.2051115,0.12206387,0.85184604,0.28449512,0.42251787
0.9373782,-0.5204395,-14.937408,0.64495695,0.52932477,-0.5110739,0.20651717
0.6722149,-1.2781221,-15.205189,0.121907726,0.8517836,0.2845817,0.42263058
0.9377433,-0.52032983,-14.937396,0.6449676,0.52943605,-0.51091945,0.20658104
0.6728017,-1.2781388,-15.205257,0.12178731,0.851716,0.28466037,0.4227485
0.93807,-0.5202317,-14.938125,0.64498323,0.52952063,-0.5108213,0.20655836
0.6721941,-1.2775457,-15.205329,0.12162517,0.8517307,0.28468513,0.42274883
0.9376537,-0.5201457,-14.938763,0.6450964,0.52954173,-0.51068693,0.20648284
0.67223364,-1.2781781,-15.205393,0.12154242,0.8516743,0.28480843,0.42280322
0.9379669,-0.5200669,-14.939348,0.6451013,0.52961373,-0.5105879,0.20652752
0.67170113,-1.277623,-15.205451,0.12134549,0.85166943,0.28489372,0.42281216
0.9375779,-0.5199965,-14.939872,0.6451765,0.52966636,-0.5104722,0.20644389
0.671135,-1.2770331,-15.205514,0.12122336,0.8516712,0.28490582,0.42283544
0.93723416,-0.519299,-14.940333,0.64517236,0.5296877,-0.5105106,0.20630676
0.66979975,-1.2764053,-15.205581,0.12108625,0.8516483,0.28498286,0.422869
0.93632555,-0.51868004,-14.940743,0.64519846,0.52975935,-0.51044667,0.20619941
0.67004395,-1.2757964,-15.205645,0.12097093,0.8515982,0.2850407,0.4229638
0.93551654,-0.5175556,-14.941108,0.6452107,0.5298092,-0.51041687,0.20610695
0.67098844,-1.2759954,-15.205701,0.120943055,0.85149735,0.28513685,0.42311
0.93533856,-0.5170958,-14.941435,0.6452299,0.52980214,-0.5103879,0.20613691
0.67040044,-1.2754496,-15.205752,0.12086498,0.8514384,0.28518838,0.4232162
0.93517905,-0.5166838,-14.941727,0.6452523,0.5297726,-0.51035476,0.20622453
0.671302,-1.2749527,-15.205801,0.12082125,0.8513347,0.28527015,0.42338222
0.9350357,-0.5168051,-14.941989,0.64531404,0.52971077,-0.51028126,0.20637202
0.67149687,-1.2754153,-15.205879,0.120684475,0.8511112,0.2855548,0.42367873
0.93478966,-0.5165695,-14.94244,0.64535296,0.5295485,-0.51008904,0.20714046
0.67158353,-1.2762234,-15.205913,0.120658964,0.8510012,0.285723,0.42379332
0.93468386,-0.5171,-14.942634,0.64549744,0.52938247,-0.5098126,0.20779411
0.6722458,-1.2763568,-15.205942,0.1206461,0.8508847,0.28586078,0.42393807
0.9345823,-0.51718605,-14.942821,0.6456687,0.5291901,-0.50956553,0.20835723
0.6728367,-1.2770318,-15.205968,0.12064799,0.85078377,0.28598574,0.42405576
0.9344705,-0.5177682,-14.943026,0.6458194,0.52903765,-0.5092564,0.20903185
0.6728374,-1.2771077,-15.205991,0.12064556,0.8506957,0.28612563,0.42413875
0.9337824,-0.51840883,-14.943251,0.6459629,0.5288091,-0.5090868,0.2095795
0.672838,-1.2771759,-15.206012,0.12062552,0.8506327,0.28623566,0.42419657
0.93429613,-0.5190511,-14.943477,0.64580834,0.52870435,-0.5091402,0.21018958
0.67283845,-1.277714,-15.206031,0.12063418,0.850568,0.2863576,0.4242416
0.9341543,-0.52047235,-14.9437275,0.6459056,0.5284739,-0.5090271,0.21074331
0.6732918,-1.2781998,-15.206047,0.1206226,0.8504852,0.28650728,0.42430976
0.93401337,-0.5218836,-14.943213,0.64590704,0.52822435,-0.50906855,0.21126398
0.6737022,-1.2786394,-15.206062,0.12064791,0.8503689,0.28667632,0.4244213
0.9346714,-0.5224433,-14.943515,0.64578086,0.52812207,-0.50924283,0.21148515
0.6736659,-1.2786298,-15.206077,0.12051956,0.8502538,0.28688508,0.42454743
0.93446845,-0.5238435,-14.942961,0.64572626,0.5279082,-0.5093883,0.21183516
0.67363286,-1.278621,-15.20609,0.120418645,0.8500948,0.28715363,0.42471287
0.93515223,-0.5242821,-14.9433155,0.6456531,0.5278148,-0.5095181,0.2119789
0.67434055,-1.2786131,-15.206101,0.120269634,0.8498577,0.28751177,0.4249873
0.9358401,-0.5256904,-14.943672,0.6456102,0.52769095,-0.5095774,0.21227501
0.6742862,-1.2786057,-15.206112,0.12007981,0.8496938,0.2878617,0.42513177
0.93646985,-0.52599525,-14.943998,0.645595,0.5276815,-0.5095802,0.21233764
0.6751509,-1.2792311,-15.206131,0.11990488,0.8491736,0.2887308,0.4256309
0.9374874,-0.5256428,-14.944525,0.6454895,0.5277838,-0.50964534,0.21224806
0.6753794,-1.279506,-15.206139,0.11979015,0.8489753,0.2890535,0.42583963
0.9369491,-0.5269738,-14.944772,0.645547,0.527771,-0.5096198,0.21216659
0.6755896,-1.2797589,-15.206146,0.11972636,0.84882784,0.28928378,0.42599517
0.93748486,-0.5271538,-14.944993,0.6454672,0.5277933,-0.5097637,0.21200779
0.67646706,-1.2796272,-15.206164,0.11945134,0.8486106,0.28960928,0.426284
0.93648374,-0.5247151,-14.945343,0.6453478,0.5279663,-0.51008266,0.21117157
0.6763306,-1.279944,-15.206173,0.11935994,0.84859973,0.28978387,0.42621243
0.93610936,-0.5250753,-14.945481,0.64528,0.5279994,-0.5101842,0.21105078
0.6762059,-1.2798891,-15.206182,0.11928785,0.84862083,0.2898792,0.42612574
0.93661845,-0.52538633,-14.9456005,0.64523745,0.5280149,-0.51026917,0.21093667
0.6764356,-1.279835,-15.206188,0.11926659,0.8486289,0.28988466,0.4261119
0.9370602,-0.52565616,-14.945704,0.6451867,0.5280089,-0.51037824,0.21084328
0.6766799,-1.2801671,-15.206197,0.119373485,0.8486096,0.289906,0.42610586
0.9366942,-0.52514035,-14.945794,0.645155,0.5279847,-0.51051265,0.21067548
0.6765323,-1.2797292,-15.206203,0.119287506,0.84870464,0.28978315,0.42602426
0.93708724,-0.52468854,-14.945873,0.645145,0.5278944,-0.51062274,0.21066567
0.6767583,-1.2796791,-15.20621,0.11935556,0.8486784,0.28976083,0.42607272
0.93675506,-0.5242912,-14.945942,0.64515024,0.5279037,-0.51059794,0.2106864
0.6769953,-1.2796264,-15.206218,0.119382866,0.8487091,0.28972128,0.4260307
0.9364541,-0.5252528,-14.946006,0.6452376,0.52786136,-0.5104733,0.21082687
0.6772399,-1.2800022,-15.206225,0.11940475,0.84872735,0.2897252,0.42598554
0.9361422,-0.52624923,-14.946072,0.64532214,0.5278671,-0.5102864,0.21100591
0.6770532,-1.2799346,-15.206233,0.11939733,0.84880644,0.28958505,0.42592546
0.93584853,-0.5264378,-14.946133,0.6453678,0.5279019,-0.51012635,0.21116617
0.67688334,-1.2798733,-15.206239,0.1193917,0.8488715,0.28949296,0.4258599
0.9363035,-0.5258907,-14.946186,0.64535785,0.5279139,-0.5101044,0.2112196
0.6770974,-1.2794483,-15.206244,0.11936503,0.8489517,0.28933898,0.4258122
0.9367036,-0.5254095,-14.946234,0.6453495,0.52795166,-0.5100587,0.21126108
0.6769425,-1.2794106,-15.206249,0.119326204,0.84904486,0.28926447,0.42568794
0.9364143,-0.52498454,-14.946276,0.6453623,0.5280098,-0.50992,0.21141152
0.6771473,-1.2797303,-15.206254,0.11939541,0.8490826,0.28920814,0.42563152
0.9367684,-0.5258292,-14.946313,0.6454382,0.52802545,-0.50968957,0.21169628
0.67735666,-1.2792999,-15.20626,0.119333565,0.8491767,0.28903857,0.4255763
0.9365033,-0.52542037,-14.946346,0.64550304,0.528137,-0.5094777,0.21173002
0.677188,-1.2792667,-15.2062645,0.11925677,0.8492479,0.28901407,0.4254724
0.9362429,-0.52623177,-14.946379,0.64555615,0.5283416,-0.50906914,0.21204047
0.67703366,-1.2792364,-15.206269,0.11924434,0.8492869,0.28898674,0.42541662
0.93597126,-0.5270781,-14.946413,0.6456319,0.5285628,-0.508602,0.21237907
0.6772227,-1.2792077,-15.206274,0.119210795,0.84929615,0.28899956,0.4253988
0.93571573,-0.52719104,-14.9464445,0.64566964,0.52881473,-0.5082096,0.21257648
0.67664284,-1.2788551,-15.206281,0.11902071,0.84936655,0.28895593,0.42534116
0.93529034,-0.5261547,-14.946497,0.6455697,0.5294648,-0.50762904,0.21264917
0.6765295,-1.2788419,-15.206571,0.118950896,0.84938276,0.28895622,0.42532805
0.9351127,-0.5257219,-14.94652,0.6455954,0.52976793,-0.507292,0.21262045
0.6764251,-1.278557,-15.206839,0.11884507,0.8494168,0.2889293,0.42530802
0.9349542,-0.5253358,-14.94654,0.6456394,0.5300682,-0.50692433,0.21261527
0.6763268,-1.2785529,-15.20709,0.118773796,0.8494322,0.28894192,0.42528868
0.9342836,-0.5255191,-14.946557,0.6457401,0.5304111,-0.5064308,0.21263039
0.6758794,-1.2782344,-15.207606,0.118598096,0.84949744,0.28893486,0.42521214
0.93361694,-0.5248772,-14.947065,0.6456712,0.53117585,-0.505832,0.21235588
0.6757702,-1.2782408,-15.20791,0.118489765,0.8495202,0.28893852,0.42519432
0.9335584,-0.5241492,-14.947509,0.64559925,0.5314768,-0.5057003,0.212135
0.67525816,-1.2778552,-15.2082405,0.11839582,0.84955466,0.28893322,0.42515522
0.9335055,-0.52349013,-14.94791,0.64554965,0.5317401,-0.50555015,0.21198389
0.67514193,-1.2774181,-15.208614,0.11828882,0.8495811,0.2889131,0.42514583
0.93345743,-0.5233013,-14.9478655,0.6455207,0.5319675,-0.5053674,0.2119375
0.6750139,-1.276937,-15.209027,0.1181779,0.84960294,0.28890672,0.42513743
0.9330126,-0.5235245,-14.947824,0.64563143,0.53212523,-0.5050682,0.21191731
0.67486876,-1.2757472,-15.209495,0.11803519,0.8496277,0.2888544,0.42516315
0.93255126,-0.5237561,-14.94778,0.6457141,0.5322598,-0.5048067,0.21195062
0.67401665,-1.2752385,-15.20997,0.117945276,0.849651,0.28884196,0.42515007
0.9320727,-0.52399623,-14.947735,0.645784,0.5323259,-0.50459445,0.21207689
0.67392284,-1.2747215,-15.210456,0.11784541,0.8496667,0.28881267,0.42516622
0.9316042,-0.5237475,-14.947691,0.6458851,0.5323584,-0.50446063,0.21200572
0.6738382,-1.2742549,-15.210135,0.11776792,0.8496898,0.28875902,0.42517802
0.93114173,-0.523502,-14.947647,0.645989,0.5322558,-0.50450826,0.2118334
0.6737612,-1.2738303,-15.209843,0.11772485,0.8497222,0.28870812,0.42515948
0.9306835,-0.52325875,-14.947604,0.6460204,0.5322081,-0.5045681,0.21171503
0.67369074,-1.2734417,-15.209577,0.11764828,0.8497734,0.2886185,0.42513937
0.930249,-0.52250075,-14.947562,0.64605665,0.53207666,-0.50473833,0.21152909
0.6736213,-1.2722651,-15.209314,0.11759361,0.8498626,0.28849223,0.42506203
0.929814,-0.5223005,-14.947521,0.6460121,0.53197664,-0.5049361,0.21144445
0.67356074,-1.2727472,-15.209084,0.11763001,0.84992623,0.28840393,0.42498454
0.9293791,-0.52269316,-14.94748,0.6460871,0.5318055,-0.50508463,0.2112913
0.6735077,-1.2731693,-15.208883,0.11767914,0.8499922,0.28830266,0.42490768
0.92955476,-0.52191675,-14.947444,0.6460397,0.5316982,-0.5053511,0.21106853
0.6734611,-1.2728602,-15.208707,0.1177102,0.8500569,0.28822604,0.4248217
0.9297118,-0.5212223,-14.947412,0.6459987,0.5315724,-0.5056159,0.21087708
0.67341995,-1.2725872,-15.208551,0.11775076,0.85012156,0.28812715,0.42474812
0.93036115,-0.5211077,-14.947382,0.64596176,0.53139293,-0.5058996,0.2107618
0.6733781,-1.2716062,-15.208393,0.11777148,0.8501887,0.28800374,0.42469168
0.9304624,-0.52100456,-14.947356,0.6460082,0.5312575,-0.50603414,0.2106383
0.67334133,-1.2720796,-15.208253,0.11784046,0.8502304,0.2879374,0.42463398
0.9310125,-0.5209115,-14.947332,0.6459636,0.5311499,-0.50623465,0.21056424
0.67330873,-1.2724981,-15.20813,0.117893875,0.85027057,0.28788987,0.42457095
0.93063855,-0.5212632,-14.947311,0.6460766,0.5310055,-0.5062968,0.21043232
0.6732799,-1.2722661,-15.208624,0.117899485,0.8503417,0.28778934,0.42449507
0.9307134,-0.52158207,-14.947291,0.6461504,0.5308964,-0.50638473,0.21026944
0.6726046,-1.2720332,-15.20912,0.117907956,0.8504085,0.28771684,0.4244081
0.9307815,-0.52147865,-14.947274,0.6461985,0.53079104,-0.5065255,0.21004835
0.67191595,-1.2717956,-15.209626,0.11789412,0.85047835,0.28763545,0.42432693
0.9304698,-0.52101076,-14.947258,0.6462768,0.53072375,-0.5066056,0.20978448
0.6712223,-1.2715563,-15.210135,0.117894284,0.8505534,0.2875488,0.42423517
0.9305402,-0.52058357,-14.9475975,0.64629227,0.5306518,-0.5067501,0.20956941
0.6705334,-1.2713186,-15.210641,0.11790664,0.85063624,0.2874559,0.4241287
0.93021125,-0.5205189,-14.947973,0.6463547,0.53056145,-0.5068305,0.20941143
0.669859,-1.2710857,-15.211136,0.1179238,0.85071266,0.2873607,0.4240353
0.9303101,-0.5200133,-14.948361,0.646391,0.53048295,-0.5069373,0.20923959
0.6692079,-1.2708611,-15.211615,0.117952906,0.85078573,0.28726742,0.42394364
0.9299473,-0.5199672,-14.94829,0.646459,0.5304022,-0.50699854,0.20908585
0.66956985,-1.2706563,-15.212051,0.11798445,0.8508538,0.28714415,0.42388177
0.93005824,-0.51992553,-14.948224,0.64650685,0.53031313,-0.5070724,0.20898479
0.66890806,-1.2704625,-15.212464,0.11799592,0.8509286,0.2870416,0.4237978
0.9297287,-0.52032053,-14.948162,0.6465669,0.5302091,-0.5071342,0.2089129
0.66710436,-1.269132,-15.212882,0.117957704,0.85102785,0.28689778,0.4237066
0.92984235,-0.52067876,-14.948106,0.6466192,0.53012216,-0.50718355,0.20885192
0.66663593,-1.269092,-15.21326,0.11792164,0.8510847,0.28680766,0.42366353
0.9299457,-0.52061254,-14.948055,0.6466293,0.53005403,-0.5072631,0.20880042
0.66735095,-1.2701647,-15.213575,0.117928766,0.85110164,0.286759,0.42366052
0.92966735,-0.52092475,-14.9480095,0.6466864,0.5299635,-0.5073011,0.20876084
0.66795194,-1.2700157,-15.2138405,0.117918625,0.85110825,0.28665224,0.4237222
0.9297671,-0.52120984,-14.947968,0.646697,0.52989095,-0.5073675,0.20875071
0.6684747,-1.26886,-15.214071,0.11785762,0.851127,0.28653362,0.42378157
0.9298583,-0.52113444,-14.947928,0.64670795,0.5298316,-0.5074372,0.20869793
0.66844815,-1.2678599,-15.213571,0.117775634,0.8511605,0.28630313,0.42389292
0.9300189,-0.5210018,-14.947861,0.6467407,0.52970064,-0.50756764,0.20861198
0.6679389,-1.2679518,-15.212869,0.11770784,0.8511994,0.28623506,0.42387974
0.9300896,-0.5206552,-14.94783,0.64674586,0.5296208,-0.5076731,0.20854189
0.66750246,-1.2680306,-15.212267,0.11769295,0.8512403,0.28610742,0.42388794
0.93015474,-0.52033573,-14.947802,0.64676285,0.5295353,-0.5077668,0.20847829
0.66712624,-1.2680985,-15.211748,0.11767943,0.8512798,0.28604454,0.42385474
0.93021613,-0.52003485,-14.947776,0.6467986,0.52943337,-0.50787234,0.20836924
0.666788,-1.2681596,-15.212118,0.11769656,0.85133004,0.28591838,0.4238343
0.9302732,-0.520009,-14.947752,0.64685875,0.5293036,-0.5079654,0.20828494
0.66647106,-1.2682168,-15.212464,0.117737584,0.8513917,0.28577083,0.4237985
0.93033266,-0.51971006,-14.947727,0.64689106,0.5292109,-0.50806713,0.208172
0.6661969,-1.2682664,-15.211949,0.117837936,0.85143226,0.28567347,0.4237547
0.9304018,-0.51936257,-14.948023,0.64687884,0.5291457,-0.50818306,0.20809284
0.6659405,-1.2683128,-15.2123,0.11787789,0.85149527,0.28554678,0.42370245
0.9304722,-0.5193516,-14.948324,0.6469472,0.52903837,-0.5082498,0.20799032
0.6657004,-1.2683562,-15.212628,0.117894925,0.85158455,0.2853913,0.42362294
0.9301228,-0.51890236,-14.948693,0.6470063,0.52899677,-0.5082516,0.20790774
0.66547626,-1.2683967,-15.2129345,0.11796237,0.8516564,0.28529468,0.4235249
0.9297516,-0.51891005,-14.949085,0.64707047,0.52897626,-0.5082136,0.2078532
0.66526794,-1.2684344,-15.21322,0.11795157,0.85171205,0.28523043,0.42345917
0.92988783,-0.51891756,-14.94947,0.6471305,0.5289847,-0.50814664,0.20780827
0.6648969,-1.2685013,-15.213728,0.11790551,0.8518872,0.28503963,0.423248
0.929059,-0.5189336,-14.950285,0.6472524,0.52911544,-0.507831,0.20786758
0.66473323,-1.2685308,-15.213952,0.11782325,0.8519412,0.28499332,0.4231934
0.9280022,-0.51958025,-14.950695,0.64736366,0.52921784,-0.50756145,0.20791882
0.66247123,-1.2685604,-15.214176,0.117674306,0.85208684,0.2849308,0.42298377
0.92764974,-0.52019167,-14.951084,0.64742696,0.5293547,-0.5073075,0.20799272
0.6614543,-1.2685881,-15.214386,0.11753566,0.8521288,0.2849417,0.42293045
0.92731297,-0.5207759,-14.951456,0.6475056,0.5294942,-0.50701624,0.20810318
0.66058224,-1.2696824,-15.214565,0.11744539,0.8521411,0.28495634,0.42292088
0.92700624,-0.5219562,-14.951794,0.647582,0.529648,-0.5067195,0.20819706
0.6597418,-1.2684147,-15.214739,0.117190585,0.8521446,0.28492376,0.42300645
0.9266993,-0.5217463,-14.952133,0.6476414,0.52987015,-0.50639945,0.2082256
0.6589497,-1.26722,-15.214902,0.11689516,0.8521646,0.28491384,0.4230546
0.9255928,-0.52152646,-14.952487,0.6477132,0.5301069,-0.5060677,0.20820652
0.6582462,-1.2674289,-15.215048,0.11671294,0.8521325,0.28493258,0.4231569
0.9244639,-0.5213022,-14.952848,0.6477824,0.5303383,-0.50574774,0.20817912
0.65888494,-1.2663742,-15.21517,0.11649078,0.8520804,0.28493693,0.42332008
0.92334,-0.52107894,-14.953209,0.64786077,0.5306409,-0.50535995,0.20810592
0.6582453,-1.267838,-15.215271,0.1164568,0.8520099,0.2850282,0.42340994
0.92109174,-0.5197577,-14.95358,0.6479457,0.53106695,-0.50488776,0.20790058
0.6583364,-1.2658479,-15.215439,0.11609929,0.85196984,0.2848737,0.42369258
0.9203674,-0.5175696,-14.953114,0.6480477,0.5319391,-0.5040865,0.20729658
0.6599919,-1.2650883,-15.215503,0.116012745,0.8519284,0.28478205,0.42386115
0.91955155,-0.51665056,-14.952406,0.6480934,0.5323787,-0.50378,0.20676969
0.6603436,-1.264449,-15.215557,0.115910165,0.851917,0.28473777,0.42394176
0.9188186,-0.51582503,-14.951772,0.64815897,0.53269047,-0.50359935,0.20620061
0.6606425,-1.2639056,-15.215603,0.1158915,0.8518889,0.28468665,0.4240378
0.9192479,-0.51617646,-14.951238,0.6481671,0.53295624,-0.50347006,0.20580316
0.65993184,-1.2644014,-15.215643,0.115894645,0.8518875,0.28467643,0.42404655
0.91961145,-0.5174677,-14.950785,0.648205,0.5330974,-0.503374,0.20555335
0.6611746,-1.2657493,-15.215676,0.11600136,0.85182774,0.2847136,0.42411253
0.9199211,-0.5185675,-14.950399,0.64828503,0.53317523,-0.5032865,0.20531334
0.6622416,-1.2651498,-15.215706,0.11599744,0.8517759,0.28463638,0.42426953
0.92018634,-0.518613,-14.95007,0.648264,0.53325415,-0.5033459,0.20502853
0.662328,-1.2637978,-15.215732,0.115985245,0.85178787,0.28445846,0.42436817
0.9204148,-0.5178003,-14.949786,0.6483154,0.53304905,-0.50365764,0.20463353
0.66319585,-1.2634176,-15.2157545,0.11606875,0.85174453,0.28435722,0.42450017
0.92142195,-0.51628727,-14.950349,0.64829844,0.5328576,-0.50399137,0.20436396
0.66319907,-1.2630862,-15.215773,0.116145656,0.8517526,0.28421894,0.42455554
0.92152935,-0.5149709,-14.95007,0.6482992,0.53264546,-0.5043092,0.2041302
0.6639174,-1.2627962,-15.21579,0.11622996,0.8517498,0.28403705,0.42465985
0.92235357,-0.5145508,-14.949826,0.6483036,0.53240424,-0.5045959,0.20403686
0.663869,-1.2625396,-15.215805,0.11621466,0.8517764,0.28386977,0.4247225
0.9223832,-0.5141821,-14.949613,0.64833635,0.5321046,-0.5048957,0.20397331
0.66382253,-1.2622932,-15.215818,0.11624366,0.8517986,0.28367373,0.424801
0.9230686,-0.51385707,-14.949424,0.64830804,0.53185827,-0.50518095,0.20399946
0.66446304,-1.2620729,-15.215832,0.11636481,0.85172427,0.2835493,0.42499995
0.92367506,-0.5135694,-14.9498825,0.6482811,0.53164333,-0.50543594,0.20401372
0.6643733,-1.2618617,-15.215844,0.116384745,0.8517252,0.28339198,0.42509744
0.9236186,-0.513909,-14.950291,0.64832175,0.5314352,-0.50558084,0.20406787
0.66428757,-1.2616602,-15.215857,0.11641709,0.85170287,0.28322127,0.42524704
0.9235684,-0.51364636,-14.9500885,0.648356,0.53126395,-0.50571615,0.20406972
0.66420615,-1.2614686,-15.215868,0.11648539,0.85167885,0.28304935,0.42539093
0.9240604,-0.5134116,-14.949908,0.6483662,0.5311419,-0.5057893,0.20417361
0.66412914,-1.2612876,-15.2158785,0.11652782,0.851671,0.2829118,0.4254865
0.9239916,-0.51371104,-14.949746,0.6484293,0.53104395,-0.50575715,0.20430745
0.66479546,-1.2611272,-15.215888,0.11656896,0.8516493,0.28280663,0.42558852
0.9239297,-0.51398045,-14.949601,0.64846843,0.53099734,-0.5057121,0.20441605
0.6646618,-1.260137,-15.215898,0.11642239,0.8517078,0.28263247,0.42562738
0.9238739,-0.51422346,-14.94947,0.64852697,0.5309574,-0.50563234,0.20453146
0.6645269,-1.259137,-15.215907,0.11631095,0.8518878,0.28223446,0.42556167
0.9233861,-0.5144433,-14.94935,0.6486636,0.5310557,-0.5053397,0.20456624
0.6643939,-1.258151,-15.215916,0.11615336,0.852082,0.2819217,0.42542315
0.9229438,-0.51505804,-14.949243,0.6487598,0.53116304,-0.50509006,0.20459884
0.6642766,-1.2582563,-15.215924,0.11613429,0.8522233,0.28161633,0.42534766
0.92293644,-0.5152222,-14.949145,0.6488366,0.5312849,-0.5048744,0.20457092
0.66417295,-1.2583493,-15.215931,0.1160849,0.8523547,0.28134048,0.4252804
0.92255473,-0.5153717,-14.949057,0.64889973,0.53145516,-0.504639,0.2045095
0.66407204,-1.2574033,-15.215939,0.115930356,0.8525051,0.2810306,0.425226
0.92220634,-0.51586443,-14.948976,0.6489718,0.53164166,-0.50438553,0.20442133
0.66398466,-1.2575899,-15.215945,0.11605655,0.85256606,0.2807953,0.4252248
0.922226,-0.5159767,-14.948901,0.6489532,0.5318764,-0.5042075,0.20430885
0.6639008,-1.2566907,-15.215951,0.11594099,0.85265326,0.2806884,0.42515194
0.922244,-0.5157582,-14.948833,0.6489541,0.53213364,-0.5039912,0.20416972
0.66382164,-1.2558429,-15.215958,0.11583697,0.8526912,0.2805762,0.42517832
0.9219459,-0.51555115,-14.948769,0.6489925,0.5323568,-0.50382864,0.20386699
0.6625434,-1.2550573,-15.215963,0.11577899,0.8527609,0.2804193,0.42515782
0.92160785,-0.5153163,-14.948695,0.64904493,0.5326392,-0.5035923,0.203546
0.66262597,-1.2555494,-15.215968,0.11586433,0.8527124,0.28040293,0.4252426
0.9211931,-0.5140853,-14.949077,0.6490179,0.5329749,-0.50341725,0.20318657
0.6614896,-1.2547954,-15.217186,0.115725726,0.85273474,0.2803525,0.42526874
0.92072105,-0.51324844,-14.949511,0.64905083,0.5332718,-0.50320005,0.20283958
0.6616992,-1.2553223,-15.217044,0.11583389,0.852601,0.28056675,0.42536625
0.9202131,-0.512348,-14.949332,0.6490751,0.5335578,-0.5029512,0.20262748
0.66203606,-1.255153,-15.216815,0.11589094,0.8524385,0.28073817,0.42556328
0.91924524,-0.5126265,-14.948993,0.6492341,0.533997,-0.50227565,0.2026361
0.66113067,-1.2555875,-15.216727,0.11587662,0.85236865,0.28087428,0.4256172
0.91882014,-0.51307505,-14.948844,0.6492832,0.5341802,-0.5019619,0.20277384
0.66031474,-1.254934,-15.216648,0.11584843,0.85228765,0.28100708,0.42569944
0.9184253,-0.5134916,-14.948706,0.6492956,0.534408,-0.50167775,0.20283675
0.6606165,-1.2553735,-15.216581,0.11599851,0.8520945,0.2811319,0.42596278
0.9187124,-0.51322365,-14.948584,0.6492528,0.5346317,-0.5014778,0.20287889
0.6618166,-1.2557477,-15.216524,0.116067946,0.8519128,0.28122374,0.42624643
0.9183203,-0.51295704,-14.948462,0.6492208,0.53482944,-0.50132525,0.20283678
0.661949,-1.2551726,-15.216475,0.11601734,0.8517372,0.28139493,0.42649812
0.9179051,-0.51113033,-14.948333,0.64908653,0.53504294,-0.5013118,0.2027368
0.6629141,-1.2555283,-15.216433,0.11602937,0.851508,0.2815643,0.42684057
0.91748923,-0.51014155,-14.948203,0.6490593,0.5351591,-0.5012454,0.20268193
0.6637498,-1.2558361,-15.216396,0.11600298,0.85126567,0.28174078,0.42721456
0.91707975,-0.5091681,-14.948076,0.6489759,0.53523594,-0.5012738,0.2026759
0.66582227,-1.2563384,-15.216336,0.11598438,0.85073805,0.28213978,0.42800647
0.91635406,-0.5092188,-14.947851,0.64892656,0.535328,-0.50113225,0.20294076
0.66632897,-1.256544,-15.216311,0.115925305,0.85047954,0.28235048,0.42839715
0.9160561,-0.51013416,-14.947759,0.64888245,0.5353206,-0.50111693,0.20313849
0.6680928,-1.2573837,-15.21629,0.11594412,0.8500608,0.2826911,0.42899808
0.9157993,-0.51092285,-14.947679,0.6488974,0.53530544,-0.50101125,0.20339113
0.6696536,-1.2568755,-15.216897,0.115876906,0.8492466,0.28315914,0.43031812
0.91638434,-0.5099912,-14.94761,0.6488693,0.5354642,-0.50089496,0.20334938
0.6712517,-1.2570404,-15.217518,0.11584647,0.84826374,0.28381088,0.43183297
0.9161026,-0.50910556,-14.947544,0.64888996,0.53565246,-0.50070316,0.20325994
0.6730095,-1.2572218,-15.218201,0.11576792,0.8472698,0.28459045,0.43328983
0.9158413,-0.5091354,-14.947483,0.64892983,0.5358083,-0.5005068,0.20320533
0.6748743,-1.2574142,-15.218925,0.115651175,0.84633845,0.2852102,0.4347312
0.9156151,-0.5099701,-14.94743,0.64906245,0.53597206,-0.5001645,0.20319314
0.67678005,-1.2576109,-15.2196665,0.11571815,0.8455604,0.28578293,0.43584993
0.9146122,-0.51072466,-14.947383,0.64921546,0.536146,-0.4998296,0.20306945
0.6800095,-1.2578155,-15.220437,0.1159944,0.84479034,0.28622586,0.43697754
0.9135733,-0.50970256,-14.948236,0.6492335,0.5365244,-0.49960935,0.20255375
0.6831904,-1.2580171,-15.221196,0.11635001,0.84416,0.28650504,0.43791723
0.91353285,-0.5087543,-14.949027,0.6491467,0.53683776,-0.49958318,0.20206563
0.68456227,-1.258198,-15.221878,0.11654635,0.84375995,0.2868378,0.43841773
0.913494,-0.5068602,-14.949787,0.64900833,0.53713316,-0.49965915,0.20153645
0.6874457,-1.2583649,-15.2225065,0.116773725,0.8433733,0.2870263,0.43897766
0.91238606,-0.5060778,-14.949461,0.6489476,0.53734994,-0.49963462,0.20121455
0.68821293,-1.2600951,-15.2230215,0.116958424,0.843054,0.28734097,0.4393358
0.91145074,-0.50745004,-14.949186,0.64904475,0.5374779,-0.49945408,0.2010076
0.68884724,-1.2615258,-15.223448,0.117174655,0.8427408,0.28771567,0.4396337
0.91065574,-0.5086163,-14.948953,0.64911485,0.53757256,-0.4993576,0.20076793
0.6911016,-1.2611153,-15.223827,0.1173848,0.8423965,0.2877234,0.44023204
0.9099125,-0.50870264,-14.948735,0.6491364,0.53769606,-0.49934432,0.20040014
0.69305944,-1.260759,-15.224157,0.117682755,0.8421853,0.2877582,0.44053364
0.9102432,-0.50779694,-14.949525,0.6491058,0.5377091,-0.49949074,0.20009926
0.6966548,-1.2623442,-15.224443,0.11811537,0.8419194,0.28782475,0.44088256
0.9094937,-0.5058314,-14.949226,0.64904904,0.53783625,-0.49957865,0.1997218
0.69972324,-1.2616831,-15.2246895,0.11829952,0.84174156,0.28781557,0.44117865
0.90882456,-0.5062374,-14.94896,0.6491184,0.53781015,-0.49956313,0.19960496
0.70012814,-1.2631518,-15.224879,0.11858263,0.8415608,0.28791916,0.44138002
0.9082602,-0.507606,-14.948736,0.6491667,0.5378183,-0.4994705,0.1996579
0.7025178,-1.2643604,-15.225037,0.11887377,0.84141845,0.28788525,0.4415951
0.9087565,-0.5087674,-14.948545,0.6490715,0.53783727,-0.4995058,0.19982827
0.70445657,-1.2632185,-15.225163,0.11911446,0.8413401,0.28760096,0.4418646
0.9082538,-0.5088325,-14.948384,0.6490925,0.5378175,-0.49951205,0.1997978
0.70593894,-1.2644283,-15.223178,0.11932336,0.8412695,0.28757283,0.44196108
0.9095823,-0.50800836,-14.948244,0.6489636,0.5376946,-0.49986744,0.19965848
0.7071224,-1.2632712,-15.223715,0.119435474,0.8412138,0.28735796,0.44217646
0.91072875,-0.50646114,-14.948124,0.6487944,0.5375832,-0.50025356,0.19954102
0.7125388,-1.2667762,-15.22193,0.12010124,0.8401805,0.28844288,0.443253
0.910929,-0.5059133,-14.948019,0.64872473,0.5373565,-0.50064355,0.19940007
0.71452534,-1.2649755,-15.222803,0.12035584,0.8394332,0.28915533,0.4441346
0.91110355,-0.50468135,-14.947928,0.6485975,0.53723484,-0.50102675,0.1991794
0.7160326,-1.268148,-15.223467,0.121066675,0.8387133,0.28985497,0.44484496
0.91197306,-0.50431967,-14.947849,0.64849335,0.5370389,-0.5014239,0.19904695
0.7171832,-1.2705696,-15.223972,0.12167399,0.83809507,0.29063815,0.44533318
0.91273755,-0.5040016,-14.947779,0.6484035,0.5368672,-0.50177526,0.19891723
0.7180633,-1.272422,-15.2243595,0.12210408,0.8375459,0.29145554,0.44571438
0.9127655,-0.5043678,-14.947717,0.6484556,0.5366849,-0.5019569,0.19878167
0.72113407,-1.2738987,-15.224668,0.12265252,0.8369389,0.29211655,0.44627085
0.91279024,-0.5046923,-14.947661,0.6484721,0.53658986,-0.50205636,0.19873294
0.7234867,-1.277439,-15.224905,0.12316823,0.836397,0.2928869,0.4466397
0.91281223,-0.50556463,-14.947613,0.64848065,0.5365282,-0.5021204,0.19870946
0.7228678,-1.2799815,-15.225075,0.12357501,0.8359262,0.29364663,0.4469097
0.91227716,-0.50634307,-14.94757,0.64857465,0.5364627,-0.5021229,0.19857314
0.7247507,-1.2819602,-15.225207,0.124006666,0.8354507,0.29428667,0.44725823
0.91179824,-0.50756675,-14.947531,0.6487152,0.5364378,-0.5020318,0.1984118
0.7261771,-1.285835,-15.225307,0.1246549,0.8350873,0.2947509,0.44745085
0.91136825,-0.50766444,-14.947495,0.6487888,0.5364504,-0.50204563,0.19810207
0.7272679,-1.2863848,-15.225384,0.12508738,0.83469164,0.29520392,0.4477697
0.9114565,-0.5072769,-14.947464,0.6488201,0.53645295,-0.50216687,0.19768482
0.7280859,-1.2892134,-15.225441,0.12579782,0.8341895,0.2956789,0.44819298
0.91108453,-0.50692695,-14.947436,0.6489153,0.5364798,-0.5022448,0.19710085
0.7312181,-1.2889045,-15.225486,0.1263149,0.8337784,0.29600647,0.44859615
0.91117686,-0.5066101,-14.94784,0.648938,0.5365467,-0.50237393,0.19651382
0.7335863,-1.2937772,-15.22552,0.12688911,0.8333971,0.29648584,0.44882584
0.9102846,-0.50625944,-14.947789,0.6490925,0.53664964,-0.502377,0.195713
0.73535705,-1.2974206,-15.225544,0.12750137,0.83281964,0.29723367,0.4492294
0.91042554,-0.50641584,-14.947743,0.64917684,0.5368732,-0.5023309,0.19493665
0.73666584,-1.2974801,-15.225563,0.12780622,0.832421,0.29754612,0.4496746
0.91008043,-0.5065676,-14.947699,0.64932764,0.53720444,-0.502075,0.19417974
0.7376236,-1.3001778,-15.225577,0.12808442,0.83220965,0.29781392,0.4498093
0.9097368,-0.50671864,-14.947654,0.6494544,0.5375677,-0.5018096,0.19343548
0.7411086,-1.3022109,-15.225588,0.12864132,0.83182573,0.29794803,0.45027152
0.90939575,-0.5068686,-14.947611,0.6495911,0.53796655,-0.5015247,0.19260465
0.743608,-1.3008875,-15.2255945,0.12901878,0.8314753,0.2980366,0.4507518
0.9090586,-0.50701684,-14.947567,0.64963454,0.5384413,-0.5012558,0.1918298
0.7483053,-1.2999182,-15.225599,0.12950827,0.8311044,0.29790214,0.45138392
0.9087266,-0.50716275,-14.947525,0.6497908,0.5388325,-0.5008811,0.19117987
0.75170296,-1.3051265,-15.225603,0.13014022,0.8308161,0.29811272,0.45159385
0.9076702,-0.50663936,-14.947478,0.6498001,0.53936285,-0.50066453,0.19021736
0.75410485,-1.3057927,-15.225607,0.13048142,0.83056855,0.29808572,0.4519684
0.90651494,-0.5052589,-14.947427,0.64974225,0.5398935,-0.5004843,0.18938209
0.75577635,-1.3062562,-15.225609,0.13114749,0.82988495,0.29828715,0.4528976
0.9053815,-0.5056356,-14.94651,0.650119,0.5402362,-0.4998382,0.18881738
0.7600681,-1.3097061,-15.222484,0.13201928,0.8293236,0.29844078,0.4535706
0.9052187,-0.5059723,-14.945691,0.65033734,0.54043037,-0.49946904,0.18848634
0.76301,-1.3120707,-15.220341,0.13296762,0.82877237,0.29851943,0.45424893
0.9041015,-0.5044135,-14.945807,0.6505128,0.5405298,-0.49942344,0.18771501
0.7683671,-1.3170255,-15.218848,0.13444546,0.82821214,0.29874244,0.45468897
0.9030118,-0.50392264,-14.94592,0.65079474,0.5403936,-0.49939469,0.1872055
0.7755456,-1.3239262,-15.217817,0.13592234,0.8276609,0.2988075,0.45521057
0.90197104,-0.5034538,-14.946028,0.6509675,0.54041016,-0.4992749,0.18687665
0.78023726,-1.3248712,-15.217143,0.13694148,0.82732135,0.29871923,0.4555801
0.8997846,-0.5041955,-14.946131,0.6514401,0.5401995,-0.49900272,0.1865652
0.7832432,-1.3291076,-15.216712,0.13874142,0.8268049,0.29852435,0.45610055
0.8990287,-0.5036321,-14.946225,0.6514997,0.5399911,-0.49925742,0.18627888
0.78893775,-1.3355948,-15.216434,0.14091355,0.8261487,0.29845622,0.456668
0.89834285,-0.50182843,-14.946311,0.65147823,0.5397234,-0.49976584,0.18576601
0.7886525,-1.3431633,-15.216267,0.14254746,0.8257743,0.29811883,0.45705828
0.8963364,-0.5015427,-14.947764,0.65158385,0.53942156,-0.50009245,0.18539295
0.79614186,-1.351847,-15.212324,0.14414129,0.82525074,0.29793334,0.4576246
0.89600307,-0.5026361,-14.9476385,0.6517984,0.53899944,-0.5002494,0.18544304
0.8048626,-1.3613185,-15.2098465,0.1454213,0.8247857,0.29759297,0.45827904
0.89440197,-0.50488544,-14.947532,0.65204203,0.53863835,-0.5002851,0.18553938
0.81438506,-1.3755013,-15.208335,0.14676948,0.8243933,0.29723555,0.458787
0.8943403,-0.5079805,-14.948696,0.6522224,0.53807414,-0.50057036,0.18577288
0.82433254,-1.3838056,-15.20745,0.14789134,0.8239842,0.29679447,0.45944673
0.8942893,-0.5105383,-14.949657,0.6522473,0.5376118,-0.5009246,0.18606883
0.82114506,-1.3965429,-15.20279,0.1490435,0.8238163,0.29659536,0.45950404
0.8942469,-0.5115386,-14.950458,0.6523122,0.5370914,-0.5013492,0.18620048
0.832446,-1.4084518,-15.200041,0.15015031,0.8233597,0.29635647,0.46011585
0.8952839,-0.5123773,-14.951128,0.6522865,0.53658307,-0.5018836,0.18631613
0.84339887,-1.419748,-15.198489,0.15100716,0.8230581,0.29609773,0.46054137
0.8951401,-0.51206625,-14.951695,0.6523162,0.53618056,-0.5022849,0.18629006
0.8492713,-1.430477,-15.197656,0.15168831,0.82292426,0.29600304,0.46061763
0.89501804,-0.5118021,-14.952176,0.6522966,0.5357191,-0.50278085,0.18634856
0.85229987,-1.4360102,-15.192537,0.15191965,0.82302105,0.2957251,0.46054697
0.8958333,-0.512496,-14.952587,0.6523156,0.5351472,-0.5033208,0.18646744
0.8635452,-1.4437507,-15.18984,0.15176928,0.8231273,0.29556054,0.46051216
0.8965338,-0.51221853,-14.95294,0.6522594,0.53470856,-0.50382394,0.18656337
0.8743054,-1.4576888,-15.188454,0.15165018,0.823237,0.29550952,0.46038818
0.89630884,-0.51197886,-14.953245,0.6523426,0.53432554,-0.50413495,0.18652983
0.87957287,-1.4695698,-15.187776,0.15136294,0.8235071,0.29539916,0.46007043
0.8961135,-0.5125593,-14.95351,0.65241385,0.5339763,-0.5043986,0.18656802
0.8925223,-1.4805433,-15.182251,0.1510243,0.8236344,0.29555166,0.4598559
0.8966923,-0.51306546,-14.953741,0.6524956,0.5336574,-0.5046209,0.1865931
0.9151712,-1.5131619,-15.179581,0.14907633,0.82492006,0.29547313,0.45823455
0.8971992,-0.51350886,-14.953943,0.6526231,0.53345734,-0.5047879,0.18626717
0.93667704,-1.5391386,-15.1727085,0.1477597,0.8257658,0.29530594,0.45724434
0.8969692,-0.5145749,-14.954122,0.65277976,0.5332837,-0.5048738,0.18598293
0.9572108,-1.549978,-15.175621,0.14630839,0.8265444,0.29484314,0.45660248
0.89740825,-0.5148742,-14.953637,0.65281713,0.53319526,-0.50506186,0.18559423
0.9775186,-1.5722553,-15.170871,0.14526153,0.8271055,0.29443768,0.45618215
0.89718735,-0.5151396,-14.953206,0.6528766,0.5331344,-0.5052022,0.18517746
1.0039072,-1.5994191,-15.169001,0.14460306,0.8274611,0.29393023,0.45607367
0.89757043,-0.51595527,-14.952824,0.65295345,0.53304225,-0.5053658,0.1847249
1.0326761,-1.628477,-15.168304,0.14413463,0.82777625,0.29338136,0.45600343
0.8979124,-0.5166834,-14.952482,0.65293187,0.5330083,-0.5055768,0.18432108
1.0621536,-1.6515992,-15.16806,0.14354873,0.8280848,0.29263884,0.4561051
0.89821863,-0.51733553,-14.952176,0.65292686,0.5329803,-0.5057316,0.18399507
1.0851917,-1.6922644,-15.167978,0.14335147,0.8282491,0.29190916,0.45633635
0.8984937,-0.5179213,-14.951901,0.6528458,0.5330934,-0.50582415,0.18370043
1.1127665,-1.7255065,-15.167952,0.14310728,0.8283939,0.29117188,0.4566211
0.89874154,-0.51844907,-14.951654,0.65287936,0.5331254,-0.5059198,0.18322438
1.1486732,-1.7562908,-15.167944,0.14297475,0.8285264,0.29021674,0.45703012
0.8990024,-0.519527,-14.951393,0.6529444,0.5331897,-0.5058579,0.18297581
1.1729847,-1.7930195,-15.174892,0.14267133,0.8287077,0.28933632,0.45735437
0.89925766,-0.52004117,-14.9511385,0.65290606,0.5332956,-0.5058917,0.1827109
1.2081618,-1.8316982,-15.176851,0.1423823,0.82891554,0.28841594,0.45764908
0.8995299,-0.5212003,-14.950867,0.65294796,0.5333666,-0.50587076,0.18241107
1.2391493,-1.8780065,-15.170183,0.14219618,0.8292494,0.28757116,0.45763382
0.8998159,-0.5224187,-14.950581,0.6529965,0.5334661,-0.5058056,0.18212727
1.2763109,-1.9190879,-15.168478,0.1420938,0.82951105,0.28679946,0.45767546
0.9000861,-0.522872,-14.951008,0.6529231,0.5336808,-0.5058404,0.18166386
1.314877,-1.951214,-15.175454,0.14181289,0.82987565,0.2859267,0.45764768
0.8996132,-0.52331704,-14.951427,0.6530364,0.5338396,-0.5056881,0.18121386
1.3387841,-1.9885308,-15.169626,0.14157219,0.83029884,0.28523618,0.45738557
0.8999189,-0.52373356,-14.95182,0.6530762,0.5340803,-0.5055249,0.18081611
1.374341,-2.0195932,-15.168305,0.14129649,0.8307294,0.28457767,0.4570989
0.9001867,-0.52338755,-14.952165,0.65303963,0.53428274,-0.50551665,0.18037213
1.3972677,-2.0567234,-15.168016,0.140909,0.83127785,0.28397813,0.45659426
0.89974695,-0.52308315,-14.952467,0.653029,0.53455585,-0.5054096,0.17990117
1.4328219,-2.0952952,-15.167955,0.14065886,0.8316927,0.28352073,0.45619994
0.90000015,-0.5228143,-14.952735,0.6529971,0.53479296,-0.5053289,0.17953883
1.463089,-2.1415524,-15.167944,0.1404617,0.83203864,0.28327903,0.45577997
0.90022784,-0.5231908,-14.952975,0.65286446,0.5350352,-0.5052624,0.17948626
1.4999012,-2.1738732,-15.167941,0.14025308,0.8323801,0.2830068,0.45538947
0.89984286,-0.522938,-14.952602,0.6527951,0.5353171,-0.5051566,0.17919563
1.5226431,-2.211096,-15.16794,0.14006323,0.8327178,0.282748,0.45499116
0.9000707,-0.52329105,-14.952248,0.652799,0.5354545,-0.50501007,0.17918383
1.5579503,-2.2492995,-15.16794,0.13983695,0.8330161,0.2824742,0.45468464
0.8996672,-0.52364415,-14.951894,0.6528983,0.5355537,-0.50479335,0.17913634
1.5880809,-2.287699,-15.160251,0.13961935,0.83328676,0.2822336,0.45440492
0.8992309,-0.52475685,-14.95151,0.6529703,0.53564066,-0.50459653,0.17916831
1.6629815,-2.3553567,-15.158404,0.1392057,0.8338017,0.2815766,0.4539948
0.89918417,-0.5253527,-14.950802,0.6528918,0.5358229,-0.50449216,0.17920348
1.7244326,-2.4319456,-15.158342,0.1389526,0.83406395,0.28116134,0.45384786
0.8987167,-0.5265023,-14.949597,0.65302783,0.53586537,-0.5042884,0.17915425
1.7674816,-2.4780223,-15.158331,0.13866405,0.8343228,0.28072792,0.45372856
0.8982811,-0.52669924,-14.948474,0.6530041,0.5359067,-0.5043272,0.17900792
1.7991605,-2.502617,-15.158328,0.1382464,0.8346941,0.280103,0.45355937
0.8987355,-0.5260387,-14.948335,0.6529006,0.5360086,-0.50434893,0.17901911
1.8362552,-2.5382946,-15.158327,0.13779227,0.8350573,0.27948898,0.4534077
0.8991299,-0.5254654,-14.947424,0.6528368,0.5361441,-0.50430965,0.17895705
1.8821225,-2.576189,-15.158327,0.13733998,0.8353671,0.27891058,0.45333043
0.89872426,-0.5249655,-14.946631,0.6528149,0.5362538,-0.5042432,0.17889495
1.914365,-2.6145267,-15.158327,0.13693462,0.8356701,0.27831537,0.45326033
0.899081,-0.5245276,-14.946649,0.65276545,0.536346,-0.5042084,0.17889738
1.9438827,-2.6452637,-15.158327,0.1364161,0.8359943,0.27772406,0.45318156
0.89939487,-0.52414244,-14.946664,0.65268624,0.5363951,-0.5042507,0.17891985
1.9882349,-2.6821697,-15.158327,0.13604599,0.8362167,0.27706248,0.45328748
0.9003147,-0.5238023,-14.946677,0.6526232,0.5364567,-0.5042466,0.17897654
2.0201743,-2.7279992,-15.166018,0.13558786,0.8364477,0.2765296,0.45332402
0.90113014,-0.52411133,-14.946689,0.6526752,0.53642493,-0.50419766,0.17902014
2.0727005,-2.767924,-15.167556,0.1352108,0.83662534,0.27591494,0.45348343
0.9012756,-0.5243862,-14.946699,0.6528252,0.53644043,-0.5039751,0.17905354
2.1062748,-2.8066678,-15.167863,0.13458797,0.83691067,0.2752113,0.4535697
0.90140533,-0.52408063,-14.946709,0.6528449,0.5365585,-0.50382614,0.17904735
2.1437485,-2.8528652,-15.167925,0.13376668,0.8372667,0.27454925,0.45355675
0.90152156,-0.5238069,-14.946716,0.6528689,0.5366346,-0.50372875,0.17900515
2.1896918,-2.8928633,-15.175627,0.13276902,0.8377181,0.27377298,0.45348555
0.901626,-0.5240584,-14.946724,0.6528642,0.5366891,-0.5036663,0.17903474
2.2373288,-2.9393115,-15.177167,0.13152872,0.8382258,0.27283025,0.45347705
0.9012477,-0.5247573,-14.946731,0.653004,0.5367113,-0.5034579,0.17904495
2.3237534,-3.033188,-15.177475,0.13013464,0.83892655,0.27159718,0.4533236
0.9013592,-0.5249476,-14.946736,0.6529602,0.5367733,-0.5034627,0.17900515
2.371797,-3.0904117,-15.177537,0.12863159,0.83971107,0.27043858,0.45299253
0.9010063,-0.52512425,-14.947199,0.65304554,0.5367738,-0.5033629,0.17897311
2.4121647,-3.140305,-15.185239,0.12713021,0.84058815,0.26918873,0.45253387
0.90061027,-0.52586013,-14.94718,0.6531942,0.5367701,-0.503189,0.17893022
2.4586866,-3.2041116,-15.186779,0.12602171,0.84129834,0.26813492,0.45214975
0.90076834,-0.5260116,-14.947681,0.65321624,0.53675395,-0.50320524,0.17885253
2.5141292,-3.2476318,-15.187086,0.12485721,0.84186316,0.2671352,0.4520132
0.8999251,-0.5256551,-14.948132,0.6532723,0.53683525,-0.50315475,0.17854582
2.563666,-3.302474,-15.187149,0.12360605,0.84238946,0.26630914,0.45186403
0.8991388,-0.5258068,-14.948552,0.65343404,0.5368357,-0.5030094,0.17836234
2.6197119,-3.3672702,-15.1871605,0.12270581,0.8428215,0.2656767,0.45167586
0.89832115,-0.52596456,-14.948459,0.65354353,0.53685576,-0.502893,0.17822874
2.6770594,-3.4263678,-15.187162,0.12168236,0.8431966,0.26512146,0.451579
0.8986028,-0.5261104,-14.948372,0.65351635,0.5368509,-0.5029262,0.17824906
2.734667,-3.4843256,-15.187164,0.12063515,0.8436023,0.26454785,0.4514385
0.89889276,-0.52682513,-14.948283,0.65354437,0.5367966,-0.50289416,0.17840023
2.792327,-3.5420554,-15.187164,0.119749695,0.8438477,0.26403,0.45151895
0.89915204,-0.52639157,-14.948203,0.653455,0.5367978,-0.50298285,0.17847383
2.8423073,-3.5997396,-15.187164,0.11876547,0.844305,0.26340866,0.45128697
0.8988752,-0.5265122,-14.948132,0.6535312,0.53669876,-0.50297487,0.17851523
2.9061313,-3.6651044,-15.187164,0.11796186,0.8446234,0.26282978,0.4512392
0.898626,-0.5261367,-14.948067,0.65355676,0.53657764,-0.5030974,0.17844044
2.9804134,-3.7166257,-15.194854,0.116962254,0.844907,0.26196882,0.45146918
0.89840126,-0.52579796,-14.9480095,0.6536095,0.5364467,-0.50317216,0.17843044
3.026029,-3.780758,-15.196391,0.11573753,0.84552,0.26118055,0.45109373
0.89863485,-0.52549154,-14.947958,0.65363526,0.53622407,-0.5033469,0.17851259
3.08898,-3.832033,-15.196698,0.114605226,0.84602314,0.26039878,0.45089144
0.8988466,-0.52521366,-14.947911,0.6536488,0.53603774,-0.5034979,0.17859674
3.1553981,-3.9038055,-15.19676,0.11358711,0.8464407,0.2597571,0.45073533
0.89903915,-0.5257495,-14.947867,0.6537507,0.53583795,-0.50350875,0.17879234
3.21482,-3.9642982,-15.204463,0.11255553,0.84692454,0.25894547,0.45055223
0.89883995,-0.5258632,-14.9474535,0.65384656,0.5356782,-0.5034952,0.17895836
3.2805324,-4.0379143,-15.198313,0.11171074,0.847345,0.2584938,0.45023122
0.89861053,-0.52644324,-14.946978,0.6539425,0.53548545,-0.50353247,0.17908013
3.3475025,-4.098776,-15.204773,0.11057946,0.84764403,0.25788578,0.45029622
0.8983487,-0.52710485,-14.946434,0.65404105,0.53533614,-0.50349736,0.17926522
3.4070349,-4.149397,-15.206066,0.1089087,0.8480298,0.25726694,0.45033124
0.89865875,-0.5277723,-14.94646,0.6540788,0.5352011,-0.5035184,0.17947167
3.480459,-4.213349,-15.214014,0.107465595,0.84823775,0.25667104,0.45062613
0.8995328,-0.5284059,-14.946485,0.6541102,0.5350302,-0.503606,0.17962079
3.5489717,-4.279967,-15.215603,0.10606622,0.8482723,0.25645977,0.45101282
0.8997685,-0.5284212,-14.9465065,0.6541394,0.5349256,-0.50366473,0.17966115
3.6165023,-4.331739,-15.223611,0.1040247,0.8483345,0.25604993,0.45160362
0.9000093,-0.5290504,-14.946529,0.65416867,0.53481877,-0.50371855,0.17972206
3.683836,-4.3882318,-15.225212,0.102193095,0.8482797,0.25593984,0.45218676
0.8996255,-0.5290262,-14.94655,0.6542108,0.5347713,-0.5037376,0.17965625
3.751131,-4.4533587,-15.233221,0.10042418,0.84813815,0.25593644,0.4528501
0.89986014,-0.5284285,-14.9465685,0.65422,0.5347672,-0.5037511,0.1795973
3.810728,-4.5125217,-15.234824,0.098651096,0.8480989,0.25581127,0.45338386
0.8995223,-0.5284421,-14.946586,0.65426797,0.53474385,-0.50374275,0.17951545
3.8764756,-4.5704927,-15.242834,0.09690155,0.84802234,0.25564528,0.45399755
0.8992197,-0.52845424,-14.946601,0.65430564,0.5347391,-0.5037083,0.17948908
3.9588323,-4.6282253,-15.244437,0.0948243,0.8479779,0.25558278,0.45455405
0.8989392,-0.52846557,-14.946614,0.65434456,0.5347193,-0.5037061,0.17941208
4.0291314,-4.6935997,-15.252446,0.092727676,0.8482276,0.255032,0.4548299
0.899174,-0.5284758,-14.946628,0.6543618,0.53471375,-0.50369805,0.17938828
4.1123986,-4.7605023,-15.254049,0.09104153,0.84826106,0.25469446,0.45529714
0.8988706,-0.5290427,-14.946642,0.6544025,0.5347151,-0.50365025,0.17936988
4.1751904,-4.820021,-15.262058,0.088991776,0.8487224,0.25414607,0.45514902
0.8985515,-0.52963907,-14.946655,0.65444916,0.53472596,-0.5035908,0.17933409
4.249266,-4.8857527,-15.26366,0.08726363,0.84927624,0.25375473,0.45466855
0.89819324,-0.5310535,-14.946672,0.65457815,0.53469014,-0.50348514,0.179267
4.3332887,-4.9527273,-15.263981,0.08564354,0.849718,0.25333756,0.45438385
0.89780945,-0.5325688,-14.946689,0.6546635,0.534714,-0.5033428,0.1792838
4.411611,-5.0199504,-15.271734,0.08425189,0.8503126,0.25280493,0.45382798
0.89744127,-0.5331104,-14.946705,0.65468705,0.5347714,-0.5032682,0.17923619
4.5041723,-5.0872226,-15.273286,0.08292257,0.8506225,0.25273526,0.45353076
0.89799076,-0.53271,-14.946719,0.6546703,0.5348304,-0.50324917,0.17917469
4.576513,-5.1391253,-15.281285,0.081388004,0.8509441,0.252981,0.45306814
0.8968203,-0.53236395,-14.946731,0.6547263,0.53491294,-0.5031439,0.1790194
4.660188,-5.2033343,-15.275196,0.080218606,0.8511847,0.25348023,0.45254546
0.8965851,-0.53206336,-14.946741,0.65479195,0.53494877,-0.5030659,0.17889161
4.738441,-5.254624,-15.281668,0.07882829,0.85131836,0.2538812,0.4523135
0.8963799,-0.53180104,-14.946751,0.6548542,0.53499085,-0.50299037,0.17874984
4.815609,-5.2879515,-15.290652,0.07694111,0.8515971,0.25424987,0.45190665
0.89619994,-0.5315711,-14.946759,0.6549451,0.5350052,-0.50290793,0.17860588
4.89256,-5.340755,-15.292448,0.075465456,0.85160196,0.25511017,0.45166132
0.8960411,-0.5313681,-14.946766,0.65503204,0.53498334,-0.50286305,0.1784789
4.961778,-5.3974543,-15.292808,0.074033976,0.85169333,0.256146,0.45113948
0.89653903,-0.5305505,-14.946772,0.6550238,0.53499514,-0.50289893,0.17837262
5.0909677,-5.4933805,-15.300569,0.072019674,0.8519196,0.25730288,0.45037928
0.8969807,-0.52982527,-14.946171,0.6550178,0.5349706,-0.5029573,0.17830366
5.1706333,-5.543325,-15.302121,0.06989149,0.8521431,0.25816873,0.4497958
0.8967977,-0.5297559,-14.945636,0.6551303,0.534907,-0.50289345,0.17826107
5.248084,-5.5994515,-15.302432,0.06808617,0.85229105,0.25904197,0.44928998
0.89718163,-0.52969384,-14.945159,0.65516084,0.53480864,-0.502952,0.17827922
5.3174024,-5.641436,-15.302494,0.066330254,0.8524159,0.25992998,0.4488027
0.89752555,-0.5296383,-14.94473,0.65521353,0.53470534,-0.50297517,0.1783297
5.400473,-5.672902,-15.310196,0.06450127,0.8523252,0.26047188,0.4489275
0.8978346,-0.5300823,-14.944345,0.65527266,0.53455734,-0.50302297,0.1784212
5.463226,-5.7253337,-15.311736,0.06297224,0.85233086,0.2610468,0.44879973
0.8981131,-0.5300132,-14.943999,0.65526897,0.5344657,-0.5031198,0.17843662
5.537294,-5.774268,-15.312044,0.061733723,0.85221463,0.26143435,0.44896695
0.89838964,-0.53043437,-14.943656,0.6552824,0.53432125,-0.5032003,0.17859283
5.5982456,-5.8071246,-15.319796,0.06028277,0.8522369,0.26138827,0.4491486
0.89870906,-0.5315171,-14.943257,0.65536356,0.5341464,-0.503234,0.17872246
5.664264,-5.8598337,-15.321347,0.058593605,0.8522864,0.26119646,0.44938982
0.89833546,-0.5327967,-14.942038,0.65543777,0.5339719,-0.5032792,0.17884456
5.7466745,-5.9011345,-15.329347,0.05692582,0.85208815,0.260872,0.45016798
0.898765,-0.53324926,-14.941642,0.655401,0.5338652,-0.50340384,0.1789474
5.8016057,-5.940153,-15.338636,0.054849625,0.8523323,0.26001132,0.45046127
0.89917964,-0.533686,-14.94126,0.65538186,0.5337524,-0.503531,0.17899644
5.8817987,-5.978716,-15.348184,0.052642178,0.8524306,0.2592147,0.45099753
0.90041906,-0.53409344,-14.940906,0.6553685,0.533604,-0.50367653,0.1790779
5.9362864,-6.0171876,-15.350092,0.05067479,0.8528233,0.25815225,0.45108968
0.9007267,-0.53545344,-14.940545,0.65538085,0.53342694,-0.50380874,0.17918839
6.0010114,-6.07102,-15.358165,0.04915943,0.85316265,0.25731286,0.45109534
0.90101296,-0.535741,-14.940209,0.65539527,0.5332325,-0.5039757,0.17924502
6.075474,-6.112545,-15.359779,0.047472507,0.8532674,0.2566056,0.45148063
0.9012776,-0.53600675,-14.939899,0.6553995,0.53304505,-0.5041553,0.17928196
6.1441946,-6.151609,-15.367792,0.0460545,0.8533949,0.25589266,0.4517909
0.9015207,-0.53625095,-14.939614,0.6554336,0.53281784,-0.50433177,0.17933601
6.2040772,-6.182491,-15.377084,0.044070523,0.8534867,0.2550583,0.452287
0.90174276,-0.53647393,-14.939354,0.6554267,0.5326032,-0.5045705,0.17932782
6.2698812,-6.2194257,-15.386632,0.042162217,0.8537021,0.2544068,0.45242938
0.9019305,-0.5366625,-14.940138,0.65542424,0.5323101,-0.5048949,0.1792937
6.3291802,-6.272951,-15.388541,0.04115888,0.8538146,0.25392818,0.45257825
0.9020902,-0.5358692,-14.940805,0.65537906,0.53203726,-0.5052725,0.17920506
6.387179,-6.2990355,-15.396613,0.039288938,0.85412866,0.2529522,0.45269832
0.90222687,-0.5351903,-14.941376,0.6553492,0.5317083,-0.5056954,0.17909756
6.4526067,-6.342701,-15.405918,0.037914902,0.8543308,0.25242147,0.4527305
0.9032053,-0.5346061,-14.941868,0.6552768,0.5313849,-0.50616306,0.17900102
6.50414,-6.3898826,-15.407779,0.03665505,0.85484016,0.2515226,0.45237282
0.9040515,-0.53410083,-14.942292,0.6553029,0.5309748,-0.50659645,0.17889668
6.5759645,-6.414698,-15.415839,0.03468928,0.8550917,0.25115722,0.45225543
0.904787,-0.5336617,-14.942661,0.6552159,0.5306215,-0.50707364,0.17891163
6.760838,-6.5682964,-15.425464,0.030177373,0.8562186,0.2515134,0.4502444
0.90599257,-0.53364295,-14.942566,0.6553736,0.52942324,-0.50813323,0.17887788
6.873375,-6.642624,-15.427067,0.027593836,0.85645306,0.25223452,0.44956043
0.90648866,-0.5339642,-14.942197,0.65548015,0.5287417,-0.5087222,0.17882852
6.94202,-6.6959376,-15.412008,0.026313394,0.8563206,0.25305063,0.44943082
0.9069479,-0.5342616,-14.941855,0.65544,0.5282254,-0.5092641,0.17895919
6.986508,-6.7066,-15.424376,0.024429059,0.8562066,0.25340357,0.44955555
0.90743196,-0.53457505,-14.940745,0.6554646,0.5276472,-0.50984657,0.17891642
7.0338545,-6.731802,-15.426848,0.022877559,0.8561522,0.2537453,0.449548
0.90890956,-0.53585833,-14.939482,0.65543485,0.5271874,-0.5102973,0.17909572
7.1048417,-6.7983603,-15.404275,0.022884391,0.8555911,0.25463766,0.45011103
0.9104819,-0.537224,-14.938137,0.6554838,0.5267282,-0.510653,0.17925408
7.1190386,-6.7962923,-15.438209,0.020748612,0.8557422,0.2542006,0.45017418
0.91199434,-0.53735393,-14.936845,0.6554504,0.5264027,-0.5110497,0.17920186
7.1526365,-6.818948,-15.444995,0.018876698,0.8559081,0.25361845,0.45026976
0.9147618,-0.5374796,-14.935594,0.6553755,0.5261849,-0.5113416,0.1792824
7.1901155,-6.838858,-15.446353,0.017564014,0.85581464,0.25292695,0.4508889
0.9159078,-0.5375941,-14.934454,0.6553288,0.5260294,-0.51155555,0.17929941
7.2283697,-6.8582196,-15.454313,0.016065856,0.855621,0.2521204,0.45176327
0.9169651,-0.53918195,-14.933403,0.6553929,0.5258212,-0.5116384,0.17943932
7.2667794,-6.90823,-15.4482155,0.015659655,0.8555423,0.2516493,0.45218894
0.91947204,-0.5390351,-14.932465,0.65524614,0.52568007,-0.5119344,0.17954406
7.3052206,-6.933612,-15.446997,0.015225948,0.85543954,0.25077584,0.45288292
0.91845757,-0.5404567,-14.931689,0.6553187,0.52560705,-0.51188505,0.17963427
7.328288,-6.9617577,-15.4621315,0.014581124,0.8553111,0.2501494,0.45349267
0.9206694,-0.5401107,-14.932572,0.65521604,0.52541524,-0.51221275,0.17963524
7.36366,-6.9673862,-15.465158,0.013541023,0.85518384,0.24940431,0.45417488
0.92101467,-0.5413931,-14.931759,0.65518945,0.5252583,-0.5123229,0.17987745
7.3630447,-7.014651,-15.465764,0.013617871,0.85538447,0.24913242,0.4539439
0.921299,-0.54244894,-14.932651,0.6552208,0.5250415,-0.51241606,0.18013032
7.378301,-7.0164137,-15.473576,0.012679868,0.855393,0.24878973,0.45414293
0.9215348,-0.54332453,-14.933392,0.65523905,0.52490294,-0.5125071,0.18020912
7.373663,-7.024456,-15.475138,0.011735231,0.855498,0.24898867,0.45386145
0.92173123,-0.5440542,-14.934008,0.6551422,0.52484244,-0.51269186,0.18021189
7.4034944,-7.002995,-15.47545,0.009759191,0.85497993,0.24912398,0.45480913
0.920429,-0.54463667,-14.934499,0.6552495,0.5247927,-0.5126333,0.1801333
7.41715,-6.9833236,-15.483202,0.008010689,0.85444915,0.24903676,0.45588726
0.9207657,-0.5423338,-14.936281,0.65511274,0.5249352,-0.5127213,0.17996445
7.4121914,-6.9947686,-15.477063,0.0069329897,0.85441095,0.24929035,0.45583797
0.9210395,-0.54046154,-14.93773,0.6550689,0.5248856,-0.51288915,0.17979081
7.40351,-6.989368,-15.475836,0.0055994275,0.85459447,0.249266,0.45552543
0.920013,-0.5401775,-14.938919,0.6551835,0.52490073,-0.5127808,0.17963766
7.4094634,-6.9729085,-15.483279,0.0037843517,0.8547125,0.24864964,0.45565954
0.9191648,-0.5387544,-14.9399,0.65520096,0.5249643,-0.5127332,0.17952432
7.4029646,-6.9849963,-15.469388,0.00234127,0.8549918,0.24873534,0.45509806
0.9184586,-0.53869855,-14.9395895,0.65527093,0.52496433,-0.5126127,0.17961274
7.3862853,-6.9951034,-15.46661,0.0011823747,0.85558957,0.24840163,0.4541605
0.9178665,-0.5397243,-14.939328,0.6553879,0.5250432,-0.5122735,0.17992306
7.3829494,-7.0048146,-15.458365,0.0001334358,0.8560725,0.2481371,0.45339605
0.91736674,-0.54059005,-14.939108,0.65552425,0.52506334,-0.5119433,0.18030672
7.3745923,-6.9913774,-15.464405,0.0020195958,-0.85657454,-0.24779247,-0.45263112
0.9169423,-0.54132533,-14.93892,0.65567356,0.5250304,-0.5116672,0.18064328
7.3883004,-6.981,-15.450234,0.0048866733,-0.8568456,-0.24788305,-0.4520462
0.9165797,-0.5419535,-14.938761,0.6558387,0.525037,-0.51134616,0.18093319
7.391042,-6.971235,-15.4474,0.0075193904,-0.857183,-0.24782358,-0.4514026
0.9162682,-0.54161954,-14.938623,0.65595156,0.52500033,-0.5111727,0.18112078
7.39159,-6.969282,-15.446834,0.0090278275,-0.85756725,-0.24766362,-0.4507324
0.9168291,-0.5413312,-14.937675,0.6560679,0.5249271,-0.51102626,0.18132494
7.399357,-6.9612355,-15.439063,0.010362046,-0.8577327,-0.24770117,-0.45036814
0.91731596,-0.54108083,-14.9368515,0.65617055,0.52480686,-0.5109282,0.1815774
7.393337,-6.9596143,-15.437497,0.011319855,-0.8579458,-0.24752058,-0.4500383
0.91774046,-0.54161155,-14.936133,0.65632665,0.5246866,-0.510758,0.18183984
7.392083,-6.9517884,-15.444661,0.012546363,-0.8580628,-0.24762921,-0.4497227
0.9181593,-0.5421351,-14.935425,0.65642464,0.524578,-0.5106285,0.18216302
7.3771315,-6.964774,-15.438871,0.013085216,-0.85848916,-0.24762914,-0.44889307
0.918553,-0.5418055,-14.934759,0.6565191,0.52444243,-0.5106054,0.18227722
7.387958,-6.9392366,-15.444673,0.014313074,-0.8584143,-0.24731869,-0.44916984
0.91892266,-0.54149604,-14.9341345,0.65660036,0.5242975,-0.51064444,0.18229225
7.383683,-6.932731,-15.44615,0.014856961,-0.8586282,-0.24730517,-0.44875062
0.9201904,-0.5411929,-14.933521,0.6565993,0.52410907,-0.51084596,0.18227357
7.389562,-6.945037,-15.439522,0.014650315,-0.8584946,-0.24756806,-0.44886813
0.9204486,-0.5418649,-14.932931,0.65666175,0.52385265,-0.5109923,0.18237516
7.384188,-6.941371,-15.437759,0.0145737305,-0.85865545,-0.24738123,-0.44866574
0.9217676,-0.54253125,-14.932346,0.6566884,0.52356154,-0.5111969,0.1825417
7.3827,-6.9472566,-15.444171,0.014320393,-0.8586021,-0.24731128,-0.44881457
0.9230403,-0.54317427,-14.93178,0.65670246,0.52325374,-0.51148415,0.1825692
7.382282,-6.9489098,-15.439103,0.014241785,-0.8586409,-0.2473785,-0.44870588
0.9230079,-0.5426001,-14.931294,0.6567897,0.5228587,-0.51183456,0.18240449
7.3955817,-6.9292455,-15.444399,0.014581543,-0.85845053,-0.24708934,-0.44921818
0.92413855,-0.5420787,-14.930854,0.6568008,0.5224243,-0.51226026,0.18241453
7.3798866,-6.9430676,-15.445958,0.014064489,-0.8587162,-0.24688825,-0.4488374
0.9251971,-0.5428255,-14.93044,0.65684533,0.5219107,-0.51268774,0.18252301
7.387779,-6.92818,-15.446447,0.014480869,-0.85862863,-0.2467338,-0.44907656
0.92613393,-0.54223233,-14.930075,0.6568818,0.52132565,-0.5132719,0.18242247
7.377804,-6.954701,-15.44033,0.013819594,-0.85886985,-0.24694826,-0.44851786
0.9257162,-0.54174227,-14.9309635,0.6570346,0.5207716,-0.5137397,0.18213734
7.3744316,-6.9453206,-15.450493,0.0142864585,-0.85911345,-0.24692196,-0.448051
0.92536867,-0.5424664,-14.9317045,0.65735155,0.52016526,-0.51394504,0.18214703
7.379324,-6.948026,-15.448072,0.014131486,-0.8591666,-0.24677414,-0.44803527
0.9250773,-0.54199797,-14.932324,0.65744495,0.5196689,-0.5143804,0.1819981
7.3692603,-6.937198,-15.453114,0.015021487,-0.8594296,-0.24650256,-0.44765124
0.9248315,-0.54160273,-14.932848,0.6575855,0.5191374,-0.51488125,0.18159023
7.3653975,-6.9505296,-15.449219,0.014700679,-0.8596716,-0.24643524,-0.44723403
0.9246228,-0.5422377,-14.933292,0.6578198,0.5185292,-0.51518744,0.18161087
7.363903,-6.944226,-15.453443,0.014806113,-0.8596603,-0.24642038,-0.44726047
0.9235226,-0.541858,-14.934594,0.6581019,0.5180457,-0.51544374,0.18124086

