ICVP Direct Stim Program 4.0.1+v4.0.1 - RelativeLocations
Updated at: 2022-08-22--20-12-50
Subject ID: CKT
Tester ID: kstipp
Direct Stimulation Input from the UI

UserID ; Time ; Electrodes ; Frequency (Hz) ; Cathodic Phase Duration (us) ; Train Length (ms) ; Duty On (ms); Duty Off (ms) ; Inter-train Length (ms) ; Amplitude (uA) ; Sent to Gateway ; Response ; Response Latency (ms) ; Response Duration (ms) ; Comments
kstipp ; 2022-08-22--20-12-50 ; 5B03 , 5B03-5B0F ; 200 ; 200 ; 1000 ; 1000 ; 0 ; 0 ; 40 ; True ;  ;  ;  ; can only make out 1 of them

Position t,Position u,Position v,Orientation w,Orientation x,Orientation y,Orientation z
0.60725564,-1.3281349,-15.186978,0.15557906,0.8335057,0.31145245,0.42902324
0.82714623,-0.4832297,-14.913356,0.65769243,0.5660623,-0.4800971,0.12853433
0.60928434,-1.3277094,-15.187025,0.15585813,0.83351594,0.3109806,0.42924416
0.82705,-0.48456693,-14.914248,0.6578138,0.5660173,-0.47997904,0.1285521
0.6107974,-1.3273921,-15.18706,0.1567861,0.83373725,0.3098785,0.4292735
0.8288342,-0.4856624,-14.914981,0.65795374,0.56592536,-0.47989526,0.12855332
0.60946614,-1.3271585,-15.187086,0.15751109,0.83391094,0.30904934,0.42926857
0.82665455,-0.48650375,-14.915543,0.6581098,0.5657989,-0.47983816,0.12852472
0.60608643,-1.3245833,-15.187106,0.157773,0.83411145,0.30855408,0.42913893
0.82665247,-0.48543304,-14.915994,0.6582446,0.5656803,-0.47979733,0.12850852
0.60595644,-1.3250537,-15.18712,0.15836285,0.8340634,0.30825922,0.4292269
0.82499236,-0.48460028,-14.916344,0.65837467,0.56557804,-0.4797497,0.12847053
0.60820955,-1.3277496,-15.187131,0.15892833,0.8339846,0.30795255,0.42939118
0.8252752,-0.4839161,-14.916632,0.65848047,0.5654782,-0.47972068,0.12847558
0.60988903,-1.3297592,-15.1871395,0.15953748,0.83387804,0.3074653,0.42972124
0.82550967,-0.48499668,-14.916871,0.6585908,0.5653677,-0.47969183,0.12850428
0.61117035,-1.328963,-15.187145,0.1597961,0.8338271,0.3070288,0.43003607
0.8257038,-0.48753703,-14.9170685,0.658684,0.5652673,-0.47967237,0.12854056
0.61214507,-1.3283573,-15.18715,0.1600244,0.8338537,0.3064266,0.4303289
0.82586485,-0.4879968,-14.9172325,0.6587693,0.56516916,-0.47966275,0.128571
0.6105639,-1.3279047,-15.187154,0.16020665,0.8338859,0.30580762,0.43063897
0.8259982,-0.49002534,-14.917369,0.65886,0.56505316,-0.47966948,0.12859103
0.6116838,-1.3252233,-15.187156,0.16041444,0.8338598,0.30513403,0.4310896
0.8261088,-0.4900585,-14.917481,0.65894127,0.564936,-0.4796937,0.12859927
0.6125305,-1.3231962,-15.189488,0.16052999,0.83386075,0.3045206,0.43147838
0.82619804,-0.48847944,-14.917571,0.6590029,0.56482667,-0.47973773,0.1285995
0.61550003,-1.3239902,-15.188925,0.16072021,0.8337046,0.3041252,0.43198803
0.82788503,-0.48715883,-14.917647,0.6590535,0.56471753,-0.47979498,0.12860598
0.6177312,-1.3245869,-15.19081,0.16075605,0.833539,0.3037311,0.4325711
0.82931995,-0.48933116,-14.917712,0.6591096,0.56460017,-0.4798529,0.12861778
0.61488026,-1.3227767,-15.192208,0.16065764,0.8335083,0.30331144,0.43296093
0.83050257,-0.48784333,-14.917765,0.6591575,0.5644921,-0.4799144,0.12861691
0.61495,-1.3191162,-15.193285,0.16052644,0.83340144,0.3028818,0.4335158
0.8332085,-0.48826164,-14.91781,0.6592026,0.5643759,-0.47998655,0.12862667
0.6150032,-1.318586,-15.194106,0.16042724,0.8332342,0.3025786,0.43408537
0.83374894,-0.48860878,-14.917849,0.65924627,0.5642715,-0.48004854,0.12862945
0.61731464,-1.3181788,-15.1947365,0.16030207,0.833079,0.30227715,0.43463933
0.83419627,-0.4888961,-14.91788,0.65929127,0.56415987,-0.48011756,0.128631
0.6204955,-1.3117733,-15.195605,0.15985927,0.8326829,0.30092138,0.43649814
0.8348508,-0.48626086,-14.917926,0.6593778,0.56372577,-0.4805422,0.12850477
0.6215533,-1.3082901,-15.195893,0.1596237,0.83253205,0.30044958,0.43719655
0.83680683,-0.48696357,-14.917943,0.6594506,0.56338876,-0.4808605,0.12841877
0.624736,-1.3080323,-15.196112,0.15955947,0.83235854,0.30013445,0.43776646
0.8384281,-0.48582608,-14.917957,0.65952575,0.563001,-0.48124453,0.12829435
0.62714046,-1.3078375,-15.196277,0.15944102,0.83223265,0.299891,0.43821555
0.8397845,-0.48662698,-14.917969,0.6596241,0.56253815,-0.48168045,0.12818299
0.6265735,-1.3100128,-15.196397,0.15941189,0.83215797,0.29978627,0.4384396
0.8409109,-0.48729202,-14.91798,0.65975004,0.56200683,-0.4821751,0.12800567
0.6261441,-1.3093482,-15.196488,0.15932009,0.83212066,0.29968417,0.43861347
0.84007084,-0.48955438,-14.917988,0.6599127,0.56141096,-0.4827022,0.12779543
0.62810147,-1.3111295,-15.196556,0.1594952,0.8319831,0.29961997,0.43885458
0.8411307,-0.48967582,-14.917995,0.6600768,0.56078696,-0.48325202,0.12760921
0.6296077,-1.3102016,-15.1966095,0.15941352,0.8319454,0.29950216,0.43903616
0.84198636,-0.4880374,-14.918001,0.6602358,0.56016314,-0.48382568,0.12735285
0.63073653,-1.3117703,-15.196648,0.1594187,0.83147573,0.29965675,0.43981788
0.8426936,-0.49018657,-14.918006,0.66050273,0.55938315,-0.48439258,0.1272417
0.6316061,-1.3106973,-15.196678,0.15938124,0.8311002,0.2997557,0.4404732
0.84505886,-0.49019247,-14.919786,0.6606963,0.5586799,-0.4849773,0.12709948
0.6322719,-1.3075858,-15.198992,0.15924819,0.83087873,0.29950878,0.44110677
0.84520596,-0.49019724,-14.921215,0.6609094,0.55807614,-0.48539802,0.12703785
0.6327618,-1.3097205,-15.200695,0.15920033,0.8306673,0.2993727,0.4416142
0.84365904,-0.48853967,-14.922324,0.6611246,0.5575568,-0.48574919,0.12685594
0.6331415,-1.3069204,-15.202015,0.15905923,0.83053195,0.29913536,0.44208026
0.8424434,-0.48881534,-14.921618,0.661346,0.55709296,-0.48598796,0.12682551
0.63343495,-1.3047572,-15.203034,0.15892807,0.83043087,0.29888007,0.44248983
0.84297967,-0.4875297,-14.922561,0.66146165,0.55668193,-0.48631948,0.12675661
0.63589394,-1.3053366,-15.2038145,0.15897365,0.8302506,0.29858032,0.44301376
0.84197646,-0.48793086,-14.923317,0.6616565,0.5563162,-0.48645326,0.12683207
0.6333769,-1.3035916,-15.204397,0.15886216,0.83020747,0.2983335,0.4433008
0.84256136,-0.48827478,-14.923966,0.66177577,0.55596805,-0.48668402,0.12685063
0.6336059,-1.3044099,-15.2048435,0.15889476,0.83008325,0.2981573,0.4436401
0.84306175,-0.488569,-14.924521,0.66189724,0.5556241,-0.48688075,0.12696858
0.63597447,-1.3028684,-15.205195,0.15885645,0.829865,0.2979985,0.4441686
0.8434886,-0.48882,-14.923533,0.66200656,0.5553121,-0.48705098,0.12711118
0.6377904,-1.3038582,-15.205465,0.15887696,0.82955956,0.29798287,0.44474187
0.8438523,-0.48903382,-14.92269,0.6621431,0.55495816,-0.48725423,0.1271666
0.63918835,-1.3046201,-15.205673,0.15895653,0.8292696,0.29790795,0.4453041
0.8457108,-0.49075967,-14.921945,0.662164,0.55467284,-0.48749936,0.12736288
0.6402676,-1.3052084,-15.2058325,0.15902425,0.82901436,0.2978419,0.44579896
0.8472666,-0.48914266,-14.922852,0.6621055,0.55445915,-0.48780844,0.1274139
0.6411161,-1.3034931,-15.205958,0.15894115,0.8288731,0.2977263,0.44616842
0.8486009,-0.48931745,-14.923629,0.6620971,0.5541887,-0.48808694,0.12756732
0.6440065,-1.30214,-15.206058,0.15893452,0.8286781,0.29760846,0.44661143
0.8481786,-0.48797193,-14.924248,0.6621347,0.55393857,-0.48831204,0.1275971
0.6462131,-1.3033123,-15.206134,0.15895195,0.82840186,0.29759157,0.44712868
0.8493314,-0.48832667,-14.924783,0.662128,0.55363107,-0.4886335,0.12773633
0.6479219,-1.302004,-15.208409,0.15909436,0.8281576,0.2973457,0.4476936
0.84879917,-0.48861733,-14.925221,0.66223025,0.5534093,-0.48872966,0.12779894
0.6470357,-1.3010141,-15.210131,0.15905167,0.82810396,0.29713657,0.44794667
0.8483593,-0.4888576,-14.925584,0.6623417,0.55324364,-0.4887407,0.12789667
0.64635915,-1.3002583,-15.211445,0.15913515,0.8280132,0.29697782,0.44819012
0.84799284,-0.48905772,-14.925885,0.66238034,0.55310977,-0.4888156,0.12798887
0.64585394,-1.3017634,-15.212425,0.15929784,0.82792693,0.29689968,0.4483435
0.8491279,-0.49069098,-14.92615,0.6624327,0.55298835,-0.48882788,0.12819605
0.6475083,-1.3029314,-15.211141,0.15949915,0.82778466,0.29686213,0.44855937
0.84865826,-0.48923853,-14.926364,0.6624562,0.5529421,-0.48883313,0.12825382
0.64676934,-1.3018123,-15.210136,0.15951934,0.827805,0.29671437,0.44861254
0.8496549,-0.4893817,-14.92655,0.6624858,0.5528489,-0.48883754,0.12848608
0.6461897,-1.3009344,-15.209348,0.15954085,0.8278438,0.29653698,0.4486506
0.850527,-0.49094614,-14.926713,0.66259956,0.5527016,-0.48879644,0.1286895
0.64573765,-1.3002499,-15.210729,0.15955152,0.82787937,0.29636154,0.44869682
0.84985214,-0.49223283,-14.9268465,0.66269374,0.55258876,-0.4887374,0.12891254
0.6473971,-1.2997003,-15.209816,0.15968919,0.827876,0.29602826,0.4488742
0.8492906,-0.49330357,-14.926958,0.6627722,0.5524045,-0.4887809,0.12913442
0.6497637,-1.2989163,-15.210556,0.16024697,0.82763594,0.29484493,0.44989568
0.85246074,-0.49540448,-14.927145,0.6625401,0.5507278,-0.49082437,0.12973452
0.6525788,-1.3006575,-15.211694,0.16055457,0.8274442,0.2943562,0.4504584
0.8544938,-0.4961169,-14.927223,0.6623982,0.54983747,-0.49194297,0.12999791
0.65279734,-1.3000264,-15.212593,0.16072938,0.827311,0.293878,0.45095274
0.85626876,-0.4967389,-14.927293,0.6622227,0.54904664,-0.49300572,0.13020867
0.655051,-1.2974356,-15.213329,0.16079375,0.8270865,0.2935156,0.45157713
0.85948163,-0.49560255,-14.927352,0.6618921,0.54832375,-0.49420303,0.13039708
0.6568298,-1.2974795,-15.21391,0.16085918,0.8268993,0.29324442,0.45207265
0.8622248,-0.49463227,-14.927403,0.6616097,0.5477538,-0.49516127,0.1305903
0.6614729,-1.2975414,-15.214728,0.1608884,0.82629484,0.2930417,0.45329726
0.86463857,-0.49315602,-14.927482,0.6611094,0.5467513,-0.4969004,0.13071854
0.66186905,-1.2954043,-15.2150135,0.16061316,0.82603544,0.29287764,0.45397303
0.8647213,-0.49437478,-14.927509,0.66103846,0.5461996,-0.4975549,0.13089445
0.6643484,-1.2959086,-15.215237,0.1604146,0.8256563,0.292928,0.45470002
0.86658376,-0.49359933,-14.927533,0.6608353,0.54585063,-0.49817672,0.13101093
0.666277,-1.2963008,-15.21541,0.16028607,0.82533985,0.29298118,0.4552852
0.8681444,-0.49479696,-14.927553,0.660734,0.54547596,-0.49865723,0.13125421
0.6677739,-1.2966052,-15.215546,0.16002724,0.82513344,0.29298937,0.45574492
0.87137604,-0.49388203,-14.927569,0.6605684,0.54513633,-0.49918455,0.13149402
0.66895235,-1.2946129,-15.215651,0.15982574,0.8249832,0.29284048,0.45618305
0.8720478,-0.4950828,-14.927584,0.6605028,0.54487795,-0.49948335,0.13175943
0.66987073,-1.2930604,-15.215734,0.15966691,0.8247835,0.2928292,0.45660684
0.8725884,-0.49604917,-14.927594,0.6603966,0.54469347,-0.49976,0.13200532
0.67056274,-1.2941239,-15.2157955,0.15952449,0.8245613,0.29283008,0.45705712
0.873013,-0.49487886,-14.927602,0.6602181,0.5445614,-0.50010616,0.13213152
0.67108065,-1.2949198,-15.218019,0.15921588,0.8241938,0.2927515,0.45787716
0.8733436,-0.4939677,-14.929489,0.66001034,0.544575,-0.500244,0.13259158
0.6737252,-1.2933177,-15.219784,0.15871571,0.8238766,0.292675,0.45866978
0.8735972,-0.4914762,-14.929144,0.65970665,0.54479754,-0.50028133,0.13304672
0.67559063,-1.2928445,-15.22214,0.15808111,0.8234911,0.29290947,0.45943102
0.8725476,-0.4941588,-14.928659,0.6595771,0.5449551,-0.5000813,0.13379373
0.67496365,-1.2917423,-15.222935,0.15790597,0.8234233,0.29298127,0.45956692
0.8729274,-0.4951579,-14.928478,0.65947586,0.5450373,-0.50004226,0.13410363
0.6767101,-1.2908765,-15.223559,0.15787803,0.82332563,0.2929922,0.4597446
0.87323654,-0.49429846,-14.928332,0.65931284,0.5452096,-0.5000477,0.13418473
0.6758555,-1.292373,-15.224013,0.15789723,0.82329077,0.2930765,0.45974672
0.8718902,-0.49521294,-14.928217,0.6592656,0.54531974,-0.49995726,0.13430613
0.67519677,-1.2914203,-15.224364,0.15778764,0.82330835,0.2931326,0.4597171
0.8723436,-0.49440807,-14.928123,0.6591442,0.5453994,-0.4999997,0.13442025
0.6746813,-1.2885646,-15.224639,0.15758173,0.82335097,0.29315358,0.45969805
0.87272775,-0.49529058,-14.928043,0.6590902,0.5454879,-0.4999488,0.13451529
0.674278,-1.28633,-15.2248535,0.15750384,0.82335114,0.2931583,0.4597214
0.87467545,-0.4944381,-14.927976,0.6589098,0.54551065,-0.5001347,0.13461566
0.6782693,-1.2867103,-15.225023,0.15734467,0.8229257,0.2934099,0.4603767
0.87468016,-0.49374253,-14.927919,0.6586708,0.5453344,-0.5005279,0.1350375
0.679197,-1.2870013,-15.223026,0.15706803,0.82260585,0.29361445,0.460912
0.87633926,-0.49479085,-14.927871,0.6584784,0.545046,-0.50093246,0.1356391
0.67991906,-1.2872279,-15.223599,0.15675826,0.8222839,0.293932,0.46138927
0.8777621,-0.4956898,-14.927829,0.6582989,0.54484445,-0.50125134,0.13614085
0.68049055,-1.2852461,-15.224051,0.156364,0.8220898,0.29398057,0.46183786
0.87724274,-0.49476075,-14.927795,0.6581878,0.54473597,-0.50144273,0.1364066
0.68092924,-1.2858648,-15.2244,0.15616739,0.82188094,0.29410622,0.46219593
0.87682515,-0.49717546,-14.92777,0.65817404,0.5445828,-0.5014956,0.13688934
0.68333274,-1.2884039,-15.224661,0.15617727,0.821482,0.29432306,0.46276343
0.87801623,-0.49454087,-14.927749,0.65792555,0.5445777,-0.50178707,0.13703632
0.6831458,-1.2883226,-15.224865,0.1558331,0.821299,0.29451114,0.46308452
0.87904847,-0.49540767,-14.92773,0.6578044,0.5444974,-0.50193125,0.13740836
0.6850932,-1.2882577,-15.225028,0.15578043,0.8211446,0.29446945,0.46340245
0.87991697,-0.49455205,-14.927714,0.6575965,0.5444979,-0.5021681,0.13753568
0.6866362,-1.2882065,-15.225157,0.15577611,0.82094306,0.2945241,0.4637261
0.8790996,-0.4953797,-14.927702,0.65747565,0.5445385,-0.50224245,0.1376816
0.68880177,-1.2881342,-15.225339,0.15544409,0.8208831,0.29446957,0.4639783
0.8806314,-0.49541405,-14.927682,0.65728503,0.54449534,-0.5025324,0.13770427
0.6895435,-1.2881097,-15.225401,0.15552606,0.8208425,0.29431626,0.4641199
0.88122463,-0.49457753,-14.927675,0.65716577,0.54456383,-0.50263464,0.13762951
0.6900924,-1.2901769,-15.225447,0.1556115,0.82078594,0.29424837,0.46423435
0.8817221,-0.49387604,-14.927669,0.6570254,0.54459,-0.50276846,0.13770722
0.69052577,-1.2897061,-15.225483,0.15556122,0.82088834,0.2939935,0.46423152
0.8806491,-0.4933169,-14.927665,0.6570028,0.5445816,-0.50281674,0.13767211
0.6908666,-1.2893358,-15.225512,0.15548714,0.8209861,0.29371375,0.46426055
0.8811999,-0.49429536,-14.92766,0.6569738,0.5445633,-0.50281507,0.13788886
0.6933579,-1.2868208,-15.225535,0.15566331,0.82096833,0.29339778,0.46443275
0.88321304,-0.4936506,-14.927656,0.6567945,0.5445555,-0.5030243,0.13801078
0.6930626,-1.2848886,-15.225553,0.15569828,0.8211279,0.29308444,0.46433666
0.8850004,-0.49468154,-14.927652,0.65679,0.54445314,-0.5030775,0.1382419
0.69074804,-1.2855734,-15.225566,0.15571108,0.8213257,0.29285148,0.46412948
0.8848877,-0.49552935,-14.92765,0.65683025,0.5443622,-0.50308686,0.13837443
0.69102925,-1.284054,-15.2255745,0.15602942,0.8215842,0.2920813,0.46405032
0.88479453,-0.4962303,-14.927648,0.6568835,0.5437856,-0.5035899,0.13855906
0.6893021,-1.2848545,-15.225582,0.15628462,0.82177263,0.2916367,0.4639104
0.88633347,-0.496837,-14.929266,0.6569244,0.54315466,-0.50417453,0.13871355
0.6879919,-1.28178,-15.225588,0.15632036,0.82188344,0.29113474,0.46401742
0.8860011,-0.4973301,-14.928997,0.6569659,0.54246634,-0.50479794,0.13894306
0.68696505,-1.2811549,-15.225593,0.15642856,0.8219163,0.2907724,0.46414995
0.8873607,-0.49940765,-14.928763,0.65703607,0.54179734,-0.5053192,0.13932645
0.68793315,-1.2806352,-15.225596,0.15662415,0.82182676,0.29057762,0.46436438
0.8885064,-0.49948147,-14.930244,0.6569024,0.5412617,-0.5060216,0.13948901
0.68873096,-1.280207,-15.225599,0.15682478,0.8216685,0.29046863,0.46464494
0.8894765,-0.501264,-14.929777,0.6568906,0.5408328,-0.5064183,0.13976863
0.69120044,-1.2816974,-15.225602,0.15702885,0.8214748,0.29042158,0.46494788
0.89028263,-0.5010044,-14.92939,0.6567828,0.54054415,-0.50681585,0.13995029
0.6913682,-1.2810662,-15.225604,0.15712756,0.821369,0.29037952,0.46512765
0.8909162,-0.49912965,-14.930756,0.6566092,0.5403158,-0.5072713,0.13999695
0.69150466,-1.2805529,-15.225605,0.1570727,0.8212916,0.29034877,0.4653019
0.8914444,-0.4992526,-14.930209,0.6565261,0.54007924,-0.5075753,0.14019705
0.6934472,-1.2819786,-15.225607,0.1568834,0.82085824,0.29058757,0.46598098
0.8936774,-0.49935934,-14.929734,0.6563065,0.5399876,-0.5078538,0.14056918
0.698433,-1.2806827,-15.225609,0.15570776,0.81954885,0.29151887,0.4680936
0.89376086,-0.49951634,-14.929036,0.6558646,0.54112476,-0.5070869,0.1410266
0.6991243,-1.2781572,-15.22561,0.15499058,0.8191629,0.291776,0.46884632
0.8921189,-0.49789995,-14.928793,0.6557423,0.54170895,-0.50663143,0.14098954
0.70390207,-1.2782577,-15.22561,0.1544943,0.8186873,0.29192442,0.46974757
0.88980806,-0.4969636,-14.928451,0.65560156,0.5424264,-0.5060672,0.14091212
0.7034175,-1.2782917,-15.22561,0.1542994,0.8187624,0.29184985,0.4697271
0.8904221,-0.49739093,-14.928329,0.6555199,0.5427028,-0.5058282,0.1410858
0.7027556,-1.2783381,-15.22561,0.15432991,0.81886977,0.29159877,0.46968588
0.88885236,-0.49684015,-14.928151,0.6554271,0.54318154,-0.5054192,0.14114062
0.7025277,-1.2763073,-15.22561,0.15431282,0.81900513,0.2913321,0.4696209
0.8882726,-0.49599394,-14.928085,0.6554065,0.5433598,-0.50525516,0.14113724
0.7023521,-1.2767465,-15.22561,0.15456302,0.8190945,0.2910917,0.4695318
0.89012617,-0.49529278,-14.928032,0.6552587,0.54345626,-0.505307,0.14126644
0.70424676,-1.2770995,-15.22561,0.15476143,0.81906956,0.2909351,0.4696071
0.8905646,-0.49581617,-14.927986,0.6552772,0.5435265,-0.5051569,0.14144795
0.70372033,-1.2773695,-15.22561,0.15471634,0.8191782,0.29074582,0.46954957
0.88988,-0.49625602,-14.927947,0.6552766,0.5435956,-0.5050654,0.14151098
0.7053031,-1.2775874,-15.22561,0.15473893,0.81908995,0.29066595,0.46974552
0.8903194,-0.49664405,-14.927913,0.65524006,0.5436106,-0.5050509,0.14167456
0.708695,-1.277767,-15.22561,0.15476474,0.8190219,0.29052806,0.46994105
0.89071053,-0.49594757,-14.927882,0.6551798,0.54367554,-0.5050349,0.14176115
0.7072477,-1.2779005,-15.22561,0.1545627,0.8190444,0.29057735,0.46993783
0.89106804,-0.49637902,-14.9278555,0.6551501,0.5436875,-0.50502133,0.14190046
0.71010774,-1.2780077,-15.227622,0.15434724,0.81856465,0.29044187,0.47092718
0.89139295,-0.49677122,-14.927831,0.6551249,0.54338104,-0.5053571,0.14199539
0.70843273,-1.2761768,-15.229135,0.1537982,0.81836814,0.2903077,0.47153074
0.8916869,-0.4971259,-14.927809,0.6550488,0.54308534,-0.5057245,0.14216971
0.7109598,-1.2766297,-15.230368,0.15374334,0.81799287,0.29025394,0.4722324
0.89194185,-0.49633998,-14.927789,0.65492487,0.5428664,-0.50610864,0.14220946
0.7130216,-1.2769994,-15.231375,0.1537162,0.8175683,0.29025885,0.4729729
0.8933825,-0.49677354,-14.92777,0.6548261,0.5426313,-0.50643647,0.14239468
0.7126668,-1.2753121,-15.232166,0.15344203,0.81738424,0.29012468,0.47346207
0.8934481,-0.49598482,-14.927753,0.6547752,0.5423855,-0.5067445,0.142469
0.71443576,-1.2739148,-15.232822,0.15333584,0.8171143,0.29015344,0.4739446
0.89475566,-0.49648312,-14.927738,0.6547328,0.54212534,-0.50702393,0.14266011
0.7170145,-1.2718778,-15.23378,0.15314865,0.8169669,0.28974044,0.4745114
0.8956785,-0.49618506,-14.927712,0.65461206,0.54172397,-0.5075423,0.1428952
0.7179236,-1.2689164,-15.234117,0.15230797,0.8165711,0.28913757,0.4758292
0.8967632,-0.49668804,-14.927702,0.6544623,0.541679,-0.50759655,0.14355737
0.7210316,-1.2665166,-15.236761,0.1517707,0.8162818,0.2885714,0.47684
0.8963915,-0.49709997,-14.928954,0.65445983,0.5415423,-0.50760204,0.14406434
0.7210015,-1.2647066,-15.238756,0.15134136,0.81618595,0.28812367,0.47741076
0.89735436,-0.49746776,-14.930071,0.6543762,0.54139394,-0.50772893,0.14455354
0.72344404,-1.263291,-15.240316,0.1512185,0.815922,0.28794083,0.47801092
0.8981974,-0.4964798,-14.931049,0.65423506,0.5412066,-0.5080042,0.14492682
0.72280234,-1.2622523,-15.241462,0.15113194,0.8158233,0.2878429,0.47826567
0.8989503,-0.496952,-14.931924,0.6542457,0.54093546,-0.50816625,0.14532258
0.72443753,-1.2608929,-15.24296,0.15087408,0.81571156,0.28742906,0.47878626
0.89883214,-0.49770907,-14.933325,0.654411,0.5404501,-0.50830954,0.14588124
0.7235393,-1.2580116,-15.243438,0.1506923,0.81590885,0.2871548,0.47867185
0.8981898,-0.49924588,-14.933838,0.6544518,0.540243,-0.50839365,0.14617239
0.7205782,-1.2582965,-15.243776,0.15066047,0.81603754,0.28715467,0.47846255
0.89765954,-0.49931866,-14.934263,0.6544239,0.5401375,-0.5085075,0.14629063
0.7206544,-1.2607102,-15.24402,0.15083264,0.8160359,0.2871326,0.47842434
0.898391,-0.49938235,-14.934635,0.65441024,0.53995436,-0.50870574,0.14633895
0.72071016,-1.2603782,-15.244199,0.15078364,0.81615055,0.2869312,0.47836518
0.8978636,-0.50057125,-14.934943,0.65452343,0.5398448,-0.50865334,0.14641914
0.720753,-1.2580571,-15.244336,0.15081164,0.81621957,0.28664532,0.47840986
0.8985246,-0.49936578,-14.935212,0.6544174,0.539809,-0.50882906,0.14641427
0.7207864,-1.2582984,-15.244443,0.15095249,0.81632674,0.28644955,0.47829977
0.89913243,-0.49942213,-14.935459,0.65439796,0.5397184,-0.5089658,0.14636005
0.7208125,-1.2584871,-15.244526,0.15120149,0.8163808,0.2863852,0.47816744
0.90100414,-0.4994767,-14.9356985,0.65434045,0.53964275,-0.5090872,0.1464741
0.72083336,-1.2565749,-15.244594,0.15123063,0.8165352,0.28613436,0.4780447
0.90133333,-0.49827492,-14.9359,0.6543039,0.53962207,-0.5091926,0.14634682
0.72084886,-1.2571079,-15.242683,0.15147966,0.8167582,0.28591713,0.47771475
0.9004201,-0.49846676,-14.936067,0.6543838,0.53968513,-0.5090438,0.14627501
0.7208607,-1.2575109,-15.241239,0.15169582,0.81697804,0.28563583,0.47743848
0.8996596,-0.49862656,-14.935079,0.65448105,0.53985107,-0.5087327,0.14630966
0.71910113,-1.2560512,-15.2419,0.15167297,0.81726557,0.28527924,0.47716674
0.8990217,-0.49876058,-14.93532,0.65448797,0.5400239,-0.50854576,0.14629035
0.7177372,-1.2565997,-15.240733,0.1516493,0.8174584,0.2851281,0.47693425
0.8994994,-0.49989,-14.935524,0.6544918,0.5401163,-0.50839823,0.1464453
0.71582067,-1.255854,-15.241955,0.15146863,0.81775063,0.28488046,0.4766387
0.89846164,-0.49987897,-14.935846,0.65449136,0.5404312,-0.5080558,0.14647396
0.7158308,-1.255389,-15.241366,0.15132926,0.8178369,0.28459823,0.47670344
0.8985234,-0.49987084,-14.936083,0.6543225,0.54094297,-0.50758374,0.14697489
0.7152097,-1.2545925,-15.241842,0.1512469,0.81784946,0.2844317,0.47680748
0.8981474,-0.49986753,-14.935391,0.6542739,0.5411476,-0.5073381,0.14728576
0.71603006,-1.2538707,-15.242272,0.1511768,0.8178219,0.2841693,0.47703332
0.89781946,-0.49986467,-14.935536,0.6542304,0.5412363,-0.5072075,0.14760254
0.71676177,-1.2532269,-15.242658,0.15109831,0.81777304,0.28388676,0.47731003
0.8982419,-0.49986216,-14.935663,0.6541642,0.5412171,-0.50722915,0.14789148
0.7173592,-1.2540855,-15.242971,0.15115002,0.8176809,0.28372058,0.47755027
0.89793926,-0.49918574,-14.935774,0.65407366,0.54117244,-0.5073648,0.14799026
0.71837133,-1.2512672,-15.243505,0.15083872,0.81768346,0.2833505,0.47786388
0.89803493,-0.49926683,-14.93596,0.6540583,0.5408869,-0.50760335,0.14828376
0.71729964,-1.2510111,-15.243706,0.15078253,0.8176986,0.2831546,0.47797182
0.898377,-0.49870458,-14.93604,0.6539545,0.54074776,-0.5078514,0.14839958
0.71785545,-1.2507902,-15.24388,0.15067908,0.8176032,0.28304854,0.47823057
0.8981144,-0.49877107,-14.936111,0.6539328,0.54059327,-0.50800204,0.14854251
0.7168963,-1.2506129,-15.2440195,0.15070412,0.81760323,0.28288153,0.4783213
0.89787966,-0.49936953,-14.936174,0.65395457,0.5404134,-0.5080941,0.1487859
0.7174925,-1.250459,-15.244142,0.15075056,0.8175262,0.2826539,0.47857288
0.89820623,-0.49939615,-14.936236,0.65389925,0.54023325,-0.50831664,0.14892313
0.71950245,-1.2503228,-15.244248,0.15069029,0.8174802,0.28250116,0.47876066
0.8985364,-0.49942306,-14.936298,0.6538307,0.5400954,-0.50849295,0.14912209
0.71972156,-1.2502067,-15.24434,0.1506107,0.81748444,0.28246912,0.4787974
0.8988664,-0.49944994,-14.936361,0.65378696,0.5399207,-0.50870067,0.149238
0.7214589,-1.2501054,-15.24442,0.15056394,0.81744796,0.28233245,0.47895488
0.8991751,-0.49884033,-14.9364195,0.65380484,0.53972,-0.50887406,0.14929438
0.7213708,-1.2500206,-15.244487,0.15044753,0.81732863,0.28251067,0.4790901
0.8994799,-0.4989095,-14.936477,0.65374386,0.53971666,-0.50886256,0.14961204
0.7198349,-1.249953,-15.24454,0.1501193,0.81738174,0.28254187,0.47908396
0.89911157,-0.49897063,-14.936529,0.65377754,0.53980106,-0.5086501,0.14988281
0.7199913,-1.2498983,-15.244584,0.149654,0.81716347,0.28274938,0.47947916
0.8994064,-0.49902788,-14.936577,0.65363806,0.5401043,-0.5083811,0.15031046
0.72166485,-1.2483196,-15.244624,0.1492218,0.8169033,0.28297052,0.47992665
0.89905995,-0.49907866,-14.936619,0.6535635,0.5403857,-0.5081063,0.15055257
0.72154725,-1.2485154,-15.244657,0.14897943,0.8167646,0.2830969,0.48016348
0.8987517,-0.4991238,-14.936657,0.65349966,0.5406034,-0.50786734,0.15085393
0.7214496,-1.2486778,-15.244685,0.14862944,0.81659317,0.28330016,0.48044348
0.89847636,-0.49916416,-14.93669,0.65339327,0.54081964,-0.50771195,0.15106319
0.7229481,-1.2472386,-15.244709,0.14846207,0.8164206,0.28325462,0.4808153
0.89875096,-0.49867913,-14.936721,0.6532914,0.5409656,-0.50764424,0.15120809
0.72427654,-1.2459629,-15.244732,0.14817531,0.8163184,0.28323215,0.48109034
0.89900583,-0.49874043,-14.936749,0.6532547,0.54108554,-0.50748694,0.1514656
0.7236878,-1.244914,-15.24643,0.14800125,0.8162023,0.2832489,0.48133102
0.899264,-0.4988025,-14.936777,0.65315145,0.54118717,-0.5074649,0.15162149
0.7248643,-1.2457167,-15.24781,0.1479458,0.8160314,0.28332156,0.48159504
0.8995124,-0.49830377,-14.936805,0.65301895,0.5412851,-0.5074924,0.15175039
0.72417563,-1.2430413,-15.247293,0.14751272,0.81607294,0.2830894,0.48179403
0.8992042,-0.49838808,-14.93683,0.65306133,0.54125226,-0.5074394,0.1518625
0.7253242,-1.2424843,-15.248589,0.14756054,0.8158734,0.28293234,0.48220938
0.8989275,-0.49846372,-14.9368515,0.65304893,0.5412263,-0.50745153,0.15196742
0.7282933,-1.2400521,-15.249763,0.14738697,0.8157892,0.282317,0.4827652
0.8991573,-0.49853182,-14.936872,0.65298134,0.54079664,-0.50796497,0.15207268
0.7306764,-1.2400345,-15.248772,0.14747098,0.81575304,0.2819733,0.4830014
0.89938664,-0.4985998,-14.936892,0.6528719,0.5403976,-0.5084837,0.15222701
0.7327155,-1.237947,-15.249995,0.1473373,0.81572986,0.28169414,0.4832442
0.9002606,-0.49867794,-14.9369135,0.6528181,0.5399673,-0.5089729,0.1523501
0.73223823,-1.2362947,-15.250964,0.14723104,0.81578493,0.2816066,0.4832346
0.9004785,-0.49875453,-14.936935,0.6528103,0.539599,-0.5093375,0.15247016
0.7315657,-1.2339664,-15.25233,0.14721668,0.8158872,0.28130728,0.48324072
0.90162873,-0.49891728,-14.936984,0.6528098,0.5389694,-0.5099905,0.15251578
0.7334035,-1.2352529,-15.252784,0.14727299,0.81582856,0.2814102,0.4832627
0.9026737,-0.4990001,-14.937008,0.65279627,0.5387449,-0.51022583,0.15257958
0.73085773,-1.2342544,-15.253123,0.14717488,0.81595445,0.28144318,0.48306078
0.90373194,-0.499084,-14.937032,0.6528134,0.5385129,-0.51042765,0.15265088
0.7307908,-1.2334766,-15.253387,0.1470214,0.8158209,0.28171754,0.48317313
0.9037127,-0.49915907,-14.937055,0.65278685,0.5385664,-0.5104301,0.152567
0.72891974,-1.2347052,-15.253588,0.14680743,0.8157805,0.2820555,0.4831092
0.9036962,-0.49830517,-14.937073,0.6527668,0.53866243,-0.51040673,0.15239188
0.730937,-1.2356514,-15.253743,0.14684133,0.8155689,0.28230947,0.48330784
0.90368193,-0.49756938,-14.93709,0.65267795,0.5387607,-0.5104371,0.15232323
0.7325088,-1.2363886,-15.253863,0.14688312,0.8154525,0.28245494,0.4834063
0.9036695,-0.4969214,-14.937103,0.65266794,0.53885454,-0.51035446,0.15231124
0.73218614,-1.2369691,-15.253959,0.14674538,0.8154478,0.28250083,0.4834293
0.9036583,-0.49717304,-14.937117,0.6526783,0.5389066,-0.5102665,0.15237723
0.7319295,-1.2374312,-15.254034,0.14667985,0.8155054,0.28250703,0.48334858
0.9036483,-0.49658692,-14.937128,0.6526117,0.53895956,-0.51029885,0.152367
0.7317232,-1.2378024,-15.254095,0.14664187,0.81550324,0.28252736,0.4833519
0.90363944,-0.49685407,-14.937138,0.6525936,0.5390468,-0.51023054,0.15236476
0.7330342,-1.2366412,-15.25415,0.14658806,0.8154225,0.2825612,0.48348448
0.90363145,-0.49631903,-14.937147,0.6525667,0.53913635,-0.5101694,0.152368
0.73266214,-1.2371333,-15.254194,0.14653239,0.8154541,0.28259254,0.48342976
0.90362424,-0.4965946,-14.937156,0.652619,0.53922796,-0.5100402,0.15225236
0.73234516,-1.2361289,-15.254232,0.14633533,0.81560713,0.28239352,0.4833475
0.9036178,-0.49610272,-14.937162,0.652586,0.5393094,-0.5100207,0.15217066
0.73356575,-1.2352237,-15.254266,0.14650401,0.8157551,0.2821428,0.4831931
0.903612,-0.49638158,-14.937169,0.65261984,0.5393137,-0.50999093,0.15211004
0.7331126,-1.2359296,-15.254293,0.14675516,0.815911,0.28197724,0.4829504
0.9036069,-0.4973098,-14.937175,0.65270025,0.5392904,-0.509918,0.15209201
0.7313866,-1.2351408,-15.254315,0.14676562,0.8161125,0.28189918,0.48265225
0.9036023,-0.49748036,-14.93718,0.652692,0.5392862,-0.5099502,0.152034
0.7312704,-1.235789,-15.254333,0.14684479,0.8162345,0.28177145,0.48249623
0.9035981,-0.4976375,-14.937184,0.6527374,0.53926414,-0.5099374,0.1519606
0.7311748,-1.235095,-15.254348,0.14691634,0.816264,0.28166577,0.48248643
0.9035943,-0.49778268,-14.937189,0.65275973,0.5392153,-0.5099556,0.15197673
0.7310956,-1.2356856,-15.25436,0.14705984,0.81629246,0.28162023,0.4824211
0.9035908,-0.49791706,-14.937193,0.6527507,0.53918225,-0.5099979,0.1519911
0.7310271,-1.2350489,-15.254371,0.14706841,0.8163977,0.28148085,0.4823217
0.9035875,-0.4980417,-14.937197,0.6527889,0.53913665,-0.5099999,0.15198213
0.72987956,-1.2345161,-15.25438,0.14703368,0.8165051,0.28136867,0.48221603
0.9035845,-0.4987672,-14.9372,0.6528678,0.53906816,-0.50995106,0.15205006
0.729953,-1.2340401,-15.254388,0.14708477,0.8165488,0.28124925,0.48219603
0.90428436,-0.498845,-14.937203,0.65291464,0.53897756,-0.5099717,0.15210082
0.7289707,-1.2336396,-15.2543955,0.14711925,0.81663585,0.2811407,0.4821015
0.9035647,-0.4989135,-14.937207,0.65298283,0.5389174,-0.50995517,0.15207656
0.7291428,-1.2332748,-15.254401,0.14722714,0.8166574,0.2810165,0.48210445
0.9035631,-0.49833944,-14.937209,0.652962,0.5388433,-0.51006,0.15207656
0.728275,-1.2329668,-15.254406,0.14738408,0.8168071,0.2805938,0.48204914
0.9035616,-0.498433,-14.937212,0.65307045,0.53856707,-0.5102049,0.15210384
0.72851825,-1.2326838,-15.254411,0.1475882,0.8169901,0.28008345,0.48197326
0.90414476,-0.498518,-14.937214,0.6531473,0.5382302,-0.51045614,0.15212326
0.72773236,-1.232443,-15.254414,0.14770447,0.8171897,0.27966726,0.48184097
0.90410936,-0.49803165,-14.937779,0.65319884,0.53797424,-0.5107002,0.15198761
0.7280274,-1.232222,-15.254417,0.14785686,0.81730103,0.27930328,0.4818165
0.90407676,-0.49813464,-14.937749,0.65327823,0.5377043,-0.510912,0.15188982
0.72730714,-1.2320327,-15.254421,0.14797947,0.8174803,0.27886203,0.48173025
0.9040467,-0.49822968,-14.937721,0.65331614,0.5375691,-0.5110277,0.15181674
0.7276673,-1.2307677,-15.254424,0.14809339,0.8176615,0.2783717,0.48167133
0.90463364,-0.4983329,-14.937691,0.65331286,0.5374319,-0.51118284,0.15179421
0.7279884,-1.230721,-15.254427,0.14829516,0.81778127,0.27799746,0.4816221
0.905263,-0.49773344,-14.938367,0.65333533,0.5373214,-0.5112925,0.15171896
0.72825915,-1.2317089,-15.254429,0.1485656,0.8179247,0.27768567,0.48147506
0.9051368,-0.4978871,-14.93899,0.6534435,0.53726673,-0.51119727,0.15176758
0.7275129,-1.2315712,-15.254432,0.14878471,0.8181364,0.27728117,0.48128077
0.9050192,-0.49803022,-14.9395685,0.6534928,0.53725576,-0.5111383,0.15179273
0.72687596,-1.2314537,-15.254433,0.14891574,0.8183733,0.27688947,0.48106286
0.9056996,-0.4973767,-14.940179,0.65348446,0.53725564,-0.5111371,0.1518333
0.72544837,-1.2313528,-15.255315,0.14899763,0.8186466,0.27648327,0.48080617
0.9055197,-0.49758115,-14.940735,0.65358776,0.5372229,-0.51100844,0.15193774
0.725935,-1.2303348,-15.256154,0.14915381,0.8187491,0.2760857,0.4808116
0.9053564,-0.49697375,-14.941241,0.65362704,0.5372001,-0.51096165,0.15200657
0.72547424,-1.2303364,-15.255998,0.14932519,0.81890196,0.2758645,0.48062506
0.90520597,-0.49721044,-14.941707,0.6537189,0.53717166,-0.51084906,0.15209082
0.7250719,-1.2303379,-15.255862,0.14946084,0.81901544,0.27562585,0.48052642
0.90506667,-0.4974295,-14.942137,0.6538272,0.53710926,-0.51072466,0.15226336
0.7247173,-1.2303392,-15.255741,0.14964102,0.8190853,0.27554035,0.48040026
0.9049374,-0.4976328,-14.942537,0.6538947,0.53704417,-0.5106666,0.1523974
0.72363126,-1.2303402,-15.255636,0.14979672,0.8192201,0.27532452,0.48024553
0.9048173,-0.4978217,-14.942909,0.65396786,0.53699934,-0.5105719,0.15255848
0.724161,-1.2303411,-15.255545,0.14995454,0.8191903,0.2750735,0.480391
0.90471303,-0.49798575,-14.942447,0.6540764,0.5369187,-0.51049083,0.15264878
0.72462845,-1.2303419,-15.255464,0.15000243,0.8190547,0.27489826,0.48070747
0.904622,-0.49812886,-14.942043,0.65406495,0.536795,-0.5106278,0.15267457
0.7243288,-1.2295684,-15.255382,0.14989385,0.81897527,0.2747584,0.48095652
0.90454227,-0.49754596,-14.94169,0.65404093,0.53670967,-0.51075906,0.15263799
0.7240296,-1.2287958,-15.2553,0.14983918,0.818887,0.27465,0.48118582
0.905145,-0.4977059,-14.94138,0.6540392,0.53655094,-0.51089007,0.1527649
0.7237682,-1.2289263,-15.255228,0.14981973,0.81880766,0.2745901,0.481361
0.9057017,-0.49785364,-14.941761,0.6540014,0.53636503,-0.5111134,0.15283273
0.72350866,-1.228183,-15.255157,0.14973277,0.8187615,0.27451557,0.48150906
0.906232,-0.49799436,-14.941439,0.65400654,0.5361327,-0.51131237,0.15296008
0.7241136,-1.2283702,-15.255096,0.14978182,0.81866527,0.27448875,0.4816727
0.90677816,-0.4973808,-14.941868,0.6539455,0.53590643,-0.51162386,0.15297255
0.723851,-1.2285327,-15.255044,0.1497761,0.81864643,0.27441695,0.4817474
0.9065354,-0.49756444,-14.941522,0.65399814,0.53571874,-0.51175207,0.15297653
0.7236221,-1.2286743,-15.254998,0.14975727,0.8186397,0.27433267,0.4818126
0.907045,-0.49699873,-14.941932,0.6539919,0.53549415,-0.51199204,0.15298636
0.7242546,-1.2270658,-15.254948,0.14941248,0.8186335,0.27377427,0.48224765
0.90678537,-0.49720845,-14.942297,0.65431255,0.53514826,-0.511764,0.15358728
0.72487307,-1.2264416,-15.255847,0.14926723,0.8186279,0.2730969,0.48268613
0.9073074,-0.49742344,-14.942671,0.654549,0.5348237,-0.51163816,0.15412854
0.7244161,-1.2246759,-15.256793,0.14906193,0.8187725,0.27252725,0.4828262
0.90781826,-0.49847403,-14.943037,0.6548116,0.5344837,-0.5115297,0.15455231
0.72518885,-1.2229612,-15.256496,0.14892548,0.81885046,0.27200988,0.4830276
0.9074631,-0.49938485,-14.943356,0.65522367,0.5340953,-0.51135784,0.15471703
0.725862,-1.2226808,-15.256238,0.14913309,0.8190503,0.27134222,0.4830003
0.9071504,-0.49942037,-14.943634,0.65554297,0.53377604,-0.5113114,0.1546198
0.72519106,-1.2211156,-15.255996,0.1491666,0.8192895,0.27078873,0.48289496
0.9068715,-0.49945205,-14.943883,0.6557782,0.53341186,-0.51144475,0.15443805
0.7259741,-1.2196486,-15.25718,0.14919996,0.81946737,0.2701552,0.48293775
0.9073985,-0.49948385,-14.944133,0.65597314,0.53308386,-0.51156837,0.1543332
0.7244884,-1.217149,-15.259199,0.14928132,0.8198946,0.26953927,0.48253134
0.9084209,-0.49954548,-14.944617,0.6566843,0.531678,-0.51231796,0.15367012
0.7238806,-1.2161264,-15.260025,0.14932886,0.81991094,0.26938114,0.48257726
0.9079751,-0.49957156,-14.944823,0.6570442,0.53100723,-0.5126484,0.15334933
0.72340125,-1.2168709,-15.260676,0.14947896,0.81983685,0.26938498,0.48265448
0.9084737,-0.5005222,-14.945019,0.6573326,0.5303196,-0.5130145,0.1532685
0.7229869,-1.215916,-15.261239,0.14952049,0.8197696,0.26932862,0.48278725
0.9100113,-0.5004478,-14.945217,0.6574734,0.5295847,-0.5136112,0.15320708
0.72265875,-1.2166781,-15.261685,0.14962216,0.81960106,0.26958454,0.48289907
0.9093498,-0.5013673,-14.945385,0.657769,0.52887386,-0.51400596,0.15306938
0.7238388,-1.2172878,-15.262042,0.14983706,0.8194293,0.26953772,0.48315006
0.9107391,-0.5002126,-14.945538,0.6576925,0.5282832,-0.5147707,0.15286818
0.7247916,-1.21778,-15.262329,0.14991878,0.819189,0.26966166,0.4834629
0.91099554,-0.500172,-14.945679,0.6578011,0.5276436,-0.5153075,0.15280138
0.72556776,-1.218181,-15.262564,0.14989126,0.8188072,0.26967943,0.48410794
0.9123631,-0.5001324,-14.945816,0.6579919,0.5258897,-0.51675534,0.15313631
0.72752845,-1.2172316,-15.262766,0.14970224,0.81846046,0.26961276,0.48478946
0.9136783,-0.5013096,-14.945949,0.65827143,0.5243244,-0.5178078,0.15374587
0.72795075,-1.2163706,-15.262949,0.14951253,0.81818837,0.26967478,0.48527238
0.91361284,-0.5035152,-14.946062,0.658814,0.52298856,-0.518307,0.15428893
0.72832805,-1.2156012,-15.263112,0.14941885,0.8179921,0.2696569,0.48564205
0.9148401,-0.50431013,-14.946169,0.65883285,0.5221902,-0.51902306,0.15450525
0.7286608,-1.2149227,-15.263256,0.14931254,0.8178058,0.26970643,0.48596087
0.917539,-0.5065794,-14.946276,0.6589432,0.5216681,-0.5192575,0.15500973
0.7289676,-1.2127125,-15.263389,0.1491166,0.8177185,0.2696352,0.48620746
0.9183932,-0.5070475,-14.947943,0.6589562,0.5213418,-0.51958364,0.15495884
0.73071635,-1.2139697,-15.2634945,0.14910173,0.81755704,0.26975593,0.48641646
0.919144,-0.5074589,-14.949409,0.6591236,0.52114636,-0.5195467,0.1550285
0.7306871,-1.2135428,-15.26358,0.14899564,0.81744605,0.26985964,0.4865779
0.91976815,-0.50780094,-14.94897,0.6592612,0.52110946,-0.5194154,0.15500748
0.7320355,-1.2145702,-15.262277,0.14952576,0.81730676,0.26952136,0.4868368
0.9220468,-0.5080977,-14.948588,0.6588552,0.52107865,-0.51984394,0.15540026
0.7331337,-1.2154069,-15.261214,0.14988127,0.8172023,0.269277,0.48703796
0.9221758,-0.5100684,-14.948277,0.65891665,0.52096206,-0.5197694,0.15577957
0.73369515,-1.2143996,-15.259621,0.15045397,0.81714404,0.2687462,0.48725227
0.9238668,-0.51315105,-14.947791,0.65886945,0.5208136,-0.5199148,0.15599042
0.7344437,-1.2140193,-15.259021,0.15064672,0.8171245,0.26862925,0.48729002
0.9255461,-0.51431614,-14.947608,0.6587793,0.5206815,-0.52015084,0.1560247
0.7340105,-1.2158232,-15.258516,0.15095584,0.8170956,0.26872838,0.48718807
0.9250111,-0.5152276,-14.947464,0.65878105,0.52052647,-0.5203736,0.15579152
0.73465306,-1.2163392,-15.258089,0.15131629,0.8170583,0.2686827,0.48716405
0.92640835,-0.5141302,-14.94735,0.6586201,0.52042544,-0.5207376,0.15559319
0.73424125,-1.217736,-15.257727,0.1518568,0.8170744,0.2687413,0.48693654
0.92758334,-0.51509976,-14.947253,0.658578,0.5202286,-0.52097034,0.15565076
0.7347992,-1.2180206,-15.257417,0.15227254,0.8170348,0.26880488,0.486838
0.9285552,-0.5159017,-14.947173,0.6585877,0.5200473,-0.52109975,0.15578252
0.73441446,-1.2191299,-15.257149,0.15264417,0.81707305,0.26899084,0.48655453
0.9293482,-0.5165561,-14.947108,0.65864104,0.51992434,-0.52115303,0.15578924
0.7349033,-1.2200891,-15.256918,0.15302043,0.81706685,0.26913717,0.48636588
0.9299882,-0.51708424,-14.947056,0.65859413,0.51995176,-0.5212014,0.15573429
0.73454756,-1.2201419,-15.256717,0.15324393,0.8171223,0.2692078,0.48616314
0.9305004,-0.51750684,-14.947014,0.65861297,0.5198098,-0.5213148,0.15574913
0.73497844,-1.2209295,-15.256542,0.15355825,0.81708086,0.26930675,0.48607895
0.9308826,-0.515864,-14.946983,0.65863377,0.5197593,-0.5214045,0.15552942
0.7346519,-1.22162,-15.256389,0.15377249,0.81715053,0.26936296,0.48586276
0.9311867,-0.51651365,-14.946959,0.6587193,0.5196098,-0.52149564,0.15536067
0.7350335,-1.222897,-15.256253,0.1540987,0.8171722,0.26941743,0.48569274
0.92955786,-0.51514614,-14.946939,0.6588873,0.5195313,-0.5214197,0.15516517
0.73473513,-1.2240257,-15.256134,0.15429811,0.8172074,0.26952586,0.48551014
0.9300757,-0.5140982,-14.946925,0.65889746,0.5194605,-0.52149206,0.15511617
0.7344704,-1.2244232,-15.256028,0.15446275,0.81726944,0.2695816,0.48532233
0.93047726,-0.51328564,-14.946914,0.65889007,0.5194157,-0.52155864,0.15507387
0.7342347,-1.2253507,-15.255935,0.15492266,0.8173249,0.26962978,0.48505548
0.9307924,-0.5142429,-14.946905,0.65874004,0.5196166,-0.5214744,0.15532082
0.73347914,-1.2261794,-15.255305,0.15543173,0.8174289,0.26962677,0.48471895
0.9310615,-0.5166932,-14.946898,0.65860105,0.51958454,-0.52158946,0.15563147
0.7338376,-1.2269218,-15.254742,0.15599012,0.81749135,0.269472,0.4845203
0.92972255,-0.51552314,-14.946893,0.65851635,0.51965207,-0.52171457,0.15534453
0.7336679,-1.2275892,-15.254234,0.15648298,0.81758523,0.26929367,0.4843021
0.9286558,-0.51606464,-14.946888,0.65858084,0.51955396,-0.5217407,0.15531136
0.73351496,-1.2281908,-15.253778,0.15687402,0.81767046,0.26917937,0.4840951
0.9291977,-0.5193001,-14.946884,0.6586025,0.51946175,-0.5216522,0.1558247
0.73337674,-1.2287346,-15.253365,0.15722851,0.81773776,0.26911342,0.48390308
0.92965657,-0.5192647,-14.946881,0.6583902,0.5194096,-0.52199346,0.15575255
0.73325145,-1.2292273,-15.252991,0.15756555,0.8178089,0.268932,0.48377398
0.9313993,-0.5178767,-14.946878,0.6581008,0.51941997,-0.52234,0.15577962
0.73360884,-1.2297847,-15.252567,0.15788996,0.81779337,0.26878142,0.4837782
0.93154156,-0.51944774,-14.946877,0.65807545,0.51948625,-0.52223754,0.15600912
0.73288345,-1.2303661,-15.252126,0.1581113,0.81790245,0.26857102,0.4836384
0.9316571,-0.5180639,-14.946874,0.6578312,0.5195371,-0.52256143,0.15578467
0.73271763,-1.2317154,-15.251615,0.15849993,0.8178494,0.26852852,0.48362443
0.9317516,-0.51945716,-14.945609,0.6578441,0.51962817,-0.5223528,0.15612577
0.73403776,-1.2323549,-15.251089,0.15873766,0.8171978,0.26869157,0.4845565
0.9330295,-0.5182071,-14.944566,0.6568539,0.51939446,-0.52369094,0.1565891
0.73538023,-1.2330053,-15.250555,0.158806,0.8165924,0.26884383,0.4854695
0.93409735,-0.51716244,-14.943694,0.65611213,0.5191038,-0.52484375,0.1568031
0.7367251,-1.2336568,-15.25002,0.15874977,0.81604445,0.2690984,0.4862675
0.9350272,-0.5162529,-14.942935,0.65534395,0.51897156,-0.5258244,0.15716761
0.73804855,-1.234298,-15.249493,0.15867232,0.8155625,0.26925772,0.4870126
0.9372285,-0.51662505,-14.94218,0.65475214,0.51889735,-0.52644706,0.15779346
0.7404097,-1.2349259,-15.248977,0.15858486,0.81507385,0.2693962,0.4877819
0.93788004,-0.51695764,-14.9415045,0.6542768,0.51890415,-0.5269574,0.15803917
0.74268425,-1.2355307,-15.248481,0.15838291,0.8144581,0.2696294,0.48874623
0.93842864,-0.5159542,-14.940937,0.65358776,0.5190271,-0.5275787,0.15841322
0.7448335,-1.2361022,-15.248012,0.15812072,0.8139245,0.26988754,0.48957685
0.93891966,-0.51770777,-14.940428,0.6531166,0.51904565,-0.5279555,0.15903881
0.74821174,-1.2366428,-15.247566,0.15784463,0.81339896,0.27012548,0.49040747
0.94063616,-0.51528794,-14.939997,0.65240955,0.51912564,-0.52870214,0.15919955
0.7513337,-1.2371423,-15.247156,0.1574209,0.812758,0.27029464,0.49151188
0.94212896,-0.51318353,-14.939623,0.6518543,0.5190974,-0.52933484,0.15946351
0.7539283,-1.2361435,-15.248228,0.15685955,0.81213355,0.27044865,0.49263757
0.9434995,-0.515424,-14.939279,0.6516165,0.51885897,-0.5295931,0.16035105
0.7579099,-1.2367606,-15.247681,0.15641819,0.81141704,0.2705623,0.49389446
0.9446524,-0.513205,-14.938991,0.6511924,0.5188472,-0.5300816,0.16049795
0.76128024,-1.2357159,-15.248784,0.15581764,0.8108087,0.27072328,0.49499395
0.94567543,-0.51548165,-14.938733,0.6510988,0.5186515,-0.5301716,0.16121142
0.7641465,-1.2348274,-15.249723,0.1552517,0.8102255,0.27077433,0.4960976
0.9465602,-0.51457995,-14.938512,0.6508748,0.5185217,-0.53056437,0.16124125
0.76493025,-1.2341003,-15.25049,0.15474492,0.80977917,0.2708383,0.49694905
0.94733757,-0.5152701,-14.938317,0.65077937,0.5182474,-0.5308433,0.16158955
0.76720154,-1.2334769,-15.251148,0.1542861,0.8092643,0.27097207,0.49785677
0.9479973,-0.51436836,-14.938151,0.65056115,0.5180128,-0.53127354,0.16180652
0.76913685,-1.2329456,-15.251709,0.15390198,0.8088394,0.27102837,0.4986349
0.9501807,-0.5135546,-14.938003,0.6502363,0.5177692,-0.53188324,0.16188933
0.7707084,-1.2309148,-15.252165,0.15360521,0.8084329,0.27098414,0.49940905
0.9521209,-0.5145219,-14.93787,0.6501254,0.51739365,-0.5322395,0.16236404
0.77204955,-1.2308191,-15.252554,0.15388797,0.8083878,0.2701142,0.49986607
0.9577959,-0.51350397,-14.937745,0.64875275,0.5137545,-0.53722143,0.16300121
0.7731845,-1.2307379,-15.252884,0.15407018,0.8083803,0.26943317,0.5001895
0.96279335,-0.5168508,-14.937636,0.64814645,0.51116735,-0.5400555,0.16417725
0.77248895,-1.2290881,-15.253142,0.1542637,0.80852455,0.26873347,0.5002731
0.96696967,-0.51737255,-14.937545,0.647693,0.50930136,-0.5423094,0.16433676
0.77348524,-1.2308664,-15.253356,0.15466592,0.80858094,0.26822188,0.50033236
0.9702643,-0.51543266,-14.937472,0.64722437,0.5080371,-0.54403627,0.16438845
0.7727832,-1.2307866,-15.253526,0.15481932,0.8086823,0.26778007,0.5003576
0.97538185,-0.52134204,-14.937414,0.64719355,0.5068528,-0.5449023,0.16529453
0.7737049,-1.2307175,-15.253673,0.15497611,0.80880636,0.26736543,0.5003304
0.9793403,-0.5207248,-14.93737,0.64688224,0.50597143,-0.5460702,0.16535962
0.7729901,-1.2306625,-15.25379,0.15500592,0.8088851,0.2671063,0.50033224
0.97963583,-0.5202749,-14.937337,0.64685285,0.505139,-0.5469294,0.16517946
0.7738524,-1.2306147,-15.253892,0.15512,0.80838895,0.26737848,0.500953
0.98538655,-0.5226848,-14.937311,0.6453801,0.5019633,-0.5510236,0.16700429
0.7731372,-1.2305762,-15.253974,0.15509975,0.8080949,0.2676982,0.50126284
0.98957646,-0.5216194,-14.940114,0.6449514,0.5004055,-0.55285525,0.16728173
0.77395064,-1.2305428,-15.254045,0.15506124,0.8079246,0.26792988,0.5014255
0.99258566,-0.52085423,-14.942128,0.64511716,0.49977508,-0.5533273,0.16696632
0.77324384,-1.2305157,-15.254102,0.15487826,0.80787504,0.26822463,0.5014043
0.99465436,-0.528759,-14.943511,0.6457162,0.49956754,-0.5525791,0.16774744
0.7726677,-1.2304938,-15.2541485,0.15465355,0.80789685,0.2684746,0.50130475
0.9961328,-0.5287318,-14.9445,0.64566284,0.49973628,-0.5525696,0.16748145
0.77349186,-1.2318134,-15.254191,0.15452303,0.807717,0.26920125,0.501245
0.99173015,-0.5287137,-14.945162,0.6461131,0.50110537,-0.5508604,0.16728485
0.77422726,-1.2329909,-15.254229,0.15432417,0.8075712,0.26990563,0.5011626
0.9887208,-0.52870125,-14.945615,0.6463948,0.5023032,-0.54942524,0.1673241
0.7735041,-1.2339503,-15.254259,0.15408996,0.8074803,0.27068365,0.5009614
0.98662376,-0.5286926,-14.9459305,0.6466355,0.5035107,-0.54792625,0.16767935
0.7728981,-1.236039,-15.254285,0.15404421,0.8073419,0.27150062,0.5007564
0.985136,-0.5286865,-14.946155,0.6467865,0.50461084,-0.54670286,0.16778316
0.7711787,-1.237758,-15.253086,0.15382881,0.8072489,0.27262938,0.5003592
0.98186624,-0.52868205,-14.946317,0.64724845,0.50694203,-0.543983,0.16781455
0.7709067,-1.2392141,-15.252069,0.1536767,0.8070838,0.27364492,0.5001177
0.9794698,-0.52659255,-14.946435,0.6472495,0.5088966,-0.542293,0.16736415
0.7706634,-1.2405161,-15.251162,0.15347281,0.8069735,0.274638,0.49981382
0.9776873,-0.52702034,-14.944541,0.6474469,0.51038074,-0.5406947,0.1672526
0.7704397,-1.2429826,-15.250326,0.1533758,0.80683666,0.2754843,0.4995988
0.9744602,-0.52922577,-14.943113,0.6476953,0.51166606,-0.5391705,0.16728356
0.770236,-1.2452283,-15.249566,0.1533377,0.80671185,0.27625775,0.49938494
0.971995,-0.5291218,-14.942022,0.6476516,0.5127926,-0.5382131,0.16708685
0.7700528,-1.2472492,-15.248881,0.15333699,0.80658245,0.27698755,0.49918985
0.97008884,-0.52734214,-14.942878,0.64758474,0.51370746,-0.5375407,0.16669963
0.76988494,-1.2505912,-15.248255,0.15336712,0.8064251,0.27769548,0.49904138
0.9685981,-0.5259503,-14.941932,0.647415,0.51458853,-0.536988,0.16642222
0.7697451,-1.2504361,-15.247733,0.15330613,0.8062901,0.27833268,0.49892345
0.96588624,-0.52485013,-14.941184,0.6473243,0.5153526,-0.5364161,0.16625498
0.77111536,-1.2503029,-15.247284,0.15326065,0.8060047,0.27882692,0.49912235
0.9651779,-0.5225148,-14.940588,0.64662987,0.51646376,-0.5361811,0.16626762
0.7722153,-1.2487801,-15.246923,0.15300845,0.80588794,0.27851593,0.49956176
0.96322286,-0.5220166,-14.940107,0.6459986,0.51661044,-0.53672403,0.16651404
0.77176124,-1.2475466,-15.246632,0.1527863,0.80582166,0.27815005,0.49994037
0.9642628,-0.5216115,-14.939716,0.64545625,0.5165548,-0.53733146,0.16683036
0.77266806,-1.2452607,-15.246393,0.15256007,0.80574805,0.27775738,0.5003463
0.9638665,-0.5200301,-14.939396,0.6450987,0.5163875,-0.53788203,0.16695684
0.773415,-1.244592,-15.246197,0.15239681,0.8056781,0.27743763,0.50068593
0.96472555,-0.5210964,-14.939131,0.64481634,0.5160602,-0.5384236,0.16731364
0.774035,-1.2428836,-15.246034,0.15218236,0.80560166,0.27709097,0.5010661
0.96431357,-0.520857,-14.9389105,0.6446239,0.5157369,-0.5389358,0.1674033
0.7756489,-1.242551,-15.245898,0.15203944,0.8054806,0.27680793,0.5014603
0.965039,-0.52172714,-14.938725,0.644436,0.51532227,-0.5394844,0.167636
0.77703375,-1.2412044,-15.245781,0.15193582,0.805304,0.2764678,0.5019627
0.9666689,-0.5214443,-14.938569,0.6441605,0.5147753,-0.54032177,0.16767879
0.77719617,-1.2390584,-15.245682,0.15162621,0.8049902,0.2762781,0.5026636
0.96805346,-0.52120405,-14.9384365,0.6438478,0.5139994,-0.5414408,0.16765039
0.77929586,-1.2381716,-15.246575,0.15129928,0.8044621,0.2763174,0.5035852
0.9710729,-0.5209988,-14.938323,0.6433931,0.5131415,-0.5427883,0.16766627
0.78019613,-1.2373804,-15.247372,0.15096088,0.80400854,0.27636868,0.5043824
0.97192276,-0.52082235,-14.938226,0.64316463,0.51244134,-0.54372674,0.16764347
0.7820988,-1.2366211,-15.2481365,0.15055087,0.8035524,0.27646783,0.5051767
0.9734855,-0.52067,-14.938141,0.64296395,0.5119419,-0.5444339,0.16764429
0.7839052,-1.2359003,-15.248863,0.1501288,0.8029143,0.27664495,0.50621897
0.97406775,-0.5197297,-14.938066,0.6428113,0.511714,-0.5448123,0.16769613
0.7856197,-1.2364016,-15.249552,0.14983721,0.80231047,0.27687687,0.50713515
0.9746279,-0.51967037,-14.937994,0.6426279,0.5115179,-0.54518014,0.16780235
0.78721535,-1.2368681,-15.250194,0.1496083,0.8018349,0.2770349,0.507868
0.9751556,-0.5187413,-14.937926,0.6424399,0.5113813,-0.5455093,0.16786851
0.7886513,-1.2359848,-15.250771,0.14925219,0.8013593,0.27708566,0.50869495
0.97565407,-0.51877093,-14.937862,0.64237,0.5113496,-0.5455914,0.16796571
0.7914117,-1.2351564,-15.251311,0.14893477,0.8009091,0.2770545,0.5095134
0.9771554,-0.51779807,-14.9377985,0.6422178,0.5113517,-0.545743,0.16804843
0.7923444,-1.2330538,-15.251769,0.14846306,0.80069125,0.27683967,0.51010984
0.97861964,-0.5168493,-14.9377365,0.64209914,0.51130337,-0.5459183,0.16807966
0.7931578,-1.2326515,-15.252169,0.14828867,0.8005247,0.27654067,0.51058394
0.9788272,-0.51600355,-14.937681,0.64208215,0.51120794,-0.5460518,0.16800125
0.79539466,-1.2307832,-15.252526,0.1480194,0.80034316,0.27628508,0.51108474
0.9802047,-0.5151982,-14.937628,0.6420224,0.5111443,-0.54620016,0.16794135
0.7957762,-1.230715,-15.25283,0.14781228,0.8002109,0.2762293,0.51138186
0.9814697,-0.5156938,-14.937579,0.64202,0.5110432,-0.5462799,0.16799867
0.7960931,-1.2291586,-15.253082,0.14748389,0.800296,0.27583805,0.51155466
0.9813393,-0.51490456,-14.937538,0.64202857,0.511005,-0.5463442,0.16787274
0.79795295,-1.2293547,-15.253306,0.14756921,0.8002338,0.27547142,0.51182485
0.98249775,-0.51289976,-14.937499,0.64200824,0.51091295,-0.546525,0.16764204
0.79792947,-1.2279736,-15.2534895,0.14749563,0.8003182,0.27506474,0.51193297
0.9835479,-0.512419,-14.937464,0.64204746,0.5107599,-0.5466732,0.16747545
0.79498285,-1.226872,-15.255099,0.14706525,0.800662,0.2749446,0.51158357
0.9805971,-0.5132957,-14.938705,0.6427941,0.5110183,-0.54555845,0.16745767
0.7940006,-1.2259848,-15.256395,0.14683624,0.80083895,0.2748809,0.51140654
0.9781642,-0.51281214,-14.939729,0.64339936,0.511371,-0.54453635,0.16738315
0.7932025,-1.225264,-15.257449,0.1466674,0.8010111,0.27476424,0.5112481
0.97614306,-0.5124104,-14.940579,0.64389825,0.5118223,-0.5435576,0.16726659
0.79254854,-1.2246733,-15.258313,0.1464451,0.80114526,0.27470297,0.51113445
0.97445184,-0.51207423,-14.94129,0.64431834,0.51229894,-0.5425982,0.16730519
0.790816,-1.2241853,-15.259027,0.14625154,0.80128044,0.27471644,0.5109708
0.97199285,-0.5128254,-14.94189,0.644766,0.512831,-0.54156387,0.16730198
0.7905071,-1.2237793,-15.25962,0.14607057,0.8013667,0.27473375,0.5108779
0.96990824,-0.5144449,-14.942398,0.6451426,0.51336664,-0.54058003,0.16738915
0.7902482,-1.2245152,-15.260118,0.14599992,0.8014371,0.27478412,0.5107606
0.9681303,-0.5139591,-14.942831,0.6454264,0.5139015,-0.5397366,0.16737564
0.7890074,-1.225136,-15.260536,0.14588414,0.8015077,0.2748615,0.51064116
0.96660525,-0.5135424,-14.943203,0.6456914,0.5144041,-0.5389711,0.16727588
0.7898965,-1.2246919,-15.259921,0.14559905,0.80134135,0.2750947,0.51085794
0.9652901,-0.5131831,-14.94268,0.645796,0.5150617,-0.5382575,0.16714673
0.7925011,-1.2252353,-15.259396,0.14544362,0.800142,0.27666485,0.51193315
0.96495056,-0.5120713,-14.942228,0.6456419,0.5151963,-0.53828204,0.1672475
0.7963193,-1.227208,-15.258466,0.14520942,0.79759395,0.27994585,0.5141872
0.96584094,-0.5123847,-14.941489,0.6452513,0.51505417,-0.5387732,0.16761127
0.8000179,-1.2299364,-15.257975,0.14526315,0.7960911,0.28167656,0.5155541
0.966883,-0.51217467,-14.941187,0.6449722,0.51476914,-0.5393162,0.1678147
0.80372083,-1.2313311,-15.257484,0.14518459,0.79495585,0.2829819,0.51661193
0.9678022,-0.51264125,-14.940919,0.64473754,0.51445055,-0.53982735,0.16804963
0.8089303,-1.2311745,-15.256999,0.14483821,0.79394525,0.2838553,0.51778287
0.96923554,-0.5130545,-14.940682,0.64450383,0.5140127,-0.54045576,0.16826597
0.81196904,-1.2310334,-15.256561,0.14461358,0.7933012,0.28446138,0.51849973
0.9705096,-0.51401013,-14.940473,0.6443034,0.51355135,-0.5410713,0.16846402
0.81462127,-1.2326477,-15.25618,0.1446095,0.79277366,0.28477758,0.51913375
0.9722046,-0.51374453,-14.940285,0.64406806,0.5131089,-0.54173726,0.16857198
0.81883377,-1.2322007,-15.255843,0.14455594,0.79239714,0.28485996,0.51967794
0.97319037,-0.51350695,-14.940117,0.64389294,0.512659,-0.54235303,0.16862927
0.82039225,-1.2318319,-15.255565,0.144499,0.7922761,0.28490362,0.5198545
0.97407514,-0.5132936,-14.939966,0.64367795,0.51220375,-0.5430204,0.16868594
0.821632,-1.2296321,-15.25725,0.14426865,0.7923656,0.28465727,0.51991683
0.9756659,-0.51365185,-14.939797,0.6434248,0.5116216,-0.543818,0.1688489
0.82465535,-1.2317684,-15.25667,0.14451763,0.7923068,0.28452542,0.52000964
0.9774371,-0.51405066,-14.93961,0.6431274,0.5108675,-0.54484963,0.1689392
0.8271404,-1.2314651,-15.256194,0.14457306,0.79237354,0.2842022,0.52006906
0.98034996,-0.5127496,-14.939394,0.6427189,0.5099912,-0.5461597,0.16891116
0.8270363,-1.2332441,-15.255829,0.14462045,0.7925004,0.2842011,0.51986325
0.98226416,-0.51432735,-14.939181,0.6423683,0.50907195,-0.5473737,0.16908813
0.8231357,-1.2345803,-15.255554,0.14539899,0.79430157,0.2833112,0.51737696
0.98532146,-0.51377445,-14.940051,0.64188486,0.507558,-0.5492559,0.16937172
0.8219825,-1.2355974,-15.255345,0.14615077,0.795412,0.28272516,0.51577735
0.9883453,-0.51444113,-14.939698,0.6414462,0.50615203,-0.550922,0.16982938
0.821094,-1.236381,-15.255185,0.14673641,0.7962414,0.28225192,0.5145892
0.9912316,-0.5150775,-14.93936,0.6410578,0.5049129,-0.5523439,0.17036514
0.8187627,-1.2353534,-15.255059,0.14709537,0.79696846,0.2818905,0.5135582
0.9939046,-0.5156667,-14.939047,0.64064,0.50389296,-0.5536029,0.17086889
0.8153689,-1.2361002,-15.253404,0.14748333,0.7976644,0.28162152,0.512513
0.996318,-0.5146894,-14.938764,0.64014804,0.5032102,-0.55465716,0.17130531
0.8141458,-1.2366948,-15.253565,0.14776213,0.7981425,0.28147683,0.5117673
0.99844646,-0.51540667,-14.938515,0.63980556,0.502718,-0.5553209,0.1718787
0.8117576,-1.2371727,-15.253694,0.14818019,0.79870725,0.2812511,0.5108887
1.002019,-0.5160443,-14.939974,0.6391532,0.5026374,-0.5558556,0.17281051
0.8098205,-1.2375604,-15.253798,0.14849621,0.7991047,0.28115276,0.5102291
1.0016217,-0.51655185,-14.941134,0.6387391,0.5026786,-0.5560804,0.17349702
0.80823576,-1.2378775,-15.253883,0.14837745,0.7989736,0.28129563,0.5103902
1.0029384,-0.51532847,-14.940465,0.6380217,0.5037105,-0.55581903,0.17398098
0.8069288,-1.2381389,-15.253954,0.14826465,0.79879695,0.28141144,0.51063555
1.0023944,-0.5143513,-14.939931,0.6375683,0.5045683,-0.5554575,0.17431156
0.809138,-1.2385381,-15.254062,0.14808601,0.7981925,0.28138545,0.51164603
1.0013821,-0.51285994,-14.939117,0.6371853,0.5058735,-0.5546199,0.17459609
0.8110187,-1.2386914,-15.254103,0.14794275,0.79786646,0.2813423,0.51221937
1.0011183,-0.51380974,-14.93883,0.6372024,0.50641555,-0.5540237,0.17485493
0.8116324,-1.2388214,-15.254138,0.14780945,0.79763234,0.2812043,0.51269805
1.0009061,-0.5145737,-14.938601,0.6371502,0.5068885,-0.5535951,0.17503177
0.8130879,-1.2380003,-15.2541685,0.14771585,0.7974146,0.28099626,0.5131776
1.0007322,-0.5138566,-14.938412,0.63711834,0.5072173,-0.5533559,0.17495173
0.8134511,-1.2364103,-15.254194,0.14756784,0.7974004,0.28053582,0.513494
1.0005878,-0.5132618,-14.93955,0.6370685,0.5074405,-0.5532285,0.17488894
0.8137644,-1.2358801,-15.254217,0.14748278,0.7974254,0.280203,0.5136613
1.0004692,-0.5152341,-14.939256,0.6371521,0.50760263,-0.55294037,0.175025
0.8124377,-1.2354207,-15.254235,0.14743571,0.7975617,0.2797729,0.5136976
0.99920183,-0.51569885,-14.939012,0.6371978,0.5076747,-0.5528286,0.17500293
0.81280047,-1.2342613,-15.254252,0.14745085,0.7976466,0.27931416,0.5138112
0.99925494,-0.51386535,-14.9399185,0.6371221,0.5077196,-0.5529144,0.17487721
0.8123967,-1.233968,-15.254988,0.14754243,0.797772,0.27891606,0.5138064
1.0003982,-0.5144575,-14.94071,0.6370765,0.5077535,-0.5528987,0.17499438
0.81204194,-1.2337103,-15.255634,0.14765868,0.79789346,0.27851495,0.513802
1.0014404,-0.51273984,-14.941433,0.63699347,0.50769347,-0.5530828,0.17488904
0.8117289,-1.2328321,-15.256205,0.1477481,0.7980405,0.27814382,0.513749
1.0012374,-0.5123636,-14.942053,0.63700265,0.5075904,-0.5531619,0.17490417
0.8114516,-1.2326725,-15.25671,0.14783621,0.79817486,0.27786535,0.51366556
1.0021573,-0.5142298,-14.942603,0.63702285,0.5074749,-0.5531957,0.1750588
0.81120515,-1.2325306,-15.257159,0.14791462,0.79832083,0.2776039,0.51355743
1.0018814,-0.51370066,-14.943073,0.63701487,0.5073491,-0.5533423,0.17498943
0.81098527,-1.2324042,-15.25756,0.14798772,0.79845273,0.2773918,0.513446
1.0027251,-0.5143118,-14.943505,0.6370493,0.50714886,-0.55342317,0.17518874
0.81078863,-1.232291,-15.257918,0.14799282,0.79855067,0.27721748,0.51338637
1.0023901,-0.5148305,-14.943872,0.6369513,0.5070165,-0.5535193,0.17562403
0.810612,-1.2321893,-15.25824,0.14799482,0.79859024,0.2770967,0.5133894
1.0031694,-0.5153088,-14.94421,0.6368058,0.50685424,-0.55369395,0.17606917
0.8099746,-1.232098,-15.25853,0.14798985,0.7986437,0.27697748,0.51337194
1.0038822,-0.51574624,-14.94452,0.6366887,0.5066986,-0.55382735,0.17651984
0.8103083,-1.2320154,-15.258792,0.14800057,0.7986406,0.27688125,0.5134256
1.0045257,-0.51499385,-14.944799,0.6364671,0.5066121,-0.5540423,0.17689262
0.8106103,-1.2319407,-15.25946,0.14804919,0.7985973,0.27671632,0.51356786
1.0050995,-0.51548475,-14.946211,0.6362319,0.5064691,-0.5542439,0.17751561
0.8104741,-1.2322832,-15.259656,0.14846179,0.79884577,0.27637544,0.5132458
1.0044751,-0.5158947,-14.947389,0.6360413,0.5072951,-0.5533498,0.17862579
0.81035024,-1.2325946,-15.259834,0.1488063,0.7990514,0.27607957,0.5129851
1.00395,-0.51623946,-14.94838,0.63585883,0.50802153,-0.55264854,0.17938031
0.8102325,-1.2325045,-15.260005,0.14911717,0.7992223,0.27582964,0.51276296
1.0035055,-0.51553506,-14.94922,0.63565564,0.50874007,-0.552045,0.17992193
0.810114,-1.2328187,-15.26058,0.14938025,0.7993128,0.275671,0.5126307
1.0021808,-0.5149353,-14.948987,0.6354914,0.5097106,-0.5512741,0.18011877
0.8104512,-1.233167,-15.261218,0.14964911,0.799413,0.27548942,0.5124935
1.0010461,-0.5144216,-14.949688,0.63533235,0.5105413,-0.55064607,0.180248
0.8102948,-1.2335175,-15.26186,0.14994131,0.79953235,0.27529913,0.5123241
1.000923,-0.5139792,-14.950291,0.63522774,0.5112617,-0.5500632,0.18035479
0.8101369,-1.2338715,-15.262508,0.15029204,0.7997499,0.27504098,0.5120204
1.0000052,-0.5135963,-14.950812,0.6352224,0.51195735,-0.54942244,0.18035336
0.8099777,-1.2342285,-15.263163,0.15066281,0.80000174,0.27477157,0.5116626
0.99997765,-0.51403403,-14.951267,0.6352858,0.51250917,-0.5488134,0.18041699
0.8098178,-1.2345868,-15.26382,0.15103576,0.8002975,0.274493,0.51123947
0.99922127,-0.5136843,-14.951663,0.63534343,0.5130209,-0.548258,0.18044816
0.80906713,-1.234923,-15.264435,0.15145867,0.8006558,0.27416644,0.51072836
0.99786186,-0.5133773,-14.952012,0.63546354,0.51345235,-0.54772824,0.18040682
0.80781573,-1.2352253,-15.264989,0.15185115,0.80111194,0.27379653,0.5100945
0.99666387,-0.51376766,-14.952318,0.6356422,0.51377374,-0.5472435,0.18033339
0.80662614,-1.2360954,-15.265516,0.15234141,0.80155486,0.27347103,0.50942665
0.99560404,-0.5147408,-14.952589,0.6358614,0.5140016,-0.54679286,0.18027838
0.80476415,-1.2363524,-15.266696,0.15281619,0.80209374,0.27305144,0.50866073
0.99466294,-0.5150085,-14.953427,0.6360435,0.5141937,-0.54641247,0.18024169
0.80277807,-1.2373556,-15.267955,0.15352522,0.80265796,0.27263498,0.50777996
0.99382436,-0.51524705,-14.954173,0.6362209,0.5143296,-0.54608685,0.18021469
0.80068284,-1.2384139,-15.269282,0.15442353,0.8031197,0.2721881,0.5070166
0.9930747,-0.5154603,-14.954841,0.6364234,0.5143598,-0.545834,0.18017924
0.79518336,-1.2450161,-15.277541,0.15705669,0.80398494,0.27125803,0.5053322
0.9913797,-0.5141175,-14.957484,0.63670653,0.5146006,-0.5452283,0.18032551
0.7897627,-1.2658366,-15.298607,0.16101494,0.8059249,0.2694876,0.5019321
0.9873884,-0.5114094,-14.96284,0.63704354,0.51507455,-0.544248,0.18074268
0.79626334,-1.3589427,-15.409753,0.16983303,0.81297684,0.26408136,0.4903943
0.9556008,-0.5001726,-15.024022,0.63679856,0.5184439,-0.541232,0.18102883
0.78512996,-1.5278897,-15.638782,0.1847962,0.82558966,0.25434133,0.46857512
0.860821,-0.45159575,-15.220759,0.63591385,0.529483,-0.53160256,0.18072127
0.7648977,-1.5995904,-15.7378,0.19053352,0.83065385,0.25065315,0.45922136
0.8116875,-0.42840675,-15.316203,0.63538074,0.53635496,-0.52539784,0.18047705
0.7499295,-1.6610962,-15.83491,0.19591041,0.83484757,0.24741371,0.451038
0.76399046,-0.41037968,-15.404967,0.63488084,0.54315466,-0.51899076,0.18043832
0.73160106,-1.722943,-15.929687,0.20149843,0.83837175,0.2442617,0.44369745
0.7129878,-0.37437335,-15.492863,0.6342034,0.54946536,-0.51327604,0.1800599
0.69938254,-1.7907118,-16.028955,0.20693778,0.84156364,0.2412327,0.4367541
0.655638,-0.33521518,-15.572873,0.63347083,0.55503243,-0.5082577,0.17979938
0.655537,-1.8471556,-16.135475,0.2122014,0.84445477,0.23804873,0.43034822
0.5900806,-0.30670896,-15.648158,0.63289773,0.559925,-0.5034678,0.18012393
0.5881134,-1.9055343,-16.2369,0.21716496,0.8472684,0.23504686,0.4239442
0.51498836,-0.2648355,-15.733258,0.63231385,0.5639892,-0.49975586,0.17983156
-0.38827997,-2.3240333,-17.349773,0.24937642,0.860861,0.22243515,0.38373497
-0.45811296,0.07857563,-16.663626,0.6261896,0.5808584,-0.48947576,0.17579421
-1.1615857,-2.5450099,-18.07998,0.27431887,0.86798805,0.21592465,0.35316074
-1.1800015,0.30886242,-17.263153,0.61647844,0.59810275,-0.48207852,0.17270719
-1.7508391,-2.6536841,-18.53093,0.28607208,0.8693705,0.21613881,0.34006137
-1.7354925,0.46163705,-17.632442,0.6104465,0.6049247,-0.48152024,0.17192905
-2.0572698,-2.691542,-18.770306,0.29262698,0.869749,0.21594237,0.3335791
-2.0234537,0.52295077,-17.81396,0.6061295,0.6097967,-0.48091125,0.17169543
-2.3338797,-2.7452533,-18.941225,0.2981479,0.8696193,0.21577406,0.3291073
-2.2886682,0.58135176,-17.950226,0.6030865,0.6138385,-0.47971997,0.17134102
-3.0877256,-2.8904066,-19.360579,0.3109644,0.86725074,0.21289644,0.32534975
-3.0044062,0.76915526,-18.328966,0.59733284,0.6208535,-0.4783693,0.16999198
-3.6626675,-2.9849584,-19.61294,0.32008004,0.86478764,0.20778674,0.32636768
-3.5460377,0.8997323,-18.56075,0.5922222,0.6250894,-0.47845164,0.17210518
-4.0237265,-3.026938,-19.763378,0.32491437,0.86305964,0.20425804,0.32838622
-3.877365,0.9873653,-18.691692,0.58639395,0.62908447,-0.47900093,0.17593502
-4.9033575,-3.1506793,-20.008776,0.33358434,0.8588329,0.19947854,0.33367047
-4.6895323,1.1740654,-18.917812,0.5756729,0.63348335,-0.48265806,0.18531287
-5.356113,-3.213876,-20.119371,0.3384266,0.8559851,0.19632524,0.33795482
-5.128795,1.2575436,-19.001486,0.56760854,0.6365503,-0.48553267,0.1920476
-5.708114,-3.264964,-20.19532,0.34294996,0.8528851,0.19371739,0.34270388
-5.493477,1.2973083,-19.079739,0.56185555,0.63775796,-0.48854667,0.19724444
-6.0784125,-3.3059406,-20.241268,0.34525406,0.85077095,0.19122444,0.34701818
-5.858622,1.3283304,-19.126148,0.5573415,0.6385245,-0.49098867,0.20146246
-6.3985424,-3.360274,-20.296597,0.34762123,0.847933,0.18895952,0.35279378
-6.2007904,1.3960524,-19.158499,0.5519801,0.64006615,-0.49330756,0.20562351
-6.793226,-3.3865201,-20.299973,0.34902015,0.84591746,0.18592572,0.357827
-6.5691223,1.4095969,-19.188036,0.5480851,0.64073026,-0.49520048,0.20938978
-7.1325655,-3.4837458,-20.300646,0.35197178,0.84278136,0.1826534,0.36396876
-6.958067,1.3892366,-19.224703,0.5458123,0.64018863,-0.49701288,0.21266314
-7.5053062,-3.5641966,-20.270332,0.3548331,0.839762,0.17916822,0.36985403
-7.320375,1.4082336,-19.239727,0.5435968,0.63939106,-0.49924326,0.21549426
-7.8554006,-3.5960195,-20.25647,0.3564753,0.83714795,0.17461699,0.37632117
-7.6773553,1.4812404,-19.23504,0.53989804,0.63983,-0.501217,0.21888171
-8.761649,-3.8110223,-20.089853,0.36030227,0.8315458,0.16521488,0.38912457
-8.717654,1.4804623,-19.211037,0.53627,0.6368589,-0.50612843,0.22507618
-9.23828,-3.8666055,-20.000763,0.3632623,0.8269726,0.15607631,0.3997462
-9.217922,1.526445,-19.175476,0.53252673,0.63442355,-0.51054937,0.23078454
-9.895544,-3.9743552,-19.826866,0.36576998,0.821593,0.14652026,0.41198206
-9.933151,1.6202282,-19.091467,0.5280608,0.6306839,-0.51691335,0.23704492
-10.285082,-4.014587,-19.727198,0.36683002,0.8168407,0.13864353,0.42306632
-10.368407,1.6697438,-19.043905,0.52422637,0.6272813,-0.52242726,0.24243493
-11.352632,-4.1007476,-19.483671,0.36745995,0.8061716,0.12564814,0.44640023
-11.555578,1.796973,-18.918684,0.5185928,0.61694795,-0.5349388,0.25352994
-11.896085,-4.096235,-19.382214,0.36653212,0.800408,0.120091,0.4588894
-12.215453,1.8742661,-18.817106,0.51685363,0.6103813,-0.5419091,0.258131

