ICVP Direct Stim Program 4.0.1+v4.0.1 - RelativeLocations
Updated at: 2022-08-22--20-49-44
Subject ID: CKT
Tester ID: kstipp
Direct Stimulation Input from the UI

UserID ; Time ; Electrodes ; Frequency (Hz) ; Cathodic Phase Duration (us) ; Train Length (ms) ; Duty On (ms); Duty Off (ms) ; Inter-train Length (ms) ; Amplitude (uA) ; Sent to Gateway ; Response ; Response Latency (ms) ; Response Duration (ms) ; Comments
kstipp ; 2022-08-22--20-49-44 ; 1500-1501-1504-1505 , 1500-1501-1504-1505-6900-6901-6904-6905 ; 200 ; 200 ; 1000 ; 1000 ; 0 ; 0 ; 40 ; True ;  ;  ;  ; moved down. 1st was 4 peas in diamond. couldnt determine second one. lighter than background

Position t,Position u,Position v,Orientation w,Orientation x,Orientation y,Orientation z
0.69919366,-1.2587671,-15.226823,0.15422237,0.8395175,0.25900438,0.4520428
0.9915445,-0.51689947,-14.966082,0.65736806,0.519746,-0.51737744,0.1733551
0.6983544,-1.2576839,-15.227814,0.15427567,0.8396048,0.25882417,0.4519656
0.9900755,-0.5171845,-14.966082,0.65743387,0.519608,-0.5173834,0.17350146
0.6970578,-1.2579944,-15.229343,0.1547998,0.8398554,0.25816014,0.45170063
0.98892224,-0.5176147,-14.967229,0.65750223,0.51952964,-0.51727605,0.17379653
0.69655406,-1.2590865,-15.229938,0.15520611,0.8400081,0.2577463,0.45151344
0.9890501,-0.51777804,-14.968188,0.6575126,0.51959497,-0.51713306,0.17398767
0.6952011,-1.2590964,-15.230445,0.15542316,0.8402423,0.25732884,0.45124093
0.98812234,-0.51791555,-14.968997,0.65760225,0.5197559,-0.51681775,0.17410505
0.69491583,-1.2599815,-15.230881,0.1556556,0.8403808,0.25716257,0.4509977
0.9883195,-0.5190158,-14.969682,0.6576103,0.5198897,-0.5165941,0.17433856
0.69466954,-1.2599128,-15.231257,0.15582499,0.84056824,0.2568754,0.45075342
0.98848957,-0.5190196,-14.970273,0.6575923,0.5199931,-0.5164801,0.17443594
0.69366467,-1.2598532,-15.231584,0.15591022,0.8407925,0.25665963,0.45042846
0.98773754,-0.51902294,-14.969883,0.6576736,0.5201267,-0.51626515,0.1743677
0.69278866,-1.2590498,-15.231869,0.15596293,0.84101236,0.25646386,0.45011115
0.9879427,-0.5190258,-14.969546,0.65761006,0.52027565,-0.5162046,0.17434229
0.6920214,-1.2597741,-15.231404,0.15613917,0.8411914,0.2564383,0.44972995
0.9873101,-0.5198384,-14.969254,0.6577197,0.5202885,-0.51606554,0.17430198
0.69134676,-1.2597327,-15.231674,0.15624845,0.8413948,0.25629488,0.4493932
0.98752946,-0.5205453,-14.969001,0.6576966,0.5202738,-0.5160979,0.17433709
0.69075114,-1.2596962,-15.231268,0.15638837,0.8415485,0.2562824,0.44906375
0.9877251,-0.5204296,-14.968774,0.6576746,0.5202938,-0.5161457,0.1742186
0.68961096,-1.2602761,-15.230907,0.15652749,0.84175384,0.2562728,0.44863564
0.9879045,-0.52032346,-14.968566,0.6576948,0.52010304,-0.51632315,0.17418602
0.68917835,-1.2602103,-15.230587,0.15670064,0.8418844,0.25625736,0.44833902
0.98894095,-0.52105904,-14.968348,0.6576426,0.51995516,-0.51647586,0.174372
0.68823975,-1.2601516,-15.230301,0.15675111,0.84202564,0.2562965,0.44803366
0.9890368,-0.5208857,-14.968152,0.65765446,0.5197251,-0.51670665,0.17432968
0.6873993,-1.2606239,-15.230045,0.15689893,0.8421425,0.25633588,0.44773957
0.9891266,-0.52157617,-14.967969,0.6577014,0.51953316,-0.5167954,0.1744613
0.68714315,-1.2610481,-15.2298155,0.15702993,0.84221774,0.25634572,0.44754645
0.9883942,-0.5221739,-14.967811,0.65781,0.5192786,-0.51690346,0.17448974
0.6869124,-1.2609564,-15.229608,0.15710887,0.84231025,0.25632858,0.44735456
0.98853236,-0.522716,-14.967667,0.6577654,0.51902163,-0.51714426,0.17470878
0.68651533,-1.2607987,-15.229252,0.15721896,0.84243786,0.25635853,0.44705823
0.9887718,-0.5229451,-14.967417,0.65783715,0.51841456,-0.5175029,0.17517838
0.686344,-1.2611368,-15.229505,0.15730941,0.84246206,0.25634703,0.4469874
0.9898007,-0.5234858,-14.967291,0.6577878,0.5180175,-0.51785004,0.17551206
0.68657404,-1.2614444,-15.229348,0.15737349,0.8424811,0.25631478,0.44694746
0.9898246,-0.52398396,-14.9681,0.6577612,0.5176825,-0.51813024,0.17577319
0.68641716,-1.2613585,-15.229572,0.15741962,0.8425105,0.25624347,0.4469166
0.9898467,-0.524444,-14.968845,0.65783566,0.51726955,-0.5183297,0.1761218
0.6862739,-1.26128,-15.229777,0.15737772,0.8425391,0.2561692,0.44692022
0.9898668,-0.52486277,-14.968572,0.65783715,0.51704663,-0.51848704,0.17630716
0.6861427,-1.2612079,-15.229965,0.15739542,0.8425698,0.25604457,0.44692743
0.9898853,-0.5252474,-14.969293,0.6577427,0.51682484,-0.51876706,0.17648645
0.68570805,-1.2608275,-15.230138,0.15732771,0.84261894,0.25591207,0.44693458
0.99096817,-0.52562624,-14.970002,0.65758103,0.51651514,-0.51921076,0.17669056
0.68590575,-1.2607768,-15.230296,0.1573278,0.84259766,0.25573456,0.4470761
0.99190694,-0.5249166,-14.969579,0.65733165,0.5163906,-0.5195855,0.1768809
0.6858041,-1.2607299,-15.230442,0.15731354,0.8425922,0.2555798,0.44717994
0.9927943,-0.52534574,-14.969179,0.65721315,0.5161267,-0.51993227,0.17707224
0.6857104,-1.2606866,-15.230576,0.15728243,0.8425768,0.25541413,0.44731453
0.99362093,-0.5257456,-14.968807,0.65705186,0.51597416,-0.5202185,0.17727478
0.6858798,-1.2606467,-15.2307,0.1572694,0.8425144,0.25528082,0.44751275
0.9957031,-0.5261342,-14.968444,0.65685767,0.5156988,-0.5206163,0.17762743
0.6857934,-1.26061,-15.230571,0.1572239,0.8424773,0.25516215,0.4476662
0.9962447,-0.5264808,-14.968122,0.6566774,0.5156518,-0.5208085,0.17786682
0.6859443,-1.2605758,-15.230682,0.15718699,0.8423976,0.25501394,0.44791368
0.9967238,-0.52678734,-14.967836,0.65664935,0.51548904,-0.5209556,0.17801115
0.6860842,-1.2605441,-15.230566,0.15718113,0.84235185,0.2547779,0.44813588
0.99861836,-0.5270711,-14.967572,0.6565168,0.5152921,-0.5212512,0.17820504
0.68642265,-1.2605147,-15.230458,0.15719691,0.8422831,0.25459066,0.4483659
0.998777,-0.52731377,-14.967346,0.65666497,0.5150865,-0.5212109,0.17837137
0.6865391,-1.2604874,-15.230358,0.15723266,0.842242,0.25437817,0.44855115
0.99891233,-0.5275209,-14.967153,0.6566323,0.51498467,-0.52132726,0.17844574
0.68664974,-1.2602693,-15.230456,0.15724239,0.84221953,0.2540427,0.44878003
0.99902976,-0.5292069,-14.966985,0.6567078,0.5148949,-0.52121705,0.17874847
0.6867582,-1.2600554,-15.230358,0.15719864,0.8422491,0.25375614,0.44890195
1.0005922,-0.5276584,-14.966847,0.65662193,0.51483864,-0.5213726,0.17877252
0.6868686,-1.2598377,-15.23026,0.15722997,0.84227985,0.2534896,0.44898388
1.0004517,-0.52781063,-14.966732,0.6566568,0.5147231,-0.52141416,0.17885529
0.6871669,-1.2598248,-15.230166,0.15732938,0.8422318,0.25325182,0.44917324
1.0003335,-0.52793866,-14.966635,0.6565808,0.51468694,-0.5215776,0.17876199
0.68726504,-1.259812,-15.230075,0.1574199,0.8422011,0.25304788,0.44931403
1.0017421,-0.52805346,-14.966548,0.65657455,0.51457137,-0.52171236,0.17872451
0.68738925,-1.2595475,-15.230207,0.15746479,0.84221524,0.25267544,0.44948137
1.0029005,-0.5266694,-14.966476,0.65647954,0.51462066,-0.52179533,0.17868946
0.68754023,-1.2592262,-15.23037,0.15749054,0.8421888,0.2523525,0.44970334
1.005611,-0.5270081,-14.96641,0.6562705,0.5144592,-0.52214354,0.1789051
0.68769294,-1.2592249,-15.230533,0.1576464,0.8421024,0.25204507,0.4499828
1.0062476,-0.52729654,-14.966353,0.6562333,0.51445115,-0.5222059,0.1788826
0.6882138,-1.2592236,-15.230707,0.1578743,0.8419257,0.25184858,0.4503435
1.0067846,-0.5275397,-14.966306,0.65623164,0.5144112,-0.52224445,0.17889091
0.68793774,-1.2582992,-15.231385,0.15739428,0.8416175,0.25151128,0.45127487
1.0055839,-0.52772975,-14.967888,0.6559805,0.5150549,-0.5219314,0.17887373
0.68883073,-1.2571082,-15.23226,0.15709382,0.8411854,0.25120604,0.45235416
1.0061747,-0.5263406,-14.969139,0.65559065,0.5156451,-0.5218315,0.17889398
0.6898843,-1.2557031,-15.233291,0.15677243,0.8407678,0.2509912,0.4533601
1.0051838,-0.52523226,-14.970136,0.65550053,0.5159688,-0.5215835,0.17901391
0.6909726,-1.2551382,-15.234356,0.15656014,0.8404308,0.25081125,0.45415714
1.0043858,-0.52433956,-14.97094,0.65537107,0.51627296,-0.52145314,0.1789905
0.69322205,-1.2534589,-15.235517,0.15625232,0.84008574,0.25059837,0.45501837
1.0037372,-0.523614,-14.971594,0.6554065,0.5164903,-0.5211718,0.17905353
0.6955302,-1.2517357,-15.236706,0.1561268,0.83974445,0.2504633,0.4557652
1.0032055,-0.5230194,-14.970876,0.6554216,0.51661193,-0.52101463,0.17910442
0.6963883,-1.2500947,-15.23784,0.15593332,0.83951956,0.25023335,0.45637167
1.0027665,-0.5225282,-14.970282,0.65542465,0.51667243,-0.5209224,0.17918724
0.697181,-1.2485789,-15.238886,0.15571809,0.8392777,0.2502243,0.45689467
1.002401,-0.52211934,-14.969788,0.655389,0.51668483,-0.52094793,0.17920777
0.6978947,-1.247214,-15.23983,0.15559652,0.83915037,0.25009805,0.45723897
1.0010197,-0.5217766,-14.969374,0.6554354,0.51670825,-0.5208662,0.17920825
0.70005083,-1.2475941,-15.240636,0.15560164,0.83892536,0.2500921,0.4576532
1.0008755,-0.5214875,-14.969024,0.6554135,0.5166495,-0.52092147,0.17929667
0.7019735,-1.2462898,-15.241354,0.15559806,0.83874464,0.24987097,0.45810616
1.001723,-0.521242,-14.968727,0.6553707,0.51646775,-0.5211033,0.17944872
0.7036466,-1.2451549,-15.241979,0.1556979,0.838613,0.24966224,0.45842683
1.002447,-0.52195394,-14.968473,0.6553314,0.5162579,-0.5212957,0.17963721
0.7050736,-1.2441869,-15.242512,0.15571664,0.8385201,0.24939848,0.45873392
1.0021932,-0.52081436,-14.968257,0.65525997,0.51615673,-0.52148575,0.17963687
0.7044297,-1.2415576,-15.242954,0.15569891,0.83848184,0.24917059,0.45893374
1.0028058,-0.5206621,-14.968069,0.6552287,0.5158722,-0.5217537,0.17978998
0.70580083,-1.2393205,-15.24333,0.15570952,0.83836067,0.24881941,0.45934185
1.0033375,-0.52053005,-14.967906,0.6551494,0.51567525,-0.52200955,0.17990105
0.7069035,-1.2394497,-15.243632,0.15584622,0.83815706,0.24878654,0.4596848
1.0030504,-0.5204148,-14.967764,0.6551442,0.51545054,-0.52220327,0.18000154
0.70781654,-1.2375594,-15.243882,0.15580735,0.83800817,0.24858834,0.4600764
1.0035121,-0.521027,-14.967639,0.6551218,0.5150972,-0.52247095,0.18031763
0.709131,-1.2368433,-15.244244,0.1558804,0.8376273,0.24823894,0.46093312
1.0050709,-0.520728,-14.968861,0.6548477,0.5146992,-0.52303505,0.18081404
0.70957476,-1.2374827,-15.244366,0.15604089,0.8373631,0.24812111,0.4614219
1.0054219,-0.5205883,-14.969432,0.6547908,0.51447463,-0.5232608,0.18100566
0.70993525,-1.2359905,-15.244464,0.15611596,0.8371334,0.24807343,0.46183875
1.0057557,-0.5212885,-14.969975,0.65483034,0.5142321,-0.52332634,0.18136218
0.71424437,-1.2368224,-15.244543,0.15621614,0.83676463,0.2482197,0.46239433
1.0082355,-0.52209306,-14.970599,0.6545822,0.5141107,-0.52360004,0.18181144
0.71365374,-1.2374521,-15.244601,0.15628578,0.83664596,0.24817055,0.4626119
1.0083481,-0.52176344,-14.971152,0.6546119,0.51402825,-0.52362734,0.1818588
0.71319795,-1.2379382,-15.244647,0.15628691,0.83645487,0.2484338,0.4628158
1.0074527,-0.522475,-14.971621,0.6546617,0.51390225,-0.5236257,0.18204033
0.71475065,-1.236411,-15.244686,0.15631498,0.8362184,0.2486066,0.46314067
1.0086745,-0.52313673,-14.972055,0.65441096,0.5139348,-0.5237526,0.18248434
0.7140902,-1.2370906,-15.244716,0.15631728,0.8361177,0.24884373,0.46319428
1.0087353,-0.52272236,-14.971449,0.6543896,0.5140292,-0.5236634,0.18255106
0.71538466,-1.2376362,-15.244739,0.1563097,0.83592975,0.24904473,0.46342796
1.0078602,-0.52236867,-14.971859,0.6544287,0.5141071,-0.5235066,0.18264131
0.71642935,-1.2380764,-15.244758,0.15632172,0.8357103,0.24935916,0.46365055
1.0089339,-0.52298206,-14.972233,0.6542624,0.51427376,-0.5234219,0.18301043
0.7191417,-1.2384399,-15.244773,0.15626171,0.835413,0.24976754,0.46398678
1.0099834,-0.5225679,-14.972598,0.65409386,0.5144502,-0.5234001,0.18317904
0.71948004,-1.2387317,-15.244785,0.15603498,0.83525294,0.25007024,0.4641881
1.0099103,-0.52220625,-14.972917,0.6540139,0.5146462,-0.52326185,0.18330942
0.71975243,-1.2389667,-15.244795,0.1559245,0.8350933,0.25042206,0.46432275
1.009848,-0.52189803,-14.972248,0.65396816,0.5148384,-0.5230431,0.1835567
0.71997213,-1.2391562,-15.244803,0.15568398,0.8348947,0.25071526,0.46460226
1.0097947,-0.52163386,-14.971676,0.6538394,0.5150452,-0.5229538,0.18368977
0.7220184,-1.239313,-15.24481,0.15545867,0.83469844,0.25092232,0.46491846
1.0097487,-0.52140623,-14.971182,0.6538507,0.51518476,-0.5227312,0.18389161
0.7236984,-1.2394418,-15.244816,0.15528582,0.83451736,0.2511545,0.46517593
1.0105842,-0.52119124,-14.9707155,0.65380013,0.5153458,-0.5225633,0.18409733
0.72506744,-1.2395467,-15.244821,0.15499933,0.8342976,0.25138253,0.46554223
1.0104704,-0.52100563,-14.970313,0.6539472,0.5154895,-0.52215296,0.1843369
0.7261759,-1.2396315,-15.244824,0.15482472,0.8340179,0.2516163,0.4659749
1.0103711,-0.5208438,-14.969962,0.6540192,0.5156065,-0.5218452,0.18462534
0.7270684,-1.2397,-15.244826,0.1545748,0.8338693,0.25174168,0.46625617
1.0102836,-0.52070135,-14.969654,0.6541055,0.51570046,-0.5215797,0.1848076
0.7277838,-1.2397548,-15.244829,0.15448593,0.8336172,0.25187632,0.46666342
1.0102061,-0.52057487,-14.969379,0.65415704,0.51579446,-0.5213605,0.18498082
0.7304324,-1.2397999,-15.244831,0.15448694,0.83332366,0.25210136,0.4670657
1.0101367,-0.5204619,-14.969134,0.65414363,0.51583433,-0.5212369,0.18526536
0.73257124,-1.2398362,-15.244833,0.15431847,0.8330486,0.252277,0.4675171
1.0100744,-0.52036035,-14.968913,0.6541156,0.51589936,-0.52112573,0.18549593
0.73212963,-1.2398639,-15.244834,0.15420462,0.83280575,0.25255746,0.46783572
1.0093602,-0.5209301,-14.9687195,0.65424484,0.5158632,-0.52091813,0.18572327
0.73178643,-1.2378336,-15.244835,0.15382943,0.8326666,0.25264785,0.4681581
1.0093545,-0.5208079,-14.968549,0.654143,0.5159297,-0.5209099,0.18592033
0.7315179,-1.236245,-15.244835,0.15352292,0.832459,0.25281966,0.46853504
1.0093496,-0.5212944,-14.968396,0.65407354,0.51594436,-0.5208968,0.18616083
0.73567927,-1.2348999,-15.244835,0.15335931,0.8320635,0.25304416,0.4691694
1.009345,-0.52116275,-14.96826,0.6539568,0.516015,-0.52093214,0.18627644
0.73667806,-1.2360355,-15.244835,0.15313128,0.8317298,0.2532967,0.469699
1.0093411,-0.521582,-14.968138,0.6538977,0.5160165,-0.5209397,0.18645832
0.7420992,-1.2369747,-15.247133,0.15253304,0.8304634,0.25399694,0.47175187
1.0099217,-0.5214283,-14.968014,0.65364546,0.51584077,-0.52135545,0.18666668
0.744007,-1.2353226,-15.24896,0.1518532,0.8294903,0.25456873,0.47337228
1.0098842,-0.52073574,-14.967902,0.65345967,0.5156995,-0.52171105,0.18671401
0.74807936,-1.234004,-15.250415,0.15132338,0.8287718,0.25493798,0.47460008
1.0104591,-0.5206284,-14.967786,0.65340596,0.5154636,-0.52195406,0.18687421
0.75110316,-1.2356021,-15.251497,0.15078416,0.8282758,0.25523707,0.47547606
1.0110611,-0.52051604,-14.967664,0.6532831,0.51530254,-0.5222247,0.18699151
0.7533944,-1.2341449,-15.252316,0.15031166,0.82795596,0.25539562,0.47609714
1.0109382,-0.52041554,-14.967555,0.6533024,0.51511955,-0.5223435,0.18709697
0.755092,-1.2303295,-15.252923,0.14975874,0.8277866,0.25527754,0.47662878
1.0115438,-0.5203119,-14.967443,0.6532176,0.5149644,-0.5225846,0.18714663
0.7562456,-1.232935,-15.250737,0.14961807,0.82761353,0.2553051,0.47695866
1.0121552,-0.5202072,-14.967331,0.65309405,0.5148328,-0.5228466,0.18720809
0.7598104,-1.2295188,-15.251777,0.14936689,0.82747674,0.25501928,0.47742742
1.0127606,-0.5201036,-14.967218,0.6530439,0.5146526,-0.52305907,0.18728514
0.7596842,-1.2270699,-15.2525215,0.1491052,0.8274356,0.25490057,0.47764388
1.0144231,-0.51999277,-14.967098,0.65293527,0.51441896,-0.52335376,0.18748225
0.7595934,-1.2253077,-15.2530575,0.14913349,0.8273783,0.2546399,0.47787336
1.0149155,-0.5198893,-14.966987,0.6529344,0.5142175,-0.52349997,0.18762995
0.7595302,-1.2266645,-15.253432,0.14909194,0.82743514,0.25432888,0.4779535
1.0153612,-0.51871663,-14.9668865,0.6529071,0.51405203,-0.52369624,0.1876303
0.762094,-1.2276661,-15.253708,0.14924127,0.8273651,0.25428897,0.47804937
1.0170114,-0.51875913,-14.966785,0.6529239,0.5138489,-0.52384424,0.18771519
0.7613881,-1.2283592,-15.251418,0.1493635,0.82756007,0.25402007,0.47781664
1.0172505,-0.51879686,-14.966696,0.6529765,0.51367664,-0.52395844,0.18768476
0.76089054,-1.2288479,-15.252161,0.14929752,0.8277527,0.25368154,0.47768337
1.0187801,-0.5201393,-14.966613,0.6530556,0.51341254,-0.52406657,0.18783045
0.76052153,-1.2268955,-15.252712,0.14928897,0.8279914,0.25326848,0.47749144
1.018794,-0.5212556,-14.966543,0.653252,0.51319486,-0.52404517,0.18780196
0.7602432,-1.2254226,-15.253128,0.14924319,0.82819825,0.25296533,0.47730777
1.01761,-0.5221773,-14.966486,0.6535046,0.5129648,-0.5239906,0.18770388
0.76004,-1.2265549,-15.253432,0.14928901,0.8284062,0.25279891,0.47702065
1.0177606,-0.52180845,-14.966439,0.65358484,0.51281893,-0.5240369,0.18769383
0.7577941,-1.2252862,-15.253654,0.14930099,0.82864857,0.25259084,0.47670606
1.017887,-0.5214994,-14.966399,0.6537404,0.512643,-0.5240314,0.18764807
0.75413376,-1.2263364,-15.253819,0.1493261,0.82886285,0.2525275,0.47635916
1.0179935,-0.5212388,-14.967391,0.65381694,0.51253617,-0.52407897,0.18754044
0.7551625,-1.2271272,-15.253943,0.14946479,0.82891625,0.25253335,0.4762197
1.0180838,-0.52101755,-14.968232,0.65391964,0.5123865,-0.5241307,0.18744688
0.7559473,-1.2277304,-15.254039,0.14947721,0.8289442,0.25259054,0.47613654
1.0181613,-0.5217572,-14.968953,0.6540116,0.51229453,-0.52409774,0.18746953
0.7565535,-1.2281964,-15.254111,0.14950861,0.828979,0.25258732,0.47606793
1.0182296,-0.522409,-14.969589,0.65412253,0.51213855,-0.52412874,0.18742217
0.75378156,-1.2285604,-15.2541685,0.14947382,0.8291148,0.25272614,0.4757686
1.0182903,-0.52209914,-14.970154,0.65416586,0.51211417,-0.5241329,0.18732555
0.7546759,-1.2288479,-15.254213,0.14952348,0.8291306,0.2527208,0.47572833
1.0174987,-0.52183187,-14.970641,0.6542051,0.51214933,-0.52407736,0.18724793
0.75392485,-1.2276126,-15.25425,0.1494117,0.82923144,0.25268412,0.4756071
1.0176144,-0.5216003,-14.971062,0.65420645,0.51215464,-0.52409655,0.187175
0.7547113,-1.2280092,-15.254279,0.14943364,0.82914364,0.252785,0.4756997
1.0177151,-0.52139866,-14.971429,0.65413994,0.5121907,-0.52416205,0.18712536
0.75402856,-1.2283314,-15.254302,0.14929529,0.8291095,0.25289512,0.47574416
1.0178064,-0.5219659,-14.971763,0.6541669,0.5121999,-0.52405846,0.18729614
0.75346917,-1.2285954,-15.254321,0.14922534,0.8290666,0.25297037,0.4758008
1.0178914,-0.52249336,-14.972073,0.65422636,0.51215845,-0.52398264,0.18741408
0.7530072,-1.2288134,-15.254337,0.14909782,0.82899994,0.2530564,0.4759113
1.0179707,-0.52298623,-14.972362,0.6542734,0.5121311,-0.52389675,0.18756399
0.75375587,-1.2289948,-15.254351,0.14898157,0.82888407,0.25313827,0.47610578
1.0173111,-0.52268803,-14.972615,0.6543662,0.51211774,-0.5237781,0.18760838
0.7522303,-1.2280704,-15.254361,0.14866635,0.828889,0.25320894,0.4761581
1.016732,-0.5224263,-14.972837,0.6544185,0.5121041,-0.52369225,0.18770257
0.7529887,-1.2272904,-15.254371,0.14826186,0.82859045,0.25336748,0.4767192
1.0168793,-0.5221955,-14.973033,0.6544015,0.5120875,-0.5235717,0.18814294
0.7526539,-1.2266142,-15.254378,0.14773694,0.82835394,0.25360426,0.477167
1.0170099,-0.52199125,-14.9732065,0.6543086,0.51209295,-0.52352965,0.18856795
0.7533945,-1.2259654,-15.254387,0.14714195,0.8280498,0.25375703,0.47779733
1.016532,-0.5218099,-14.97336,0.65423506,0.512113,-0.5234293,0.18904673
0.7553647,-1.2253044,-15.25561,0.14657786,0.82763755,0.25398588,0.47856265
1.0166701,-0.5222123,-14.973497,0.65424424,0.5120038,-0.52328515,0.18970867
0.7572811,-1.2246616,-15.256801,0.14603516,0.8273087,0.25420442,0.47918084
1.0174081,-0.5220153,-14.973635,0.654036,0.51194835,-0.5233729,0.19033334
0.75758404,-1.2240896,-15.25786,0.14560182,0.8270894,0.2543929,0.47959098
1.0181879,-0.5211313,-14.973781,0.65375113,0.51187986,-0.523643,0.1907524
0.7593786,-1.2235618,-15.258838,0.14531346,0.8268046,0.25446373,0.48013166
1.0190088,-0.52096593,-14.973933,0.6536186,0.51176864,-0.5237659,0.19116731
0.7609867,-1.2230887,-15.259712,0.14514801,0.8266617,0.25439,0.4804668
1.018999,-0.52081364,-14.974073,0.65362597,0.5116073,-0.5237882,0.19151261
0.7607145,-1.2226962,-15.26044,0.14496408,0.82653093,0.25440592,0.48073876
1.0189899,-0.5206733,-14.974203,0.6536384,0.5113675,-0.52386683,0.19189522
0.76219755,-1.2206181,-15.26109,0.14494471,0.8264173,0.25412136,0.4810903
1.0189816,-0.5205438,-14.974322,0.65360045,0.51106375,-0.52412003,0.19214232
0.76344925,-1.2206407,-15.26164,0.1450205,0.82635397,0.25393936,0.48127225
1.0189743,-0.52116704,-14.974428,0.65359324,0.5107014,-0.5243601,0.19247451
0.76270324,-1.2189062,-15.26208,0.1449344,0.82637686,0.2537762,0.48134494
1.0189674,-0.52100515,-14.974525,0.65351164,0.510323,-0.52475584,0.19267665
0.76386184,-1.2192452,-15.262446,0.1450617,0.8263289,0.2537063,0.48142582
1.0197679,-0.52164865,-14.974624,0.6534586,0.5099927,-0.52501696,0.19301957
0.76481754,-1.2195249,-15.262748,0.1455313,0.8264052,0.25335535,0.4813378
1.0205665,-0.52229065,-14.974723,0.6532398,0.5091329,-0.52585375,0.19375058
0.76562285,-1.2178966,-15.263002,0.14575495,0.8265534,0.25305298,0.48117486
1.0224619,-0.52297956,-14.974829,0.6530689,0.5083156,-0.5265438,0.19459689
0.7644687,-1.2184205,-15.263197,0.14608939,0.82675207,0.2528978,0.48081365
1.0231496,-0.52362764,-14.974927,0.65307194,0.5078033,-0.52693117,0.1948754
0.7635743,-1.2188265,-15.261666,0.14636798,0.8268822,0.25281462,0.48054883
1.0237885,-0.5242296,-14.9750185,0.6530395,0.5074032,-0.5273145,0.19498958
0.7644715,-1.2191447,-15.260466,0.14681251,0.8269381,0.2527116,0.48037115
1.024375,-0.5247822,-14.975102,0.65325505,0.50694734,-0.52747756,0.19501206
0.76366377,-1.2193967,-15.259516,0.14702341,0.8271341,0.25265175,0.48000044
1.0249074,-0.52528393,-14.975179,0.6533665,0.50663346,-0.52762705,0.19505024
0.76446,-1.2195983,-15.258756,0.14729229,0.8272635,0.25250646,0.47977152
1.025386,-0.52573484,-14.975248,0.6533529,0.5065474,-0.5277309,0.19503844
0.7637327,-1.2197611,-15.2581415,0.14743295,0.8274496,0.2523799,0.47947374
1.0272684,-0.52759075,-14.975315,0.65337217,0.5062922,-0.5277988,0.19545236
0.76314026,-1.2211955,-15.257642,0.14763,0.82758796,0.25236434,0.4791825
1.0274523,-0.52775174,-14.975372,0.6534026,0.50618374,-0.5279183,0.1953084
0.7626537,-1.2211369,-15.257231,0.14771596,0.8277122,0.2523356,0.47895658
1.0276102,-0.5278899,-14.975422,0.65340954,0.5061299,-0.5280022,0.1951981
0.76225096,-1.2210884,-15.256891,0.14775957,0.8278112,0.2522963,0.4787927
1.0277375,-0.52662265,-14.975462,0.6533849,0.5061128,-0.5281349,0.19496538
0.7619151,-1.222164,-15.256607,0.1478463,0.8278005,0.25237122,0.4787449
1.0278461,-0.5269147,-14.975496,0.6534346,0.5060781,-0.5280826,0.19503075
0.76163304,-1.2230673,-15.256369,0.14786962,0.82778215,0.25247008,0.47871727
1.0266299,-0.52845716,-14.975523,0.6536237,0.50607634,-0.5278438,0.19504821
0.7613946,-1.2228235,-15.256168,0.14787376,0.82777137,0.25250092,0.47871843
1.0268707,-0.5284842,-14.975545,0.65359545,0.506043,-0.52789444,0.19509208
0.7611919,-1.2226161,-15.255997,0.14780992,0.8277513,0.25254884,0.4787476
1.0270798,-0.5285077,-14.975565,0.6535312,0.50598687,-0.5280015,0.19516331
0.76101846,-1.2224387,-15.25676,0.14776613,0.8277014,0.2526079,0.47881618
1.0260798,-0.5285272,-14.975581,0.6534917,0.5060697,-0.52797395,0.1951553
0.76086926,-1.2222861,-15.257415,0.1477345,0.8276449,0.25262788,0.4789131
1.0263602,-0.5285434,-14.9755945,0.6534452,0.50618523,-0.5278724,0.19528632
0.7607403,-1.2221541,-15.257982,0.14759296,0.82760006,0.25266027,0.47901705
1.0266073,-0.52855766,-14.975606,0.6533735,0.50621986,-0.5278377,0.19553012
0.7606282,-1.2220396,-15.258474,0.14750473,0.8275182,0.25271264,0.47915795
1.025759,-0.5285697,-14.975616,0.6533562,0.50634235,-0.52772194,0.19558303
0.7612709,-1.2226799,-15.258905,0.14747499,0.82736677,0.25279257,0.4793864
1.0260448,-0.5285799,-14.975625,0.65320283,0.5064724,-0.52772576,0.19574843
0.76183426,-1.222538,-15.259283,0.147379,0.8272534,0.25284013,0.47958654
1.025335,-0.52858853,-14.975632,0.6531969,0.5065037,-0.5276427,0.19591084
0.7623694,-1.2231239,-15.259641,0.14732224,0.82707506,0.2529154,0.47987175
1.025633,-0.5276905,-14.975637,0.6529629,0.50654346,-0.5278651,0.19598864
0.76291203,-1.2229279,-15.260005,0.14714997,0.8269126,0.25291976,0.48020208
1.0258893,-0.52777785,-14.975644,0.652811,0.50657815,-0.52793354,0.196221
0.7634514,-1.2227333,-15.260366,0.14701657,0.82667965,0.25296614,0.48061937
1.0261238,-0.5278578,-14.975649,0.6527734,0.50657487,-0.5279431,0.19632885
0.76499444,-1.22253,-15.260743,0.1468355,0.82638794,0.25295582,0.4811816
1.027346,-0.52794033,-14.975653,0.6526529,0.5065091,-0.5280706,0.19655548
0.76542014,-1.2223384,-15.261098,0.14660256,0.82613605,0.252998,0.4816627
1.0265265,-0.52894187,-14.975657,0.65275574,0.5064544,-0.5278987,0.19681709
0.7669836,-1.2221485,-15.261451,0.1463105,0.82576436,0.25308898,0.48234054
1.0276715,-0.5289147,-14.975661,0.6526498,0.50632405,-0.52799314,0.19724992
0.7684845,-1.2219664,-15.261788,0.1459651,0.82542676,0.25324553,0.4829406
1.0288067,-0.5288878,-14.975665,0.6526097,0.5062249,-0.5279692,0.19770104
0.7685481,-1.2205484,-15.262085,0.14554158,0.82521737,0.25316906,0.48346618
1.0312208,-0.5288596,-14.97567,0.6522969,0.5061047,-0.5283084,0.19813429
0.7699444,-1.220575,-15.26236,0.14523566,0.82491547,0.2534241,0.48393935
1.0321486,-0.5288337,-14.975673,0.6522725,0.50593525,-0.5284036,0.19839285
0.77121013,-1.2205992,-15.262609,0.14500912,0.8246242,0.25351852,0.48445415
1.0329887,-0.52881026,-14.975677,0.6522581,0.50589657,-0.5283967,0.1985574
0.7720356,-1.2194624,-15.263002,0.14467391,0.8241841,0.25372142,0.48519635
1.0343992,-0.5287708,-14.975682,0.6524543,0.5051746,-0.52863306,0.19912101
0.77306294,-1.2181545,-15.263169,0.14449589,0.82396024,0.25374433,0.48561746
1.0349753,-0.5287547,-14.975685,0.6526048,0.5047124,-0.528855,0.19921066
0.77559173,-1.2185867,-15.263318,0.14461151,0.82368,0.25387242,0.48599133
1.0354732,-0.5287408,-14.975687,0.6526023,0.50435,-0.52912426,0.19942151
0.77771235,-1.2205665,-15.263444,0.14483193,0.8235069,0.25389707,0.4862061
1.037593,-0.52872807,-14.97569,0.6523979,0.50414103,-0.52954024,0.19951458
0.77956873,-1.2205973,-15.263553,0.14489165,0.82337093,0.25393152,0.4864006
1.0376828,-0.52871746,-14.975691,0.652542,0.5038703,-0.52964437,0.19945092
0.78116024,-1.2206237,-15.263647,0.14496143,0.82336664,0.2537335,0.48649052
1.0377572,-0.5287087,-14.975692,0.6526488,0.50365186,-0.52972543,0.19943772
0.7806998,-1.2206446,-15.2637205,0.14503697,0.82332194,0.25363174,0.48659673
1.0378188,-0.5287014,-14.975693,0.6527444,0.5034682,-0.5297946,0.1994049
0.7820939,-1.2188743,-15.263784,0.14501579,0.8233127,0.2533862,0.48674637
1.0378697,-0.5286954,-14.975694,0.65267533,0.5032721,-0.53003806,0.19947879
0.7814734,-1.2192042,-15.263833,0.14509103,0.8233851,0.25319242,0.4867023
1.0379108,-0.5286906,-14.977339,0.6526442,0.5030474,-0.53032535,0.19938385
0.78098154,-1.2178302,-15.263872,0.1450991,0.82350534,0.25280213,0.48669943
1.0379431,-0.52712494,-14.978635,0.6526269,0.502866,-0.5305703,0.19924632
0.78058475,-1.2167217,-15.263904,0.14504668,0.8236244,0.25255787,0.4866405
1.0379697,-0.52889985,-14.979696,0.6528221,0.5025685,-0.5305625,0.19937815
0.78133446,-1.2163813,-15.263952,0.14531334,0.8238841,0.2518962,0.48646414
1.0393938,-0.52882713,-14.98145,0.6531684,0.50197893,-0.53064597,0.19950736
0.78250015,-1.2154887,-15.26397,0.14549018,0.82405883,0.25143403,0.48635447
1.0428581,-0.53065234,-14.982196,0.65333873,0.5015389,-0.5306937,0.1999287
0.78186774,-1.2163365,-15.263985,0.14565274,0.8241711,0.25127387,0.48619834
1.0402237,-0.5320515,-14.982767,0.6537843,0.50138205,-0.5303339,0.19982049
0.78136396,-1.2155378,-15.263996,0.14576466,0.82428133,0.25115755,0.48603803
1.0398554,-0.53313684,-14.983211,0.65392524,0.5011836,-0.53034496,0.19982763
0.7809587,-1.2162957,-15.264006,0.14594382,0.8243568,0.2510845,0.48589402
1.0411578,-0.53239685,-14.983558,0.6537787,0.5011425,-0.53052586,0.1999299
0.78198904,-1.2169286,-15.264014,0.14607793,0.82438123,0.251078,0.4858155
1.0406784,-0.53332204,-14.983833,0.6538832,0.5011774,-0.53036404,0.19992992
0.7815235,-1.216136,-15.26402,0.14613898,0.8244559,0.2510493,0.4856852
1.0402946,-0.53406274,-14.984054,0.6539842,0.5011606,-0.5302202,0.20002343
0.779894,-1.2154859,-15.264026,0.1461477,0.824548,0.25109375,0.48550326
1.0399846,-0.5332968,-14.984232,0.6540863,0.5011985,-0.53009933,0.19991533
0.77855104,-1.2156272,-15.264034,0.1462358,0.82452893,0.25136894,0.48536667
1.0383939,-0.53339076,-14.984498,0.65431726,0.50134826,-0.5296286,0.20003133
0.7785546,-1.2161962,-15.264037,0.1463087,0.8245032,0.25144285,0.4853502
1.0371894,-0.53398573,-14.984596,0.65439105,0.50153273,-0.5293282,0.20012231
0.7775412,-1.2166767,-15.26404,0.14641643,0.8244772,0.25158715,0.48528713
1.0372958,-0.5333708,-14.984678,0.6543359,0.5016901,-0.5292238,0.20018432
0.77764577,-1.2161193,-15.264042,0.14639334,0.8244751,0.25167063,0.48525426
1.0363294,-0.5339099,-14.984748,0.65440434,0.5017858,-0.5289917,0.20033433
0.7777352,-1.2165602,-15.264045,0.14644714,0.8244683,0.2517305,0.48521864
1.0365152,-0.53436583,-14.984806,0.65442306,0.5018249,-0.5288874,0.20045063
0.77694064,-1.2160679,-15.264046,0.14645295,0.8245047,0.2517835,0.4851276
1.0366733,-0.5338009,-14.984857,0.6543633,0.50192803,-0.52885765,0.20046599
0.777082,-1.2156425,-15.264047,0.14644295,0.82452637,0.2518089,0.4850805
1.0359035,-0.5333175,-14.984899,0.65437627,0.5020539,-0.5287516,0.20038818
0.77720475,-1.2160596,-15.264048,0.14651464,0.82451814,0.2518618,0.4850454
1.0352409,-0.5337614,-14.984935,0.65443075,0.5021214,-0.52863467,0.20034984
0.7773118,-1.2164233,-15.26405,0.1465452,0.8245071,0.2519061,0.4850319
1.0346677,-0.5333284,-14.984967,0.65439206,0.50225085,-0.5286074,0.20022352
0.7766959,-1.2160324,-15.2640505,0.14652424,0.824561,0.2518718,0.48496446
1.0349457,-0.5329521,-14.984995,0.65429455,0.50236773,-0.5286225,0.20020883
0.7768283,-1.2156883,-15.264051,0.1465123,0.8245802,0.25187528,0.4849337
1.0351884,-0.53336066,-14.98502,0.65421927,0.5023532,-0.52869433,0.20030184
0.7769452,-1.216025,-15.264052,0.14651889,0.82458454,0.25189215,0.48491532
1.0354013,-0.53301865,-14.985041,0.65410316,0.50242525,-0.5287816,0.2002699
0.77704877,-1.215715,-15.264052,0.14649506,0.8246019,0.25186914,0.48490497
1.0355889,-0.5340482,-14.98506,0.6540914,0.5024229,-0.5287409,0.20042165
0.77714103,-1.2160172,-15.264052,0.14654833,0.8245937,0.2518874,0.48489332
1.0357547,-0.53432643,-14.984444,0.6540227,0.5024914,-0.52873796,0.20048162
0.7772234,-1.2162871,-15.264052,0.14658514,0.8245896,0.2518938,0.48488593
1.0359018,-0.53397286,-14.983897,0.65395105,0.502507,-0.52882105,0.20045738
0.77729714,-1.2165289,-15.264052,0.14660136,0.8245846,0.25188583,0.48489377
1.0360329,-0.533658,-14.98341,0.653883,0.5025838,-0.5288274,0.20046993
0.7773634,-1.216746,-15.264052,0.14662005,0.8245739,0.25189206,0.48490304
1.03615,-0.5333766,-14.982975,0.6537989,0.502669,-0.52885145,0.20046733
0.77702814,-1.2166694,-15.264052,0.14665851,0.82460755,0.25183883,0.4848618
1.0368385,-0.53289753,-14.982234,0.6537163,0.50271684,-0.5288167,0.20070806
0.7775434,-1.2168573,-15.264052,0.1467266,0.82458997,0.25182012,0.48488083
1.0368999,-0.53315765,-14.981918,0.653781,0.5026529,-0.5287371,0.20086727
0.77758896,-1.2170275,-15.263632,0.1467476,0.82459146,0.25182927,0.4848672
1.0369556,-0.53339285,-14.981633,0.6538169,0.5025926,-0.5287187,0.20094952
0.7776303,-1.2167819,-15.263649,0.14676808,0.82460225,0.2518036,0.48485598
1.0365865,-0.53360605,-14.981374,0.653892,0.5025411,-0.5286466,0.20102371
0.77813804,-1.2169722,-15.263669,0.14683503,0.8245875,0.25180587,0.4848595
1.0366497,-0.5334013,-14.981138,0.6538589,0.50247276,-0.5287363,0.20106636
0.77815837,-1.2171443,-15.2632475,0.14688912,0.82458436,0.25181133,0.4848456
1.0367072,-0.5335934,-14.980924,0.6539348,0.50235504,-0.52872664,0.20113912
0.778195,-1.2166243,-15.263318,0.14694498,0.8245989,0.2517768,0.48482183
1.0364609,-0.5335874,-14.98055,0.6540721,0.502191,-0.52872354,0.20111053
0.7787055,-1.2168344,-15.263356,0.14701127,0.82459503,0.2517678,0.4848131
1.0365165,-0.5334213,-14.980385,0.65405875,0.50213826,-0.5287591,0.2011921
0.7786994,-1.2170266,-15.263391,0.14705703,0.82459646,0.2517853,0.48478773
1.0365739,-0.5335961,-14.980216,0.65406555,0.50203884,-0.5288077,0.20129049
0.77869385,-1.2172034,-15.263423,0.1471002,0.8245844,0.25180414,0.48478535
1.0366352,-0.533783,-14.980036,0.65406144,0.50196093,-0.528839,0.20141548
0.7786887,-1.2173673,-15.263452,0.14713125,0.82458574,0.25181255,0.48476937
1.0367,-0.5339807,-14.979844,0.6540795,0.50186354,-0.52886933,0.20151986
0.7792005,-1.2175488,-15.263485,0.14719379,0.82456785,0.25183225,0.48477063
1.0372498,-0.53371567,-14.979638,0.653968,0.5018095,-0.52902836,0.20159908
0.77973884,-1.2183152,-15.263519,0.14726847,0.8245309,0.2518784,0.48478654
1.0372974,-0.53450155,-14.97942,0.6540065,0.5016595,-0.5290463,0.20180058
0.77967167,-1.218456,-15.263551,0.14730783,0.82452697,0.25191125,0.48476425
1.0373454,-0.5347245,-14.9792,0.6540372,0.5016174,-0.5290213,0.20187071
0.779611,-1.2191185,-15.263578,0.1473621,0.8245089,0.25194553,0.48476085
1.0368494,-0.53492373,-14.979004,0.65413535,0.50159293,-0.5289479,0.20180586
0.7795549,-1.2192068,-15.263604,0.14738499,0.8244905,0.25197276,0.48477104
1.0369225,-0.5351182,-14.978813,0.6541452,0.5015917,-0.5289261,0.20183447
0.77950287,-1.219289,-15.263629,0.14740108,0.82447195,0.25200757,0.48477954
1.0369958,-0.5353134,-14.978621,0.65410644,0.50159454,-0.5289559,0.20187505
0.77945447,-1.2193652,-15.263652,0.14741866,0.82444435,0.25206032,0.4847936
1.0370611,-0.53548735,-14.9790125,0.65406966,0.5015975,-0.5289618,0.2019713
0.78072095,-1.2194601,-15.2636795,0.1473664,0.8243007,0.25224715,0.48495668
1.0371253,-0.5356581,-14.978809,0.65398324,0.5017488,-0.5288708,0.20211342
0.7812915,-1.2195579,-15.263709,0.14728194,0.8241652,0.25243708,0.4851136
1.036624,-0.53581035,-14.978629,0.6540328,0.50186306,-0.52867323,0.20218626
0.7818667,-1.2196563,-15.263739,0.14716424,0.8240415,0.25264463,0.48525164
1.036706,-0.5354161,-14.978467,0.65395993,0.5019478,-0.52866524,0.20223242
0.7824358,-1.2197539,-15.263767,0.14707977,0.82385015,0.25294816,0.48544398
1.0373756,-0.5355901,-14.978299,0.65387285,0.5020309,-0.5285865,0.20251329
0.7821066,-1.2198381,-15.263792,0.14694846,0.8237214,0.25325382,0.48554263
1.0374224,-0.53576183,-14.978132,0.65393627,0.50206727,-0.5284617,0.20254427
0.7826515,-1.2199188,-15.263816,0.14684966,0.8235348,0.25358397,0.48571682
1.0368811,-0.5353314,-14.977984,0.65400195,0.50212836,-0.52832764,0.20253018
0.7823055,-1.2199887,-15.263837,0.14676708,0.8233769,0.25386548,0.48586252
1.0369519,-0.5349474,-14.977853,0.65398,0.5022052,-0.528251,0.20261051
0.782826,-1.2200552,-15.263857,0.14666101,0.823211,0.2541428,0.4860305
1.0370153,-0.5351298,-14.977735,0.6540294,0.5022101,-0.52813107,0.20275156
0.78333163,-1.2201197,-15.263876,0.14654884,0.8230172,0.254431,0.4862418
1.0365723,-0.5347936,-14.978128,0.65412456,0.50226575,-0.5279733,0.20271778
0.78382003,-1.2211473,-15.263894,0.14650227,0.82281417,0.25474933,0.48643273
1.0361733,-0.5349659,-14.978009,0.65423846,0.5022447,-0.52784264,0.20274252
0.78427833,-1.2211047,-15.263912,0.14640208,0.8226714,0.25500143,0.48657215
1.0362642,-0.5351214,-14.978352,0.654256,0.50228375,-0.52777,0.20277846
0.7837114,-1.2201117,-15.263927,0.14621165,0.82256407,0.25516948,0.4867229
1.0363466,-0.5352622,-14.978662,0.6541915,0.5022533,-0.52784336,0.20287102
0.78413534,-1.2201712,-15.26394,0.14612733,0.8224052,0.25536233,0.48691544
1.0364213,-0.53539,-14.978943,0.65416443,0.50223887,-0.5278687,0.20292799
0.78452355,-1.2202257,-15.263952,0.14609987,0.82224804,0.25540832,0.48716494
1.0364892,-0.5355063,-14.979198,0.65413,0.50220984,-0.5279058,0.20301396
0.78488976,-1.220277,-15.263963,0.14603636,0.8221503,0.2554373,0.48733371
1.0365512,-0.53561234,-14.979432,0.6540969,0.5021756,-0.527969,0.20304132
0.78636473,-1.22033,-15.263974,0.14599217,0.8219547,0.25561228,0.487585
1.0362587,-0.5353601,-14.979646,0.65408546,0.50220007,-0.52797174,0.20301068
0.78656465,-1.2193246,-15.263984,0.14581312,0.8218588,0.25559488,0.48780933
1.0363226,-0.53512913,-14.979842,0.6539905,0.5021745,-0.52810144,0.20304205
0.7857361,-1.2194716,-15.263991,0.14565629,0.82183206,0.25556794,0.48791537
1.036066,-0.5349173,-14.980021,0.6539882,0.50212836,-0.52814394,0.20305312
0.78597856,-1.2195967,-15.263999,0.14561458,0.82162905,0.25562856,0.48823786
1.0358304,-0.5347226,-14.9801855,0.65394247,0.50214356,-0.52816707,0.20310241
0.7852858,-1.2197038,-15.264005,0.14540991,0.8215707,0.25561345,0.48840487
1.0358979,-0.5348279,-14.980337,0.65389335,0.50213164,-0.5281678,0.20328857
0.78646576,-1.2198015,-15.26401,0.14529568,0.8213056,0.25573567,0.48882067
1.03596,-0.53465474,-14.980476,0.65378374,0.5021552,-0.5282246,0.20343542
0.7866322,-1.2198919,-15.264015,0.14519201,0.82112604,0.2557962,0.48912126
1.0360174,-0.5347515,-14.980606,0.6538234,0.5021262,-0.5281415,0.20359498
0.7867854,-1.2199751,-15.26402,0.14503075,0.82091075,0.25583503,0.48951006
1.0358267,-0.53484094,-14.980725,0.6539367,0.50208163,-0.5280371,0.20361206
0.7869261,-1.2200515,-15.264024,0.14480592,0.820678,0.2558893,0.48993835
1.0356501,-0.5346922,-14.980836,0.65399855,0.50213057,-0.52790433,0.20363684
0.7893053,-1.2190527,-15.264031,0.14440697,0.82003,0.25580058,0.4911859
1.0355433,-0.5348506,-14.981032,0.6540538,0.50238925,-0.5274545,0.20398629
0.7904073,-1.2192714,-15.265282,0.14419088,0.8196492,0.25567174,0.4919514
1.0355964,-0.5349214,-14.981121,0.6540306,0.502584,-0.5271926,0.20425776
0.7914137,-1.2181638,-15.266423,0.14389624,0.8192342,0.25561848,0.49275592
1.035839,-0.53479636,-14.981204,0.65391374,0.50274867,-0.52706903,0.2045457
0.79232556,-1.2171603,-15.267457,0.1435283,0.8188959,0.2554587,0.49350792
1.0358843,-0.534866,-14.981286,0.65384483,0.5029294,-0.5268557,0.20487078
0.79697865,-1.2136185,-15.269373,0.14225942,0.81795084,0.25501215,0.4956689
1.035784,-0.5350012,-14.981445,0.6538116,0.503306,-0.526229,0.20566118
0.7989462,-1.2131492,-15.270184,0.14163908,0.8172638,0.2549337,0.4970183
1.0356382,-0.5348745,-14.9815235,0.65391636,0.503389,-0.52585673,0.20607682
0.8050452,-1.2127042,-15.270952,0.14116389,0.81658196,0.25478363,0.49834937
1.0354955,-0.53475034,-14.9816,0.65388894,0.5035233,-0.52558845,0.20651998
0.80783796,-1.2100973,-15.271585,0.14065973,0.8161557,0.25456828,0.4992992
1.0355477,-0.5346287,-14.981673,0.6538386,0.5036982,-0.5252822,0.20703113
0.8100734,-1.2080106,-15.272094,0.140241,0.81576246,0.25437582,0.5001571
1.0354067,-0.5343172,-14.981746,0.65377355,0.50395554,-0.5250277,0.20725606
0.8144139,-1.2063093,-15.272508,0.13996565,0.8153821,0.2542866,0.50089926
1.0352474,-0.53418696,-14.981829,0.6537802,0.5040917,-0.5247174,0.2076891
0.81510055,-1.2050517,-15.275335,0.13973776,0.815099,0.2542186,0.5014577
1.0350668,-0.5340392,-14.981921,0.65367645,0.5042126,-0.52459216,0.208038
0.81825453,-1.2040856,-15.274881,0.13948634,0.814754,0.2541277,0.5021341
1.0345297,-0.53386086,-14.982034,0.6535876,0.50457114,-0.52423465,0.20834883
0.82348204,-1.2033395,-15.27453,0.13934477,0.81448084,0.25405014,0.5026555
1.0343139,-0.5340189,-14.982151,0.65344363,0.5045741,-0.524256,0.20873903
0.8243942,-1.2000396,-15.274283,0.13916983,0.8143549,0.2538968,0.5029854
1.0344523,-0.53382385,-14.982265,0.6530741,0.5046153,-0.5245408,0.2090805
0.8223757,-1.2004443,-15.274116,0.13905956,0.8143129,0.2538947,0.503085
1.0345896,-0.53363013,-14.98238,0.6528514,0.5045301,-0.52482545,0.2092672
0.8235114,-1.2007296,-15.273998,0.13901098,0.81387854,0.25410154,0.50369644
1.0350584,-0.533453,-14.9821415,0.6527798,0.5040295,-0.52527833,0.20956044
0.82435185,-1.2009407,-15.2739105,0.13911091,0.8136987,0.2541019,0.5039592
1.0354878,-0.53329074,-14.981923,0.6526966,0.50364083,-0.52566385,0.20978722
0.8253768,-1.2030246,-15.273805,0.13973497,0.81333447,0.2543853,0.5042314
1.035944,-0.5330049,-14.981539,0.6527109,0.50309134,-0.5260366,0.21012631
0.82829624,-1.2000401,-15.273769,0.13990977,0.81351626,0.25391114,0.50412863
1.0360069,-0.5328788,-14.9816475,0.65268713,0.5028735,-0.52623326,0.21022946
0.8278641,-1.2004259,-15.273745,0.14015505,0.81379676,0.25354424,0.5037923
1.0363306,-0.5327625,-14.981749,0.652559,0.50270903,-0.52646106,0.21045002
0.8275538,-1.1982607,-15.273726,0.1404226,0.81420016,0.25306556,0.5033065
1.0363829,-0.532642,-14.981853,0.6526467,0.5025133,-0.5264864,0.21058214
0.8250138,-1.1990465,-15.273714,0.1408022,0.81460124,0.25279704,0.502686
1.0364312,-0.53279954,-14.981949,0.65279543,0.502281,-0.52641547,0.21085237
0.8231833,-1.1996127,-15.273705,0.14103025,0.8150431,0.25241163,0.5020992
1.0364759,-0.53294593,-14.982039,0.65285254,0.502093,-0.5263825,0.21120517
0.823937,-1.2000275,-15.273698,0.14138392,0.8154093,0.2520322,0.50159556
1.0365252,-0.5328169,-14.982138,0.6529505,0.5019305,-0.52629507,0.2115066
0.82250774,-1.2003355,-15.273693,0.14169513,0.8158921,0.251484,0.5009975
1.0365716,-0.53297657,-14.982231,0.65299106,0.5016847,-0.5262586,0.21205457
0.81954116,-1.2005676,-15.273689,0.14205252,0.816314,0.25107175,0.5004153
1.0366158,-0.5331291,-14.982319,0.65312415,0.5014007,-0.5261242,0.2126487
0.817277,-1.2007447,-15.273685,0.14217828,0.8167272,0.25070253,0.49989024
1.0366588,-0.5332771,-14.982405,0.6534355,0.50115865,-0.52568126,0.21335694
0.8155278,-1.2008816,-15.273684,0.14232966,0.81704944,0.25036076,0.49949184
1.0364361,-0.5334136,-14.982484,0.65362835,0.50109524,-0.5252533,0.2139687
0.8141609,-1.2009885,-15.273681,0.1425364,0.81731224,0.24996726,0.4991999
1.0364807,-0.5335431,-14.982559,0.6537993,0.5009918,-0.5247896,0.2148248
0.8130812,-1.201073,-15.27368,0.14280874,0.817453,0.24961491,0.49906784
1.0365255,-0.5336737,-14.9826355,0.6539195,0.50078326,-0.52436656,0.21597518
0.8122198,-1.2011404,-15.273679,0.14293423,0.81761277,0.24933404,0.49891058
1.0363153,-0.53404605,-14.982706,0.65422916,0.50070107,-0.52370054,0.21684225
0.8115259,-1.2025839,-15.273678,0.14321966,0.8176317,0.24914119,0.49889404
1.0363638,-0.53416073,-14.982777,0.65423733,0.500728,-0.523426,0.2174171
0.810962,-1.203757,-15.272358,0.14340568,0.81763875,0.24903628,0.4988814
1.0364155,-0.53456587,-14.982851,0.6544805,0.5005882,-0.52294856,0.21815501
0.8104999,-1.2034647,-15.272529,0.14343673,0.81769955,0.24884878,0.49886644
1.0364721,-0.5350115,-14.982934,0.6544473,0.50054663,-0.5227776,0.21875863
0.81011814,-1.2044142,-15.27148,0.14359291,0.81771296,0.24868922,0.49887908
1.0365353,-0.535508,-14.983025,0.65453935,0.5005246,-0.5225052,0.21918419
0.8109319,-1.2052046,-15.270607,0.14378972,0.81772834,0.24850596,0.4988885
1.0366054,-0.5360594,-14.983128,0.6545339,0.50044185,-0.5224334,0.21956007
0.81053907,-1.2047921,-15.269875,0.14381331,0.8177858,0.24829002,0.49889508
1.0366762,-0.53616375,-14.98323,0.65447146,0.50043446,-0.5224732,0.21966846
0.8102076,-1.204444,-15.269258,0.1438965,0.8178587,0.24805658,0.49886757
1.0367532,-0.53679335,-14.98334,0.65465385,0.5000218,-0.52257526,0.21982183
0.8118664,-1.2041485,-15.268733,0.14397617,0.81788033,0.24783674,0.49891835
1.0368356,-0.5374668,-14.98346,0.6547415,0.49968398,-0.52280337,0.21978676
0.8123616,-1.2038962,-15.269207,0.1440583,0.8178993,0.24766931,0.49894682
1.036915,-0.5375175,-14.983576,0.65472925,0.49937853,-0.52319145,0.21959378
0.81278694,-1.2036793,-15.269614,0.14415014,0.8179221,0.24746972,0.49898198
1.037611,-0.53756654,-14.983686,0.6546327,0.49913096,-0.5236295,0.21940021
0.81232244,-1.2026604,-15.269965,0.14416517,0.81796944,0.24730252,0.49898297
1.0376439,-0.53761345,-14.983793,0.6546344,0.498932,-0.5239299,0.21913041
0.8127095,-1.2017761,-15.27027,0.14417025,0.81796825,0.2471918,0.49903828
1.0376778,-0.53835875,-14.983904,0.65463763,0.49872875,-0.5241866,0.21896957
0.81229633,-1.2017559,-15.270535,0.14420308,0.8179723,0.24716432,0.49903578
1.0377094,-0.5383529,-14.984007,0.6548017,0.49855196,-0.5242933,0.21862581
0.8126476,-1.201738,-15.270767,0.14419624,0.81793845,0.24713804,0.4991063
1.0377414,-0.53911453,-14.984112,0.65491724,0.4983835,-0.5244398,0.21831216
0.8129566,-1.2017224,-15.270973,0.14419387,0.817904,0.24715862,0.4991531
1.0377707,-0.5390481,-14.984206,0.65498275,0.49819124,-0.5247552,0.2177961
0.8134712,-1.2010937,-15.271315,0.14414379,0.81786335,0.24714638,0.49924025
1.0378314,-0.539712,-14.986125,0.6551069,0.4977439,-0.52543813,0.21679647
0.8136883,-1.2011194,-15.272044,0.1441378,0.81783324,0.24714926,0.4992899
1.0378591,-0.5395698,-14.986998,0.6551047,0.4975303,-0.52580404,0.21640599
0.8139058,-1.2011452,-15.272776,0.14414732,0.8177845,0.24716997,0.49935675
1.03889,-0.53943485,-14.987826,0.65503645,0.4973429,-0.5262346,0.2159963
0.81350476,-1.2011682,-15.273425,0.14412858,0.8177793,0.2471553,0.4993779
1.0399253,-0.5404262,-14.988658,0.6551149,0.497009,-0.52662826,0.21556729
0.81314737,-1.2011887,-15.274005,0.1440636,0.8177902,0.24719504,0.49935907
1.0397114,-0.5401731,-14.989396,0.6551647,0.496772,-0.52702266,0.2149978
0.81339794,-1.2012098,-15.274603,0.14407142,0.8177746,0.24717608,0.49939185
1.041869,-0.53994125,-14.990073,0.6550799,0.49651983,-0.52751356,0.21463433
0.813002,-1.2005936,-15.275178,0.14404601,0.8177738,0.24716435,0.4994062
1.042608,-0.5397314,-14.990685,0.65507174,0.4963067,-0.52789444,0.2142155
0.8126161,-1.1999931,-15.275739,0.14398062,0.8177936,0.24714555,0.4994019
1.0420259,-0.5407874,-14.991234,0.65519226,0.49603412,-0.5281372,0.2138795
0.812963,-1.1993576,-15.276332,0.14395775,0.8177904,0.24709499,0.4994388
1.0440584,-0.5404544,-14.991723,0.65513194,0.49577552,-0.5285614,0.21361566
0.8125371,-1.1995234,-15.276865,0.14399584,0.817773,0.24711722,0.49944532
1.0445511,-0.5401619,-14.992153,0.6551471,0.49549007,-0.52890176,0.21338911
0.812869,-1.1996706,-15.276629,0.1440713,0.81776994,0.24708799,0.49944305
1.0449985,-0.5412527,-14.992544,0.6551843,0.495236,-0.5291453,0.21326058
0.81421494,-1.1984713,-15.276174,0.144134,0.81776875,0.24687937,0.49953005
1.0445396,-0.5416506,-14.990776,0.6554009,0.49466744,-0.52946997,0.21310896
0.81444913,-1.1979251,-15.275966,0.14414176,0.8177858,0.24678141,0.49954832
1.0460875,-0.5412427,-14.990114,0.65539783,0.49447468,-0.52965146,0.21311462
0.8146693,-1.1974118,-15.275769,0.14412795,0.8178108,0.2466668,0.499568
1.0473802,-0.5409021,-14.989562,0.65538895,0.49425814,-0.5298553,0.21313776
0.8148758,-1.1969302,-15.275586,0.14412996,0.81781393,0.24653403,0.49962777
1.0474176,-0.5406157,-14.989097,0.65539163,0.49408436,-0.53001916,0.21312487
0.8142564,-1.1965127,-15.275428,0.14413913,0.8178498,0.2464302,0.4996176
1.0474492,-0.5403733,-14.988704,0.6553747,0.49395838,-0.5301579,0.21312395
0.8152591,-1.1969178,-15.275286,0.14418694,0.8178198,0.24632975,0.49970248
1.047476,-0.540167,-14.98837,0.6552818,0.49393168,-0.53027785,0.21317314
0.8154065,-1.1965005,-15.275152,0.14413783,0.8178142,0.24630532,0.49973783
1.0474992,-0.53999025,-14.988083,0.6552409,0.4938897,-0.5303547,0.2132049
0.8155349,-1.196897,-15.275035,0.14416659,0.8178224,0.24623412,0.4997512
1.0483887,-0.5407048,-14.987832,0.6551627,0.49389642,-0.53037757,0.2133727
0.81492543,-1.196522,-15.274933,0.14411385,0.817861,0.24610968,0.4997645
1.0483314,-0.5404964,-14.987615,0.6551315,0.49393937,-0.5303453,0.21344884
0.81585455,-1.1961559,-15.274834,0.14411348,0.8178245,0.24599522,0.49988076
1.0491194,-0.54030234,-14.987413,0.65506214,0.49404967,-0.53028864,0.21354745
0.81595033,-1.1958097,-15.274738,0.1440556,0.8178482,0.24590512,0.49990305
1.0490032,-0.54013413,-14.987239,0.6550538,0.49415088,-0.5302067,0.21354243
0.8160438,-1.195472,-15.275477,0.14400916,0.81786215,0.24581195,0.49993944
1.0497162,-0.53997535,-14.987073,0.6550087,0.49423268,-0.53013545,0.21366844
0.8161304,-1.195159,-15.275319,0.14392795,0.81787866,0.24575046,0.49996603
1.049549,-0.53983307,-14.987731,0.65496373,0.49436754,-0.53002524,0.21376766
0.8162136,-1.1948582,-15.276054,0.14381208,0.8179008,0.24566592,0.50000477
1.0493993,-0.54049337,-14.987533,0.6550107,0.49446428,-0.5298438,0.21384984
0.81544155,-1.1945989,-15.275846,0.14364715,0.81794274,0.24562666,0.5000028
1.0492641,-0.5403149,-14.988128,0.655017,0.49455532,-0.52973217,0.21389648
0.8147725,-1.1943741,-15.276466,0.14345095,0.81797916,0.2455852,0.5000199
1.0498818,-0.53942335,-14.987912,0.6549611,0.49465236,-0.5297073,0.21390487
0.81496704,-1.1941614,-15.277055,0.14331101,0.8179556,0.24559876,0.5000918
1.0497241,-0.5400421,-14.987721,0.6550084,0.4947148,-0.52958244,0.213925
0.8160751,-1.1939472,-15.277646,0.14320827,0.81790775,0.24561028,0.50019395
1.0495851,-0.53991973,-14.987555,0.6550201,0.49480754,-0.5294668,0.21396044
0.8161697,-1.1937449,-15.278204,0.14310308,0.81786036,0.24555954,0.50032645
1.0494622,-0.5398116,-14.987406,0.6550221,0.49488437,-0.5293921,0.2139616
0.81729114,-1.1935478,-15.2787485,0.14300929,0.8177701,0.2456157,0.50047314
1.0493532,-0.5397156,-14.987877,0.6550231,0.49495262,-0.52933574,0.21394007
0.81623787,-1.1923469,-15.279233,0.14279228,0.81779057,0.24562496,0.50049716
1.048684,-0.5396301,-14.988296,0.6550406,0.49503595,-0.5292639,0.2138714
0.81632435,-1.1922987,-15.279675,0.14262722,0.8177518,0.24567106,0.5005848
1.0486296,-0.5390103,-14.98867,0.65502757,0.49513546,-0.52921116,0.21381164
0.81640285,-1.1922548,-15.280076,0.1425416,0.8176842,0.24571933,0.50069606
1.0485809,-0.5384547,-14.988489,0.6550018,0.49522936,-0.5291723,0.21376911
0.81647396,-1.1922152,-15.280438,0.14235924,0.81764764,0.24580187,0.5007672
1.0480466,-0.53893626,-14.988327,0.6550294,0.49528676,-0.52909756,0.21373646
0.81767344,-1.1921785,-15.280774,0.1422336,0.8175482,0.24586849,0.5009324
1.0480309,-0.53890437,-14.98818,0.65502405,0.4953786,-0.52903235,0.21370147
0.81759715,-1.192146,-15.281072,0.14210145,0.8174639,0.24602501,0.5010307
1.0475739,-0.5388756,-14.988048,0.65501505,0.49548623,-0.5289602,0.21365823
0.8175296,-1.1921171,-15.281336,0.14202587,0.8173829,0.24624807,0.50107473
1.0475804,-0.5388495,-14.987928,0.6549898,0.49557787,-0.52891797,0.21362777
0.8199016,-1.19209,-15.281584,0.14199714,0.8172465,0.24641338,0.50122404
1.0475862,-0.5388258,-14.98782,0.65496457,0.49565873,-0.5288778,0.21361703
0.8195309,-1.1908247,-15.281803,0.14185768,0.81722647,0.24650775,0.5012498
1.0475916,-0.53842473,-14.9877205,0.65493023,0.495733,-0.5288757,0.21355489
0.8200104,-1.1921093,-15.282136,0.14182436,0.8170883,0.24670699,0.50138646
1.0472533,-0.53806657,-14.987548,0.6548894,0.49584657,-0.52884066,0.21350323
0.81968045,-1.1931509,-15.2811985,0.14182036,0.81700414,0.24688166,0.50143874
1.0469437,-0.5380738,-14.987472,0.6548804,0.49587703,-0.52882725,0.21349329
0.8194018,-1.1930197,-15.280407,0.14174308,0.8169511,0.24701947,0.5014791
1.0472779,-0.53808033,-14.987403,0.6548677,0.49587423,-0.5288378,0.21351282
0.8191649,-1.1938688,-15.279735,0.14172132,0.81684047,0.24722779,0.5015628
1.0472915,-0.5380864,-14.987338,0.6548504,0.4958918,-0.5288444,0.21350867
0.81896234,-1.1936823,-15.27916,0.14158314,0.81678146,0.24741045,0.50160784
1.047583,-0.5380921,-14.98728,0.65482473,0.49590158,-0.5288623,0.21352048
0.8187882,-1.1926551,-15.2795315,0.14142822,0.816736,0.24749786,0.50168234
1.0475868,-0.5380972,-14.987226,0.6548136,0.4959166,-0.52887,0.21350057
0.8186376,-1.1925907,-15.279029,0.14137428,0.81665385,0.24758467,0.5017885
1.0475903,-0.5378502,-14.987175,0.65478975,0.49595144,-0.528876,0.21347782
0.81928915,-1.1925349,-15.279375,0.14126158,0.816574,0.24771841,0.5018843
1.0475936,-0.5378609,-14.987128,0.6547679,0.49598435,-0.528877,0.21346587
0.8198578,-1.1932293,-15.278934,0.14126785,0.81647813,0.24787875,0.5019592
1.0473694,-0.53787076,-14.987084,0.6547531,0.49603125,-0.5288558,0.21345492
0.8196501,-1.1938381,-15.278548,0.14125952,0.81644195,0.2479952,0.5019629
1.0471615,-0.53787994,-14.987045,0.6547433,0.49607512,-0.5288292,0.21344881
0.81946737,-1.1937032,-15.278208,0.14116673,0.8164098,0.24809071,0.50199395
1.0473785,-0.53788847,-14.987007,0.65471566,0.4961356,-0.5288069,0.21344802
0.81930584,-1.193584,-15.277907,0.14106771,0.81640077,0.2481338,0.50201523
1.0473855,-0.53789634,-14.986974,0.6546831,0.4962135,-0.52876896,0.21346116
0.81916255,-1.1934781,-15.277641,0.14092806,0.8164465,0.2480936,0.50200003
1.0472,-0.537904,-14.98694,0.6546617,0.49631324,-0.52868813,0.21349493
0.819035,-1.1933839,-15.277404,0.1407977,0.8164506,0.24806349,0.5020448
1.0470182,-0.53791153,-14.986908,0.6546149,0.4964511,-0.52858216,0.21358056
0.8194674,-1.1938461,-15.277191,0.14080565,0.8163964,0.24809775,0.5021138
1.0470322,-0.5379189,-14.986876,0.654512,0.49662328,-0.52847606,0.21375811
0.8198549,-1.1937413,-15.277001,0.14082254,0.8163138,0.24810672,0.5022389
1.0470461,-0.53773385,-14.986844,0.65443087,0.49679714,-0.52836025,0.21388875
0.8197101,-1.193647,-15.276831,0.14066494,0.816315,0.24808279,0.50229293
1.0468673,-0.5375525,-14.986814,0.6543604,0.4970107,-0.5281717,0.21407346
0.8205164,-1.1935622,-15.276676,0.14058244,0.81620896,0.24811214,0.50247383
1.0466921,-0.53775924,-14.986783,0.6543684,0.49714467,-0.5279179,0.21436404
0.8208191,-1.1934803,-15.276528,0.14048876,0.8161347,0.24809691,0.5026282
1.0467128,-0.5377697,-14.986753,0.6543033,0.49733293,-0.52769524,0.2146741
0.82064134,-1.1934062,-15.276395,0.14030066,0.81615806,0.2480254,0.5026781
1.0465407,-0.53777987,-14.986725,0.65431166,0.49746823,-0.52744997,0.21493779
0.82094276,-1.1933308,-15.2762575,0.1402587,0.81614846,0.24793793,0.5027485
1.0465643,-0.5377898,-14.986696,0.6542565,0.49758402,-0.52729535,0.21521676
0.821254,-1.1932528,-15.276116,0.14021288,0.81614214,0.24791439,0.5027831
1.046203,-0.53779966,-14.986669,0.65431094,0.4976882,-0.5270483,0.21541557
0.821593,-1.1925634,-15.275963,0.14008693,0.8161777,0.24777669,0.50282836
1.0460413,-0.53780925,-14.986641,0.6542768,0.49777156,-0.5269197,0.2156411
0.8213204,-1.1925241,-15.2758255,0.14003992,0.81621945,0.24770899,0.5028071
1.0460747,-0.5378186,-14.986614,0.6542019,0.49782854,-0.52687496,0.2158461
0.82106996,-1.1919267,-15.275701,0.14002563,0.81628406,0.24759515,0.50276226
1.0459155,-0.53782785,-14.9865885,0.6541631,0.49793077,-0.5267513,0.2160294
0.82141393,-1.1919253,-15.275575,0.14009504,0.8162731,0.24753608,0.5027898
1.0459517,-0.53783685,-14.986563,0.6540632,0.49805197,-0.52666646,0.2162593
0.8217829,-1.1912454,-15.275441,0.1400055,0.81628525,0.24748285,0.5028212
1.0459871,-0.5378457,-14.986538,0.65400064,0.49813646,-0.52659404,0.21643028
0.8214544,-1.1906265,-15.275983,0.13988103,0.81631404,0.24743226,0.50283396
1.0460218,-0.5378543,-14.986513,0.65388703,0.4982463,-0.5265606,0.216602
0.82185763,-1.1899788,-15.275804,0.13984513,0.816272,0.24745262,0.50290215
1.0458635,-0.5376706,-14.986488,0.6537884,0.4983867,-0.52651614,0.2166848
0.8222326,-1.1901296,-15.275637,0.13974594,0.8162237,0.24755526,0.50295764
1.0459007,-0.5376828,-14.986465,0.65371484,0.4983974,-0.5265348,0.21683656
0.8226137,-1.1894524,-15.275467,0.1396406,0.8162029,0.24759962,0.50299877
1.0459372,-0.5378869,-14.986442,0.6537516,0.49835655,-0.5264578,0.21700662
0.82213837,-1.1888428,-15.275314,0.1394584,0.81618476,0.24771929,0.50301987
1.0459728,-0.5378948,-14.98642,0.6537229,0.49835637,-0.526416,0.21719478
0.8225169,-1.1891,-15.275176,0.13939478,0.81609803,0.24789526,0.5030917
1.0460079,-0.5379025,-14.986397,0.6537097,0.49834812,-0.5264114,0.21726449
0.822885,-1.1884928,-15.2759,0.13915314,0.81607383,0.24796607,0.5031628
1.0460422,-0.53791,-14.986375,0.65368116,0.4983113,-0.52647424,0.21728276
0.82320654,-1.1887846,-15.276532,0.13901535,0.8160581,0.24801193,0.5032038
1.0460757,-0.5379174,-14.986354,0.65366673,0.49831986,-0.5264901,0.21726803
0.8235209,-1.1881906,-15.27715,0.13875657,0.8160291,0.24814788,0.50325525
1.0459164,-0.5379246,-14.986333,0.653768,0.4983857,-0.52628976,0.2172978
0.82382464,-1.1876167,-15.277748,0.13849436,0.8160193,0.24828422,0.50327617
1.0457603,-0.5379317,-14.986313,0.6538456,0.49853304,-0.5260332,0.21734723
0.8231905,-1.1871197,-15.278265,0.13821664,0.81602824,0.24840051,0.50328064
1.0455952,-0.5379392,-14.986292,0.6538474,0.4987252,-0.52583706,0.21737564
0.82349885,-1.187547,-15.278713,0.1380694,0.81597805,0.24858345,0.50331205
1.0453955,-0.53794825,-14.986266,0.6539012,0.4989077,-0.5255794,0.21741834
0.8237701,-1.1879228,-15.279108,0.13791116,0.81593925,0.24874821,0.5033368
1.0454545,-0.53771305,-14.986241,0.6538087,0.49914023,-0.52547085,0.21742532
0.82321775,-1.1882491,-15.27945,0.13784063,0.8158962,0.24891798,0.503342
1.0452386,-0.53772974,-14.986214,0.6538713,0.4992899,-0.5252708,0.21737686
0.8234844,-1.1885337,-15.27975,0.13773438,0.81586236,0.2490058,0.5033825
1.0449858,-0.5374082,-14.986182,0.6538674,0.4994981,-0.5251073,0.21730489
0.8230071,-1.188072,-15.280011,0.13759309,0.8158722,0.2490506,0.50338316
1.0446941,-0.5370373,-14.986145,0.6539213,0.49974233,-0.5248081,0.21730404
0.8232652,-1.1883439,-15.280244,0.13761236,0.81581277,0.24912885,0.50343543
1.0443823,-0.53709614,-14.986105,0.6539603,0.49986637,-0.5246362,0.21731664
0.8235274,-1.1878741,-15.280479,0.13754386,0.8157494,0.24909791,0.50357217
1.0434201,-0.53716785,-14.986057,0.6540931,0.50002915,-0.5242962,0.21736303
0.8229931,-1.1866244,-15.28071,0.13729483,0.81579745,0.24895418,0.50363344
1.0430849,-0.5366313,-14.986616,0.6540397,0.5002231,-0.5241752,0.21736932
0.8225272,-1.1870369,-15.280912,0.13727537,0.81580323,0.2489907,0.50361127
1.042751,-0.5367419,-14.986528,0.65401465,0.5003977,-0.5239897,0.21748997
0.82283276,-1.1873982,-15.281088,0.13731995,0.8157668,0.2489124,0.50369686
1.0424114,-0.5361511,-14.98644,0.6539788,0.5006013,-0.5238312,0.2175111
0.82311773,-1.1870162,-15.281253,0.13717264,0.8157417,0.24879982,0.50383306
1.0420833,-0.5355802,-14.987086,0.653931,0.50080085,-0.523632,0.21767467
0.82299924,-1.1846541,-15.281588,0.13675374,0.8158582,0.24837926,0.503966
1.0422148,-0.53526145,-14.986824,0.65394354,0.501025,-0.5233079,0.21790056
0.8233754,-1.1834179,-15.281763,0.13652843,0.8158535,0.24826661,0.50409013
1.0410265,-0.53469014,-14.986692,0.6540048,0.501175,-0.5231005,0.21786983
0.82269406,-1.1822648,-15.281926,0.13627891,0.81590635,0.24811828,0.504145
1.040774,-0.5350008,-14.986573,0.65412194,0.5011702,-0.52292234,0.21795687
0.82312167,-1.1822678,-15.282073,0.13625291,0.81586874,0.24802476,0.504259
1.0405252,-0.53351176,-14.986455,0.6539469,0.50135076,-0.523005,0.21786858
0.8235372,-1.1811365,-15.282216,0.13618493,0.8158298,0.24787393,0.5044145
1.0392387,-0.53299356,-14.986333,0.65405834,0.50133055,-0.522898,0.21783753
0.82390106,-1.1812718,-15.282341,0.13629177,0.8157891,0.2477209,0.5045267
1.0391148,-0.5325191,-14.98622,0.6539994,0.50137347,-0.52290225,0.21790564
0.8242461,-1.1801906,-15.28246,0.13660966,0.81574976,0.24745703,0.5046337
1.0390022,-0.53208697,-14.986118,0.65394425,0.50080776,-0.5235028,0.21792978
0.8245414,-1.1804495,-15.282562,0.13686018,0.8157233,0.24727431,0.5046982
1.0388999,-0.53169525,-14.986025,0.65395635,0.50034803,-0.523948,0.21787928
0.82598317,-1.1806762,-15.282651,0.13716255,0.8156406,0.24716592,0.5048028
1.03986,-0.5324117,-14.985948,0.6539517,0.4999336,-0.52429664,0.21800625
0.826063,-1.1808714,-15.282727,0.1372867,0.8156499,0.24707314,0.5047995
1.0406728,-0.5330183,-14.985882,0.65400356,0.49959874,-0.52453196,0.21805227
0.826132,-1.1810403,-15.282794,0.13745847,0.81561697,0.24702778,0.5048282
1.0404211,-0.533535,-14.985826,0.6541243,0.49927983,-0.52467364,0.21807967
0.825104,-1.1811817,-15.282849,0.13748156,0.8156717,0.24701029,0.50474215
1.0402055,-0.5339776,-14.985778,0.6542287,0.49903545,-0.52478737,0.21805218
0.8242377,-1.1813009,-15.282896,0.13747203,0.81570107,0.24700153,0.50470144
1.0400198,-0.5343589,-14.985737,0.6543248,0.49884328,-0.5248446,0.21806571
0.8246922,-1.181488,-15.28297,0.13750969,0.81565446,0.24710819,0.5047142
1.0412325,-0.53423154,-14.987183,0.65431285,0.4986647,-0.52502483,0.21807633
0.8248758,-1.1815637,-15.283,0.13754371,0.8156088,0.24716945,0.50474876
1.0409952,-0.53453916,-14.9870405,0.654354,0.4985974,-0.5250429,0.21806324
0.8258934,-1.1824884,-15.283026,0.1376064,0.81548876,0.2473114,0.5048561
1.040787,-0.5348092,-14.986916,0.65440714,0.49850744,-0.52509147,0.21799223
0.82681674,-1.1824709,-15.283049,0.1376329,0.8154219,0.24736106,0.5049326
1.0399442,-0.5350472,-14.986806,0.65444386,0.49844292,-0.52513826,0.21791682
0.8268021,-1.1832695,-15.283069,0.13772799,0.8154111,0.24737665,0.5049165
1.0404509,-0.5346315,-14.986708,0.654386,0.49837473,-0.5253004,0.21785614
0.8267893,-1.1831908,-15.283087,0.13769762,0.81543237,0.24736302,0.50489706
1.0397111,-0.5342623,-14.986621,0.65443593,0.49828714,-0.525385,0.2177019
0.8275735,-1.1831163,-15.283103,0.1377444,0.81541324,0.24733503,0.5049289
1.039617,-0.5344985,-14.986544,0.65443003,0.49821022,-0.52547693,0.2176739
0.82839966,-1.1821232,-15.28312,0.1377391,0.8154019,0.2472674,0.5049818
1.0400697,-0.5347097,-14.986475,0.65442884,0.4981027,-0.52560055,0.21762519
0.8273718,-1.1812694,-15.283135,0.13766727,0.8154623,0.24721102,0.50493145
1.0399657,-0.5348991,-14.986412,0.65442204,0.49804467,-0.5256807,0.2175848
0.82648367,-1.1813573,-15.283149,0.13766077,0.8154957,0.24720336,0.50488293
1.0398722,-0.53458494,-14.986358,0.6544392,0.49800226,-0.5257285,0.21751465
0.82649666,-1.1814336,-15.28316,0.1376656,0.8154756,0.24721768,0.50490713
1.0397878,-0.53476185,-14.986307,0.6544382,0.49796948,-0.525766,0.21750197
0.8273274,-1.1806883,-15.283171,0.1376333,0.8154633,0.24717206,0.50495803
1.0397104,-0.53492385,-14.986261,0.65441287,0.4979557,-0.5258091,0.21750566
0.82727104,-1.1808203,-15.28318,0.13758641,0.8154757,0.24715404,0.50495964
1.0396365,-0.53507876,-14.9862175,0.654408,0.4979608,-0.5258067,0.21751447
0.82721627,-1.1801103,-15.28319,0.13751249,0.81550545,0.2471311,0.5049431
1.0395656,-0.53522754,-14.986176,0.654428,0.49795192,-0.52578604,0.21752478
0.8271684,-1.1802925,-15.283197,0.13749848,0.815495,0.2470879,0.50498486
1.0399257,-0.5353623,-14.986136,0.65439403,0.49796155,-0.5258083,0.2175513
0.82712626,-1.1804528,-15.283205,0.13744219,0.8154742,0.24707602,0.5050395
1.0402527,-0.5354846,-14.986101,0.6543675,0.4979753,-0.5258186,0.21757464
0.8278745,-1.1806035,-15.283212,0.13740383,0.8154575,0.24709712,0.5050666
1.0405504,-0.535596,-14.98607,0.6543474,0.49800628,-0.5258076,0.21759073
0.82842594,-1.1808697,-15.283224,0.13729666,0.8154612,0.24709949,0.50508857
1.0407243,-0.5357904,-14.986014,0.6543458,0.4980419,-0.525788,0.21756136
0.8290758,-1.1809878,-15.283228,0.13734582,0.8154589,0.24702954,0.5051132
1.0409634,-0.535547,-14.985991,0.65432304,0.49806336,-0.52580136,0.21754816
0.828126,-1.1803327,-15.283233,0.13727261,0.8155557,0.24692626,0.50502735
1.0411828,-0.5356357,-14.985968,0.6543263,0.49805343,-0.52581227,0.21753496
0.8272949,-1.1804794,-15.2832365,0.1372335,0.8156301,0.24689116,0.50493497
1.0407916,-0.53542084,-14.985948,0.65435696,0.49804056,-0.52580374,0.21749282
0.82724845,-1.1799244,-15.28324,0.1372451,0.8156848,0.24677931,0.50489813
1.0409946,-0.535223,-14.9859295,0.6543472,0.4980289,-0.5258398,0.21746176
0.8259458,-1.1790007,-15.283246,0.13723132,0.81578135,0.24664655,0.5048107
1.0411006,-0.53512615,-14.985895,0.6543886,0.49800473,-0.5258179,0.21744545
0.8259934,-1.1785684,-15.283248,0.13717099,0.8157995,0.24663006,0.504806
1.0410255,-0.53544676,-14.98588,0.6544277,0.49798626,-0.5257729,0.21747881
0.8260357,-1.1788104,-15.283251,0.1371422,0.81581146,0.24661739,0.5048006
1.040956,-0.53551435,-14.985866,0.65445113,0.49798626,-0.525738,0.21749268
0.8260773,-1.1783906,-15.283253,0.13704894,0.8158304,0.24656287,0.5048219
1.0408914,-0.53535914,-14.986071,0.65445757,0.49799505,-0.5257138,0.21751162
0.8254549,-1.1779977,-15.283256,0.13696857,0.81586003,0.24652244,0.5048155
1.0406246,-0.535422,-14.986054,0.65449136,0.49799117,-0.52566874,0.21752784
0.82486385,-1.1776246,-15.2832575,0.13685966,0.8159137,0.24644041,0.5047985
1.0403534,-0.5357008,-14.986038,0.6545347,0.49798614,-0.5256109,0.21754834
0.82429755,-1.1772671,-15.28326,0.13680457,0.81594384,0.24634108,0.50481313
1.0402999,-0.5357624,-14.98602,0.6545529,0.49798143,-0.52558595,0.2175648
0.82445866,-1.1776122,-15.283262,0.1368183,0.81591135,0.24624363,0.5049094
1.0402495,-0.53559905,-14.986226,0.65456146,0.49797213,-0.5255836,0.21756622
0.8246093,-1.1772721,-15.283263,0.13675827,0.8158834,0.24614309,0.50501996
1.0401987,-0.5354348,-14.986432,0.65456516,0.4979736,-0.5255713,0.2175816
0.8247583,-1.1769358,-15.283265,0.13668522,0.8158927,0.24601486,0.5050871
1.0401465,-0.53550595,-14.986645,0.6545816,0.49795648,-0.52556634,0.21758315
0.82510537,-1.1763152,-15.283267,0.13657129,0.8159416,0.24571389,0.5051855
1.0402893,-0.5353956,-14.987082,0.6546167,0.4979136,-0.5255659,0.21757649
0.8252288,-1.1760234,-15.283268,0.1365107,0.8159694,0.24568768,0.5051696
1.0402324,-0.53547084,-14.987286,0.65465593,0.49789843,-0.525532,0.21757519
0.8245723,-1.1757556,-15.283269,0.13640629,0.8160872,0.24561648,0.5050422
1.0401692,-0.53555447,-14.987513,0.6547055,0.49787334,-0.52549464,0.21757367
0.82472986,-1.176253,-15.283271,0.13651764,0.8160835,0.24562675,0.50501317
1.0400995,-0.5356468,-14.987764,0.654762,0.49784276,-0.5254519,0.21757682
0.8248688,-1.1759933,-15.283272,0.13653532,0.81612223,0.2456084,0.50495464
1.0400233,-0.5357476,-14.988039,0.6548171,0.49781555,-0.5254187,0.2175533
0.823646,-1.1757612,-15.283273,0.13655789,0.81623733,0.24556743,0.50478244
1.0399426,-0.53544873,-14.98833,0.6548782,0.49777102,-0.5254017,0.21751224
0.82320565,-1.176196,-15.283274,0.13660426,0.81628805,0.24555743,0.50469273
1.0393442,-0.5355967,-14.988674,0.6549729,0.49772552,-0.5253515,0.2174525
0.8234231,-1.1765815,-15.283276,0.1366931,0.8163291,0.24551933,0.5046208
1.0392746,-0.53574795,-14.989027,0.6550403,0.49767357,-0.52532315,0.21743682
0.82303905,-1.1769246,-15.283277,0.13674466,0.8163802,0.24551292,0.5045273
1.0392052,-0.5364719,-14.989379,0.65514904,0.49758485,-0.52528155,0.21741314
0.82269615,-1.1761338,-15.283277,0.13672185,0.81644475,0.24544872,0.5044602
1.0384802,-0.5359435,-14.989754,0.65523803,0.4975508,-0.52523553,0.2173341
0.82238895,-1.1764675,-15.283277,0.13677537,0.8165225,0.24539146,0.50434774
1.0384539,-0.53610915,-14.99012,0.6553495,0.4974518,-0.5252062,0.21729544
0.8221056,-1.1762673,-15.283277,0.13683625,0.8165936,0.24529241,0.50426435
1.0384284,-0.5362701,-14.990476,0.65542775,0.497379,-0.52517587,0.21729909
0.8218506,-1.1765699,-15.283277,0.13690595,0.8166478,0.24523173,0.5041871
1.0376009,-0.5364375,-14.990847,0.6555436,0.49731836,-0.52511936,0.21722509
0.82160306,-1.1763701,-15.283277,0.13693887,0.8166873,0.24520078,0.5041291
1.0376444,-0.5365948,-14.991195,0.6555803,0.4972734,-0.5251127,0.21723355
0.82137996,-1.1766591,-15.283277,0.13705218,0.81671137,0.2451634,0.50407755
1.037685,-0.5367421,-14.991521,0.65568113,0.4972045,-0.5250579,0.21721926
0.8216239,-1.1769202,-15.283277,0.13712141,0.8167356,0.24510634,0.50404716
1.0377231,-0.53687954,-14.991825,0.6557149,0.49716532,-0.5250502,0.2172253
0.8214217,-1.1767334,-15.283277,0.13715564,0.81678516,0.2450138,0.5040027
1.0377584,-0.53700733,-14.992107,0.65576476,0.49716488,-0.5250007,0.21719584
0.82121813,-1.1765455,-15.283277,0.13721474,0.81682795,0.24490768,0.5039687
1.0368686,-0.53620595,-14.992377,0.65579265,0.49721843,-0.52494633,0.2171204
0.8210053,-1.1763489,-15.283277,0.1372389,0.81685495,0.24484698,0.503948
1.0360036,-0.5364202,-14.9926405,0.6558492,0.49725065,-0.5248618,0.21708022
0.8207856,-1.1761461,-15.283277,0.13728,0.816888,0.24474606,0.5039323
1.035195,-0.535585,-14.992886,0.6558794,0.49728325,-0.524816,0.2170253
0.82056165,-1.1759393,-15.283277,0.13730663,0.8169301,0.24465993,0.50389844
1.0354952,-0.53487265,-14.993095,0.65592057,0.49726313,-0.5248231,0.21692942
0.820336,-1.1757311,-15.2832775,0.13725257,0.8169975,0.24454957,0.50385743
1.0347382,-0.5342013,-14.993293,0.6559557,0.49729285,-0.52477616,0.21686885
0.8193992,-1.1755097,-15.283278,0.13725586,0.81708086,0.24447127,0.5037594
1.0350881,-0.53362703,-14.993462,0.65590954,0.49732992,-0.52481127,0.2168385
0.819236,-1.175977,-15.283278,0.13731612,0.8170993,0.24441613,0.5037399
1.0353868,-0.53408694,-14.993606,0.655915,0.49735036,-0.5248002,0.21680143
0.81973535,-1.1751068,-15.283278,0.1373149,0.81714803,0.24421795,0.50375724
1.0356425,-0.533578,-14.992827,0.6558624,0.49741316,-0.5248295,0.21674557
0.81956214,-1.1755669,-15.283278,0.13740003,0.8171589,0.24416482,0.50374216
1.0358627,-0.53399736,-14.992156,0.65585995,0.49745342,-0.5248081,0.21671255
0.8194017,-1.1753839,-15.283278,0.13737555,0.8171541,0.24410027,0.5037879
1.0360531,-0.5343603,-14.991575,0.6558564,0.4974842,-0.5247982,0.21667664
0.81924343,-1.1752033,-15.283278,0.13736957,0.8171553,0.24408978,0.5037926
1.0362186,-0.5339019,-14.991071,0.6557626,0.49758595,-0.52485615,0.21658662
0.81971276,-1.1750432,-15.283278,0.13737372,0.81710196,0.24404754,0.50389844
1.0370986,-0.53350145,-14.990629,0.655684,0.49766177,-0.5248856,0.216579
0.82070947,-1.17548,-15.283278,0.13747595,0.81698555,0.24410833,0.5040298
1.0378705,-0.5331502,-14.990243,0.65559024,0.4977147,-0.5249612,0.21655801
0.81994873,-1.1753197,-15.283278,0.13749498,0.8170014,0.2441235,0.50399154
1.0378871,-0.53350425,-14.989903,0.655563,0.49771968,-0.525018,0.21649133
0.82031274,-1.1756989,-15.283278,0.13757892,0.81694794,0.24415557,0.50403994
1.038532,-0.53318703,-14.989601,0.6554779,0.49777764,-0.52507734,0.21647193
0.8209344,-1.1758746,-15.283278,0.13778163,0.81681085,0.24424243,0.5041646
1.0390512,-0.5337869,-14.989096,0.6553635,0.49782646,-0.52521396,0.21637423
0.8203042,-1.1761738,-15.283278,0.13791822,0.81681883,0.24426368,0.504104
1.0389982,-0.5340395,-14.988883,0.65532666,0.4977916,-0.52533615,0.21626942
0.82058495,-1.1764448,-15.283278,0.13804664,0.81676775,0.24427539,0.504146
1.0394642,-0.53426594,-14.988692,0.6552821,0.49774447,-0.52546924,0.21618965
0.8204354,-1.1762863,-15.283278,0.13817114,0.81673396,0.24426351,0.5041723
1.0393956,-0.53398186,-14.988521,0.6552584,0.49770468,-0.52558506,0.2160715
0.8202993,-1.1765264,-15.283278,0.13830966,0.8166856,0.2443152,0.5041877
1.0402603,-0.5337256,-14.988366,0.6551586,0.49767706,-0.52576333,0.21600422
0.82017523,-1.1767454,-15.283278,0.13844803,0.816629,0.24434793,0.5042256
1.0406021,-0.5339342,-14.988226,0.65511763,0.49763796,-0.52587384,0.21594955
0.8200618,-1.1769454,-15.282932,0.13857266,0.8165747,0.24442436,0.50424224
1.0409118,-0.53412324,-14.9881,0.6550498,0.49761274,-0.5259925,0.21592423
0.82028735,-1.1771288,-15.282945,0.13869637,0.81648934,0.2445015,0.504309
1.0403987,-0.534295,-14.987985,0.6550385,0.4975895,-0.5260595,0.21584906
0.8208072,-1.1772969,-15.282642,0.13880628,0.8164064,0.24458279,0.50437355
1.0406862,-0.5344515,-14.987879,0.654976,0.49757615,-0.526155,0.21583642
0.8209877,-1.1774514,-15.282662,0.13891935,0.81636274,0.24463704,0.50438684
1.0405902,-0.53459424,-14.9877825,0.65494525,0.4975772,-0.52620083,0.21581556
0.8211539,-1.1775936,-15.282399,0.13902003,0.81631714,0.24469012,0.50440717
1.0408428,-0.5343842,-14.987695,0.6548823,0.49756888,-0.5263125,0.21575364
0.82130706,-1.1782614,-15.282155,0.13970314,0.81621736,0.24486917,0.50429296
1.0410744,-0.5345153,-14.987615,0.65478456,0.4977082,-0.52638084,0.21556194
0.82144856,-1.1791329,-15.281929,0.14077029,0.8160526,0.2451232,0.5041394
1.0409796,-0.5346357,-14.987541,0.6547356,0.49790186,-0.5263679,0.21529493
0.82161933,-1.1801846,-15.281658,0.14209408,0.81590426,0.245388,0.50387913
1.0406004,-0.5347464,-14.9874735,0.65470797,0.49811605,-0.5263373,0.21495819
0.8213768,-1.18182,-15.281236,0.14357394,0.81583226,0.24568443,0.5034316
1.0408059,-0.5348484,-14.987411,0.65461266,0.4983485,-0.5263375,0.2147091
0.8218025,-1.1849661,-15.280624,0.14536196,0.81571543,0.24595341,0.5029764
1.040732,-0.535206,-14.987353,0.65459985,0.49858508,-0.5262358,0.21444798
0.8203654,-1.1875801,-15.27993,0.14717734,0.8158443,0.24598344,0.5022242
1.0404133,-0.53553647,-14.987301,0.6546317,0.4988729,-0.52605224,0.2141316
0.8199382,-1.1918286,-15.277897,0.14928865,0.81592774,0.24595475,0.501479
1.0403563,-0.5356043,-14.987251,0.6546158,0.49919897,-0.5258777,0.2138485
0.819473,-1.1979922,-15.275682,0.15146679,0.8161767,0.24572326,0.50053316
1.0403036,-0.5356672,-14.9872055,0.6546302,0.49956757,-0.5256548,0.21349153
0.819001,-1.2061046,-15.273437,0.15394665,0.81640583,0.24546878,0.49952677
1.0398252,-0.53572553,-14.987164,0.65475637,0.49997836,-0.5253035,0.21300712
0.8181868,-1.2224857,-15.267176,0.15954033,0.81747156,0.24324943,0.4971086
1.0393091,-0.5358419,-14.987315,0.65500367,0.5007124,-0.5245932,0.21227168
0.81529313,-1.2297659,-15.263756,0.16163531,0.818073,0.24246062,0.4958262
1.0389962,-0.5359124,-14.987535,0.6551703,0.5010099,-0.52422965,0.21195345
0.81579643,-1.2382871,-15.261061,0.16349697,0.8185218,0.24155958,0.49491397
1.0385914,-0.53637433,-14.987821,0.6554181,0.5013149,-0.5237207,0.21172433
0.8105245,-1.2415955,-15.259124,0.16429554,0.8193541,0.24066904,0.49370462
1.0381439,-0.53645873,-14.987709,0.65561277,0.5016483,-0.5232901,0.21139643
0.8066596,-1.2469423,-15.257703,0.16503505,0.8199022,0.23997132,0.4928871
1.0369812,-0.5371489,-14.988144,0.6559211,0.50193465,-0.5227674,0.21105315
0.80397683,-1.2477405,-15.256717,0.16550034,0.8205402,0.23901235,0.49213487
1.0355971,-0.53797066,-14.987927,0.6561337,0.5022276,-0.5223131,0.2108198
0.8050173,-1.2482957,-15.256032,0.16582528,0.8209085,0.23801076,0.4918966
1.0340568,-0.53888506,-14.987685,0.65624964,0.5026074,-0.52192885,0.21050556
0.8000525,-1.2486738,-15.255565,0.16551046,0.8214787,0.23722842,0.49142823
1.032435,-0.5398478,-14.9874325,0.6562013,0.50308496,-0.5215667,0.21041301
0.79938906,-1.2489406,-15.255236,0.16546693,0.8217546,0.2362538,0.49145126
1.03201,-0.5396785,-14.987204,0.65604013,0.5035972,-0.5213697,0.2101783
0.7989213,-1.2491286,-15.255003,0.16548374,0.82187647,0.23531768,0.4916908
1.0304928,-0.5395167,-14.986984,0.65593857,0.5040678,-0.5211058,0.21002167
0.795909,-1.2465552,-15.254847,0.16496098,0.82212204,0.23450112,0.49184608
1.0290049,-0.54059017,-14.986769,0.6557391,0.5045704,-0.5208822,0.20999216
0.7964153,-1.244797,-15.254742,0.16457452,0.8221513,0.23385522,0.49223402
1.0276543,-0.5402818,-14.986574,0.6554253,0.5051754,-0.5206956,0.20997997
0.79676795,-1.2435724,-15.254667,0.16430679,0.8220324,0.23307236,0.49289277
1.0277638,-0.5400217,-14.98641,0.6550617,0.5057572,-0.52057266,0.21001908
0.7970181,-1.2403893,-15.254615,0.16371317,0.82196224,0.23237929,0.4935342
1.0278544,-0.538621,-14.986274,0.6546458,0.506338,-0.52051336,0.21006349
0.79939705,-1.2380936,-15.254577,0.16323644,0.821723,0.23173848,0.49439108
1.026752,-0.538579,-14.9861555,0.65427476,0.5068881,-0.52034336,0.21031353
0.80322886,-1.2322342,-15.256638,0.16184798,0.8212777,0.231002,0.49592972
1.0269558,-0.53629893,-14.984934,0.6535691,0.50775075,-0.52026075,0.21063116
0.806078,-1.2278774,-15.25817,0.16078562,0.82089996,0.23024836,0.49724936
1.0271269,-0.5343858,-14.984977,0.65291464,0.50842965,-0.5202694,0.21100137
0.808226,-1.2245927,-15.259325,0.15972179,0.82050145,0.23000804,0.49836007
1.0272714,-0.5337831,-14.983999,0.6523269,0.5090654,-0.5202063,0.2114417
0.8116572,-1.2220842,-15.260208,0.15884398,0.82007855,0.22993763,0.4993682
1.0273942,-0.53230846,-14.983169,0.65169954,0.5096436,-0.5202536,0.21186651
0.817712,-1.2201451,-15.260889,0.15827158,0.81949896,0.22984897,0.5005408
1.0284134,-0.5310478,-14.982457,0.6509585,0.51025516,-0.5204158,0.21227364
0.8219357,-1.217431,-15.261844,0.15681979,0.81831115,0.23048152,0.50264573
1.0276026,-0.52982163,-14.9813175,0.6499096,0.51142186,-0.5202215,0.21315444
0.82410866,-1.2164745,-15.26218,0.15612628,0.81755584,0.23114032,0.5037869
1.0276755,-0.52894354,-14.980859,0.6492771,0.512061,-0.520178,0.21365303
0.82724535,-1.2170895,-15.2610655,0.15564148,0.8167921,0.23191877,0.50481695
1.0277393,-0.52817744,-14.980459,0.64867175,0.5125875,-0.52029824,0.21393639
0.82979566,-1.2162731,-15.2614765,0.15509984,0.816184,0.23263659,0.5056363
1.0270302,-0.5274469,-14.980078,0.6483043,0.51295495,-0.5202806,0.21421206
0.83188665,-1.2156037,-15.261813,0.15452461,0.8156563,0.23335586,0.5063319
1.0271463,-0.52754337,-14.979732,0.6479569,0.51315117,-0.5203644,0.21458955
0.83361465,-1.2162386,-15.260902,0.15406093,0.8151619,0.23416983,0.50689334
1.0264268,-0.52680403,-14.979381,0.64774936,0.5132896,-0.52044374,0.21469256
0.8339247,-1.2156386,-15.261273,0.15367459,0.81474704,0.2348868,0.50734556
1.0266067,-0.5261306,-14.97906,0.64760345,0.5133584,-0.5205495,0.21471177
0.8352569,-1.2162076,-15.261584,0.15344146,0.81429386,0.23567066,0.50778
1.0267668,-0.5263452,-14.978777,0.64738613,0.51339155,-0.5206805,0.21497029
0.8363813,-1.2156694,-15.261847,0.15329976,0.8139115,0.23636931,0.50811106
1.0269138,-0.52572614,-14.978515,0.6472929,0.51337963,-0.52078736,0.21502033
0.8373363,-1.2152122,-15.26207,0.15324517,0.8136133,0.23691055,0.50835294
1.0270493,-0.52515537,-14.978274,0.6471713,0.5132866,-0.5210749,0.21491198
0.8390715,-1.2157409,-15.2622595,0.15328754,0.8133258,0.23756866,0.5084931
1.0271745,-0.52462804,-14.978051,0.6470306,0.51318884,-0.5213635,0.21486947
0.83968896,-1.2161952,-15.262423,0.15336706,0.8131889,0.23809291,0.5084429
1.0280724,-0.5241704,-14.977858,0.64676136,0.5131807,-0.52173615,0.21479492
0.83939254,-1.2165875,-15.262564,0.15342458,0.81332916,0.23830575,0.50810134
1.0272852,-0.52373207,-14.977673,0.6463393,0.51414937,-0.5216894,0.21386006
0.8391353,-1.216928,-15.262687,0.15350194,0.8134607,0.23838606,0.5078297
1.0264792,-0.5223609,-14.977484,0.6460483,0.5149251,-0.52170104,0.21284214
0.8381622,-1.2179738,-15.262794,0.15355974,0.813614,0.23846401,0.5075299
1.0257035,-0.5220232,-14.977302,0.6459111,0.5154868,-0.5216506,0.2120209
0.8373098,-1.2181785,-15.262888,0.1535812,0.81379414,0.23843873,0.50724655
1.0259857,-0.5217235,-14.977139,0.6455897,0.5160584,-0.5217171,0.21144523
0.83655983,-1.2183586,-15.26297,0.1536055,0.8139549,0.23838528,0.5070061
1.0252013,-0.5203667,-14.97698,0.6455155,0.5164017,-0.5217562,0.21073584
0.8358975,-1.2191596,-15.263042,0.15368685,0.81409985,0.23832832,0.50677556
1.0244758,-0.52021605,-14.976832,0.6455432,0.51664776,-0.52174014,0.2100867
0.83531034,-1.2186501,-15.263107,0.15369894,0.81426823,0.2381789,0.5065715
1.0249388,-0.518976,-14.976702,0.64555305,0.51674104,-0.52181697,0.20963578
0.8347879,-1.2181966,-15.2631645,0.15367414,0.814444,0.23805323,0.5063556
1.0242237,-0.51898533,-14.9765835,0.6458376,0.5167195,-0.5216802,0.20915188
0.83487195,-1.2183423,-15.263216,0.15370707,0.8145838,0.23793949,0.50617427
1.0235782,-0.51899374,-14.976477,0.64606255,0.5166055,-0.52162886,0.20886678
0.8339014,-1.2184727,-15.263262,0.15372348,0.8147767,0.23780139,0.50592345
1.024167,-0.5178507,-14.976384,0.6462195,0.51646715,-0.52173007,0.2084702
0.8335263,-1.2185899,-15.263303,0.15376584,0.81494325,0.23767382,0.5057022
1.0246835,-0.516848,-14.976302,0.6463371,0.51631963,-0.52191913,0.20799734
0.8327165,-1.2186955,-15.263341,0.15378736,0.8151572,0.23751955,0.50542337
1.0239897,-0.5171121,-14.97623,0.6466171,0.5160594,-0.521971,0.20764259
0.83198494,-1.2187909,-15.263374,0.15381698,0.81539494,0.23736703,0.50510246
1.0245022,-0.5173329,-14.97617,0.6467672,0.51577985,-0.52219343,0.20730987
0.8313224,-1.2188773,-15.263405,0.15388918,0.81565905,0.2372121,0.5047266
1.0249336,-0.51751894,-14.976119,0.6469696,0.5154122,-0.52244216,0.20696545
0.8303162,-1.2189558,-15.263433,0.15398194,0.8159647,0.23699503,0.504306
1.0252993,-0.51767653,-14.976075,0.64707977,0.5150691,-0.52273476,0.2067365
0.8290162,-1.219027,-15.263458,0.15407561,0.8163141,0.23675685,0.5038237
1.0265478,-0.5178108,-14.976039,0.6471822,0.51467246,-0.52310234,0.20647363
0.82783055,-1.218727,-15.263115,0.1541768,0.81670684,0.23648097,0.5032855
1.0267284,-0.51792604,-14.976007,0.6473443,0.5142687,-0.52341855,0.20617019
0.82657003,-1.219215,-15.262752,0.15437308,0.81721896,0.23613696,0.502555
1.0277295,-0.51717985,-14.975981,0.6474545,0.51387274,-0.5237806,0.2058916
0.8238276,-1.2193023,-15.262278,0.15463941,0.8181367,0.23552687,0.50126463
1.0277936,-0.5181397,-14.975957,0.64767975,0.51337296,-0.5240543,0.20573354
0.820335,-1.2201552,-15.261673,0.15523268,0.81935096,0.23467256,0.49949548
1.0278496,-0.5182124,-14.975936,0.6479037,0.5128676,-0.52434677,0.20554341
0.8139497,-1.2212231,-15.260917,0.15598173,0.8210069,0.23357953,0.4970494
1.0278984,-0.5190008,-14.975918,0.64815474,0.5123491,-0.5245856,0.20543557
0.80514634,-1.2237929,-15.26003,0.156999,0.822877,0.232388,0.4941868
1.02863,-0.5190047,-14.97659,0.64834553,0.5118597,-0.52487046,0.20532596
0.7922069,-1.226597,-15.259062,0.15804636,0.8246409,0.23117368,0.49147484
1.0292753,-0.5196623,-14.977184,0.64853334,0.5113206,-0.525168,0.20531523
0.77730036,-1.2314014,-15.258097,0.15921706,0.8262097,0.23007007,0.48897374
1.0298465,-0.5208661,-14.97771,0.648742,0.5108098,-0.5253935,0.20535061
0.75883394,-1.2358401,-15.257206,0.16025007,0.82759196,0.22892922,0.48682955
1.0303541,-0.5219357,-14.978177,0.6489405,0.51026154,-0.5256561,0.20541437
0.73452795,-1.2424403,-15.256428,0.16126211,0.82858753,0.22807923,0.4851981
1.0308068,-0.5234503,-14.978594,0.6491279,0.50972277,-0.52589655,0.20554446
0.70548296,-1.2508991,-15.255793,0.16195284,0.82912886,0.22743304,0.48434585
1.0312116,-0.5242724,-14.978966,0.64930886,0.50923055,-0.5261428,0.20556265
0.6768496,-1.2640729,-15.251905,0.16234672,0.82916135,0.22711441,0.4843079
1.031575,-0.5255163,-14.9793,0.6494633,0.5087789,-0.5263523,0.20565695
0.63769317,-1.2734404,-15.241622,0.16162796,0.82880783,0.22753192,0.4849571
1.031902,-0.5266357,-14.9796,0.6496139,0.5083658,-0.5265526,0.20569001
0.59587246,-1.2755322,-15.234887,0.15973099,0.827976,0.22893204,0.4863454
1.032197,-0.527646,-14.979871,0.6497689,0.5080016,-0.52669024,0.20574796
0.5531507,-1.2725381,-15.226486,0.15720075,0.82680154,0.23114514,0.48811796
1.032898,-0.52856016,-14.980117,0.6498712,0.50762695,-0.5269025,0.20580637
0.5061384,-1.2618905,-15.226082,0.15554126,0.8257406,0.23289423,0.48961186
1.03317,-0.5305728,-14.980388,0.6500733,0.5072093,-0.5270261,0.20588113
0.3490623,-1.2253913,-15.218497,0.15242466,0.8231437,0.23733902,0.49281994
1.0354366,-0.5356552,-14.980267,0.65016115,0.5065494,-0.5274819,0.20606057
0.23577619,-1.1962451,-15.217116,0.15132315,0.8215506,0.23945606,0.49478966
1.0369066,-0.5405697,-14.97972,0.650188,0.50632435,-0.5276067,0.20620935
0.14991908,-1.1771617,-15.222003,0.15048173,0.8201939,0.24113975,0.49647653
1.0370773,-0.5456998,-14.97915,0.65021014,0.50615317,-0.5277177,0.20627618
0.07209853,-1.1687696,-15.224153,0.14986227,0.8190012,0.24250281,0.49796665
1.0388148,-0.5507641,-14.978586,0.6502474,0.50601745,-0.5277757,0.20634313
0.010543296,-1.1594303,-15.225043,0.1493726,0.8179795,0.2435324,0.49928892
1.0404278,-0.55546576,-14.978063,0.65032774,0.5059205,-0.5277453,0.20640542
-0.04998916,-1.1557037,-15.225398,0.1490417,0.8171192,0.24421756,0.5004605
1.0399798,-0.5595749,-14.977606,0.650447,0.5058172,-0.52769315,0.20641613
-0.109957,-1.1542724,-15.225535,0.14879477,0.816374,0.24469398,0.5015163
1.041569,-0.5630958,-14.977214,0.6505665,0.5056913,-0.5276572,0.2064402
-0.16322541,-1.1599661,-15.225586,0.14874247,0.81565994,0.24497645,0.5025545
1.0408345,-0.56599027,-14.976892,0.6507196,0.5056005,-0.52756006,0.20642816
-0.22024295,-1.162006,-15.231925,0.14866473,0.8150705,0.24504416,0.50350004
1.038213,-0.56827193,-14.976639,0.65091026,0.5055066,-0.52744937,0.20634022
-0.27860934,-1.1627154,-15.23413,0.14858493,0.8146134,0.24488503,0.50434005
1.0381906,-0.5701138,-14.976434,0.65104187,0.50541824,-0.52740234,0.20626153
-0.3373125,-1.1759777,-15.234871,0.14858685,0.814176,0.24470185,0.505134
1.0360886,-0.5715481,-14.976274,0.65115356,0.5053859,-0.52733123,0.2061701
-0.40948057,-1.1869402,-15.241732,0.14856204,0.8138309,0.24438396,0.50585085
1.0365342,-0.57269,-14.976147,0.6512814,0.5052839,-0.5273136,0.20606093
-0.47931746,-1.1971234,-15.243901,0.1484729,0.8135292,0.24405096,0.5065227
1.0347781,-0.5735723,-14.976048,0.65140873,0.5051472,-0.5273291,0.20595384
-0.9270269,-1.2076218,-15.273425,0.14799924,0.81286407,0.24332266,0.5080772
1.0333765,-0.5764218,-14.978116,0.6516031,0.50472987,-0.5274958,0.20593542
-1.1227561,-1.2103105,-15.288356,0.1474993,0.81225973,0.24265371,0.5095068
1.0322683,-0.5786747,-14.979751,0.6518694,0.50425655,-0.52765167,0.20585267
-1.2360722,-1.210945,-15.291881,0.14707139,0.81166995,0.24207897,0.51084214
1.0335572,-0.57824516,-14.980976,0.6520312,0.5038439,-0.52787894,0.20576806
-1.329407,-1.2186124,-15.3002,0.1466974,0.81109095,0.24160615,0.51209146
1.0345396,-0.5779177,-14.981912,0.65232676,0.5033105,-0.52806073,0.2056702
-1.4181126,-1.2278767,-15.302023,0.14642632,0.81053996,0.24116085,0.5132501
1.0353308,-0.5797841,-14.982665,0.6526922,0.5027064,-0.52822727,0.20556062
-1.5134387,-1.2298462,-15.310057,0.14616576,0.8100402,0.24075517,0.51430297
1.0338069,-0.5812462,-14.983255,0.65312314,0.5021873,-0.5282104,0.20550391
-1.5945579,-1.2456306,-15.311708,0.14593989,0.8095599,0.24032152,0.515325
1.0305539,-0.5823567,-14.983704,0.65361875,0.5016214,-0.5281887,0.20536637
-1.6799891,-1.2564772,-15.319729,0.14568143,0.80906725,0.23979919,0.5164141
1.032208,-0.58322865,-14.9840555,0.65392625,0.50106597,-0.528374,0.20526634
-1.7662826,-1.2663363,-15.321333,0.14543143,0.8086012,0.2391913,0.51749533
1.0313933,-0.5839118,-14.984331,0.65415555,0.5006649,-0.52846456,0.20528133
-1.845059,-1.2759978,-15.329343,0.14516915,0.8081906,0.23847951,0.5185379
1.0328438,-0.5844361,-14.982467,0.6542039,0.5002988,-0.52872753,0.2053429
-1.9377112,-1.2933095,-15.330946,0.14484906,0.80785537,0.23776336,0.5194777
1.0318806,-0.58698833,-14.980966,0.6543294,0.49989608,-0.52890617,0.2054638
-2.0177593,-1.3044616,-15.338955,0.14451256,0.80750453,0.23699385,0.52046764
1.0352494,-0.58685046,-14.979845,0.65424323,0.49957883,-0.5292312,0.20567246
-2.1029763,-1.3220713,-15.340558,0.14421965,0.80716544,0.23625614,0.52140945
1.0379602,-0.5888286,-14.978944,0.65415555,0.4992403,-0.52957666,0.20588422
-2.189227,-1.3332831,-15.348567,0.14386927,0.806836,0.23545766,0.5223763
1.0379919,-0.588302,-14.978256,0.6540581,0.49900246,-0.5298925,0.20595771
-2.2756846,-1.343215,-15.35017,0.14355925,0.80651385,0.23462398,0.5233333
1.0419108,-0.58790445,-14.977738,0.6538508,0.49869588,-0.5303546,0.20616901
-2.369873,-1.3528911,-15.35818,0.14320204,0.8061556,0.23379742,0.52435213
1.0411792,-0.5857532,-14.977345,0.6538194,0.49850583,-0.5305818,0.20614375
-2.4579182,-1.3625162,-15.367472,0.14281996,0.8057631,0.23291913,0.5254494
1.0423756,-0.5858605,-14.977043,0.65375763,0.49821675,-0.530869,0.2062989
-2.5447345,-1.3644412,-15.36933,0.1424099,0.80527914,0.23211916,0.5266552
1.0416192,-0.5859455,-14.976806,0.6538355,0.4979898,-0.5309818,0.20631008
-2.631305,-1.3725158,-15.377391,0.14198807,0.80468833,0.23140404,0.52798516
1.0426961,-0.5860151,-14.976609,0.653775,0.4977616,-0.5312521,0.20635669
-2.725516,-1.3741307,-15.386693,0.14156464,0.8040031,0.23074232,0.5294303
1.0419027,-0.58607125,-14.976452,0.6537866,0.49752808,-0.531418,0.20645557
-2.8135657,-1.3898331,-15.396244,0.14120924,0.8032054,0.23033291,0.5309123
1.041257,-0.58611697,-14.976324,0.65378594,0.4973528,-0.5315328,0.20658447
-2.9080725,-1.3929737,-15.405844,0.14071764,0.80244803,0.22995259,0.532351
1.0423503,-0.5861547,-14.976218,0.65376776,0.49705157,-0.531762,0.2067769
-2.9961812,-1.4012914,-15.4077635,0.14038417,0.8015386,0.22975181,0.5338936
1.041611,-0.587863,-14.976129,0.65387654,0.4967963,-0.5317953,0.20696045
-3.0830104,-1.4029549,-15.415837,0.13998432,0.80060714,0.22944145,0.53552705
1.0410179,-0.58760506,-14.976055,0.653994,0.49651003,-0.53188056,0.20705742
-3.184963,-1.4186671,-15.425141,0.13979976,0.7996921,0.2292561,0.5370197
1.0405372,-0.5873959,-14.975997,0.6540634,0.4963064,-0.5319511,0.20714535
-3.2745607,-1.4218096,-15.434692,0.13974683,0.79876655,0.2289455,0.5385413
1.0401442,-0.58722496,-14.975948,0.6541785,0.4960784,-0.53200054,0.20720072
-3.3693774,-1.422438,-15.444292,0.13945869,0.79793316,0.22852822,0.5400268
1.0398207,-0.5870842,-14.975909,0.65431273,0.4959199,-0.5319939,0.20717333
-3.4575481,-1.4302534,-15.453902,0.13924228,0.7970929,0.2281212,0.54149354
1.0395375,-0.58855146,-14.975874,0.65448135,0.49570543,-0.5319408,0.20729037
-3.5366998,-1.4395062,-15.463512,0.13907339,0.79609627,0.22782867,0.5431238
1.0392936,-0.58981615,-14.975843,0.65459466,0.4955673,-0.5318938,0.20738344
-3.637117,-1.4490464,-15.473125,0.13892263,0.79522187,0.22747092,0.54459137
1.0390859,-0.59089285,-14.975818,0.65454924,0.49548513,-0.53197044,0.20752677
-3.741787,-1.4432647,-15.482738,0.13879563,0.7943992,0.22702062,0.54601043
1.0389109,-0.5918001,-14.975797,0.6546325,0.49533,-0.5319556,0.20767207
-3.8319285,-1.4497981,-15.492349,0.13891958,0.79328346,0.22675356,0.5477094
1.0404841,-0.5925414,-14.977495,0.65461576,0.49519205,-0.53204703,0.20781977
-3.9345434,-1.4511049,-15.501961,0.13906482,0.79211056,0.22660264,0.5494299
1.0400814,-0.5914895,-14.978821,0.6545556,0.49513745,-0.5321665,0.20783344
-4.3164825,-1.4359868,-15.534642,0.1395258,0.78959334,0.22714168,0.5527039
1.0397637,-0.5906597,-14.979866,0.65456176,0.4952066,-0.5321074,0.20780073
-4.477457,-1.4175837,-15.548869,0.13962203,0.7874848,0.22769752,0.5554524
1.0395082,-0.5914776,-14.980708,0.6547671,0.49513033,-0.53185844,0.20797272
-4.5942388,-1.4139031,-15.567093,0.13982144,0.78545797,0.22837591,0.5579877
1.040714,-0.5907233,-14.981383,0.6547484,0.49521294,-0.53177816,0.20804033
-4.7175612,-1.4054773,-15.578427,0.13970205,0.7837575,0.2290233,0.5601391
1.0417588,-0.5915028,-14.981969,0.6547618,0.4952208,-0.531707,0.20816115
-4.834502,-1.403792,-15.588385,0.13950351,0.78225726,0.22967722,0.562015
1.0426714,-0.5921837,-14.982481,0.65475607,0.49528667,-0.5315803,0.2083458
-4.950167,-1.403455,-15.598065,0.13941662,0.78090256,0.23042098,0.56361365
1.0419712,-0.5927622,-14.982915,0.6548878,0.49532503,-0.5313758,0.20836236
-5.0578866,-1.4033877,-15.615381,0.13932733,0.77933794,0.23129287,0.56544137
1.0414081,-0.5918256,-14.983264,0.65504193,0.4953966,-0.53114444,0.20829797
-5.1793966,-1.3956846,-15.626534,0.13894536,0.7778995,0.23215817,0.5671589
1.0409389,-0.5924126,-14.983556,0.6552287,0.4954156,-0.5308466,0.20842457
-5.3036647,-1.3864542,-15.636454,0.13858873,0.7765643,0.23324119,0.56862956
1.0405313,-0.5929226,-14.983808,0.65546584,0.4954031,-0.5305687,0.20841613
-5.420795,-1.3769183,-15.646128,0.13833874,0.77504253,0.23440939,0.57028395
1.0401998,-0.59202147,-14.984013,0.65558463,0.49545053,-0.5303948,0.2083722
-5.544187,-1.3673215,-15.655751,0.13790683,0.7736384,0.23583317,0.5717063
1.039928,-0.59253263,-14.982931,0.65576434,0.49542627,-0.5302039,0.20835045
-5.753418,-1.3500228,-15.680745,0.13679457,0.7719139,0.23837651,0.5732476
1.0409606,-0.59298563,-14.983247,0.65594035,0.49522913,-0.530123,0.20847069
-6.4565787,-1.269666,-15.762642,0.13337041,0.7668969,0.24491942,0.5780104
1.0393676,-0.5933648,-14.983511,0.65623397,0.49491936,-0.5299795,0.20864698
-6.704867,-1.2305255,-15.786712,0.13088831,0.7633386,0.24941312,0.5813566
1.0404446,-0.5936983,-14.983743,0.65636605,0.4946241,-0.5299778,0.20893568
-6.8391113,-1.2226974,-15.799214,0.12919065,0.76031446,0.25299552,0.5841447
1.0401216,-0.59534,-14.98396,0.6566043,0.49431178,-0.52989554,0.20913492
-6.950547,-1.2134421,-15.809404,0.12821133,0.7577177,0.25587258,0.58647674
1.0398444,-0.59542435,-14.984145,0.6567696,0.4941339,-0.5298086,0.20925662
-7.0497313,-1.2039013,-15.826822,0.12717903,0.75538194,0.25814074,0.5887164
1.0395907,-0.59690714,-14.984316,0.65709263,0.49381188,-0.5296447,0.20941736
-7.154155,-1.2096828,-15.837995,0.12665701,0.75370175,0.26017365,0.5900859
1.0393778,-0.59676987,-14.984459,0.65730304,0.49356753,-0.5295758,0.20950708
-7.2442465,-1.2031494,-15.8479185,0.12593016,0.7522662,0.2615925,0.5914445
1.039186,-0.59810096,-14.984588,0.6575566,0.49330196,-0.52945423,0.2096444
-7.3237824,-1.1941531,-15.8575945,0.12479241,0.7511287,0.2628536,0.5925712
1.039016,-0.59927964,-14.984702,0.65781486,0.49305147,-0.52937657,0.20961975
-7.4628305,-1.1843042,-15.876833,0.12327575,0.74959636,0.26401457,0.5943103
1.0402589,-0.5998363,-14.984874,0.65809244,0.49258783,-0.5294782,0.20958184
-7.5212936,-1.2057635,-15.886446,0.122951075,0.7488603,0.2647516,0.59497726
1.0399137,-0.60075635,-14.984944,0.6581888,0.4924493,-0.5295356,0.20945933
-7.5791245,-1.2023656,-15.896059,0.1229423,0.7485569,0.26507366,0.5952175
1.0396385,-0.6000232,-14.985,0.6581861,0.49233916,-0.52970564,0.20929691
-7.6291394,-1.1863066,-15.897981,0.122436345,0.74848956,0.26488826,0.59548885
1.0393885,-0.60250187,-14.98505,0.6582323,0.49212548,-0.5298239,0.20935497
-7.6699014,-1.1984743,-15.906055,0.122567594,0.7484101,0.26505017,0.59548974
1.0391761,-0.60301054,-14.985094,0.658186,0.4920111,-0.52996093,0.20942251
-7.7088118,-1.2009078,-15.90767,0.12239987,0.74841404,0.26523283,0.5954379
1.0389967,-0.6034402,-14.98513,0.6580744,0.4919864,-0.53012526,0.20941553
-7.739663,-1.2090842,-15.907993,0.12259658,0.7483418,0.26546663,0.595384
1.0403916,-0.6022432,-14.985158,0.65779585,0.49206668,-0.53038347,0.20944808
-7.768903,-1.2030298,-15.908057,0.12234278,0.748441,0.26551378,0.5952906
1.040045,-0.6027475,-14.983722,0.6577317,0.49202755,-0.53046036,0.20954658
-7.78244,-1.2095085,-15.91576,0.12233395,0.74826986,0.26578218,0.5953877
1.0411526,-0.6017671,-14.983951,0.65767056,0.49196982,-0.530572,0.2095914
-7.8005266,-1.2108043,-15.917301,0.12224044,0.7484934,0.26583546,0.5951022
1.0407355,-0.60228753,-14.98282,0.6577639,0.4918637,-0.530512,0.20969968
-7.8118343,-1.2187531,-15.90992,0.12244484,0.7486961,0.2661739,0.5946536
1.0416578,-0.6027201,-14.98188,0.65779805,0.4917918,-0.53049767,0.20979711
-7.8064055,-1.2203429,-15.916132,0.122796476,0.7487441,0.2664103,0.59441483
1.0411929,-0.60309285,-14.98107,0.6579168,0.49171674,-0.5303907,0.20987134
-7.81301,-1.2129712,-15.917375,0.12300658,0.74886066,0.26621547,0.5943117
1.0407902,-0.6034156,-14.980368,0.65808964,0.49169478,-0.53019583,0.20987284
-7.7989516,-1.2114968,-15.9176235,0.12324299,0.7485733,0.26626727,0.59460145
1.0404404,-0.603696,-14.979758,0.6580838,0.49174032,-0.53012824,0.20995562
-7.7961397,-1.2265815,-15.909984,0.12422601,0.74832666,0.26628482,0.59469956
1.0401361,-0.60393995,-14.979228,0.6581861,0.49169266,-0.5300526,0.20993753
-7.787888,-1.2219086,-15.908457,0.12497815,0.7478095,0.2657987,0.59540945
1.0411246,-0.60415155,-14.978768,0.658169,0.49164927,-0.5300533,0.21009056
-7.778548,-1.2209741,-15.90815,0.12623568,0.747031,0.26517606,0.59639835
1.0407332,-0.60433495,-14.97837,0.6582311,0.49160364,-0.52998346,0.21017914
-7.7689896,-1.220787,-15.900399,0.12720385,0.7463494,0.26438314,0.5973972
1.0403935,-0.6044942,-14.978024,0.65826386,0.49155387,-0.52998805,0.21018133
-7.7593884,-1.2207497,-15.8988495,0.12815358,0.7454247,0.26351842,0.5987294
1.0401124,-0.60344297,-14.977736,0.6581856,0.49155787,-0.5300755,0.21019651
-7.7497783,-1.2130526,-15.89854,0.12882572,0.7443591,0.26238158,0.6004078
1.0410022,-0.6025672,-14.977499,0.65798056,0.49155593,-0.5302646,0.21036574
-7.740167,-1.2115132,-15.898478,0.12942176,0.7431494,0.26137814,0.60221297
1.0406809,-0.6029,-14.9773,0.65798485,0.491443,-0.5303225,0.21047068
-7.7305546,-1.2112052,-15.898465,0.12986144,0.7418274,0.26028427,0.6042186
1.0404097,-0.6031811,-14.97713,0.657967,0.49129835,-0.53042376,0.21060891
-7.7363224,-1.2111436,-15.890772,0.13008052,0.74083865,0.25915334,0.6058686
1.0412493,-0.60455835,-14.976966,0.6579596,0.49110603,-0.530517,0.21084554
-7.7144065,-1.218821,-15.896924,0.1302147,0.7394295,0.2582402,0.6079476
1.043073,-0.6046724,-14.976822,0.6578623,0.4909521,-0.5307046,0.21103528
-7.702334,-1.2049772,-15.890464,0.12945537,0.7371547,0.25584897,0.61187065
1.0436044,-0.6047743,-14.976694,0.6579626,0.4906732,-0.53076357,0.21122274
-7.6922293,-1.2022083,-15.889172,0.12896466,0.735433,0.25414157,0.61475086
1.0429951,-0.6048619,-14.9765835,0.6580992,0.490589,-0.53064513,0.2112907
-7.6826468,-1.1940732,-15.896506,0.12862541,0.7339239,0.2525235,0.6172869
1.0424666,-0.60493785,-14.976487,0.6582149,0.4904612,-0.53056645,0.21142453
-7.688196,-1.1848083,-15.890485,0.12812087,0.732823,0.25158015,0.61908233
1.0430903,-0.6061527,-14.976394,0.65830725,0.49024826,-0.5305854,0.2115831
-7.6893806,-1.182831,-15.8892,0.12756522,0.73204,0.2508039,0.6204369
1.042523,-0.60608566,-14.976314,0.65835345,0.4902301,-0.5305927,0.21146306
-7.682194,-1.1972871,-15.888928,0.12741834,0.73119664,0.25056154,0.6215586
1.0410054,-0.6060293,-14.976247,0.6584186,0.49016982,-0.5305669,0.21146478
-7.6732574,-1.1931807,-15.896201,0.12723912,0.7303635,0.24999723,0.62280077
1.041696,-0.6059814,-14.976191,0.65827996,0.4901046,-0.53079844,0.2114667
-7.6784306,-1.1776614,-15.890636,0.12654804,0.7301297,0.24926108,0.62351036
1.0422972,-0.6059398,-14.976141,0.6581739,0.4900835,-0.5309375,0.21149667
-7.6724744,-1.1739296,-15.896499,0.1260448,0.72985184,0.24862294,0.62419206
1.0418929,-0.6059035,-14.976098,0.6581737,0.4900813,-0.5310029,0.21133788
-7.663892,-1.1730055,-15.89795,0.12561516,0.72958153,0.2481874,0.62476766
1.041538,-0.6058717,-14.97606,0.6580707,0.49013588,-0.53110695,0.2112704
-7.6616716,-1.179823,-15.898326,0.12560283,0.72945154,0.24815862,0.6249334
1.0412034,-0.6067797,-14.976962,0.65804684,0.49006042,-0.5312159,0.21124597
-7.675208,-1.1745735,-15.898426,0.124607876,0.7304372,0.24869676,0.6237663
1.0409166,-0.606667,-14.977736,0.6582626,0.4903104,-0.5307166,0.21124855
-7.6787896,-1.1802343,-15.898453,0.1241088,0.7309969,0.24950144,0.6228882
1.0406694,-0.6065698,-14.978403,0.6584156,0.49049547,-0.53036255,0.21123122
-7.686781,-1.1817409,-15.891421,0.123649985,0.73159474,0.24989262,0.62212026
1.0404552,-0.6064857,-14.978981,0.6586086,0.49058753,-0.5300239,0.21126583
-7.6751056,-1.1890199,-15.896464,0.123431966,0.73160845,0.2504192,0.62193567
1.0402689,-0.6064125,-14.979484,0.65877444,0.4906759,-0.5297208,0.21130404
-7.678672,-1.1842078,-15.897893,0.123022065,0.7316674,0.2507755,0.62180394
1.03938,-0.6063484,-14.979924,0.6590129,0.4907637,-0.52935493,0.21127355
-7.6796865,-1.1828381,-15.8983,0.12268121,0.7317288,0.2512673,0.6216004
1.0392772,-0.60706323,-14.98036,0.65921,0.4907968,-0.5290637,0.21131107
-7.6868234,-1.1892976,-15.891566,0.12246125,0.7318814,0.25190845,0.62120456
1.0383251,-0.6077798,-14.980798,0.6594191,0.49081317,-0.5287992,0.21128243
-7.6888704,-1.1911502,-15.896467,0.12243325,0.73193794,0.25227925,0.62099296
1.0383068,-0.6075919,-14.98118,0.6595261,0.49090913,-0.5285785,0.21127796
-7.6894574,-1.1984607,-15.891095,0.12254421,0.73196226,0.25269547,0.620773
1.0382907,-0.607426,-14.981519,0.6595604,0.49100003,-0.5284667,0.21123949

