ICVP Direct Stim Program 4.0.1+v4.0.1 - RelativeLocations
Updated at: 2022-08-22--20-13-59
Subject ID: CKT
Tester ID: kstipp
Direct Stimulation Input from the UI

UserID ; Time ; Electrodes ; Frequency (Hz) ; Cathodic Phase Duration (us) ; Train Length (ms) ; Duty On (ms); Duty Off (ms) ; Inter-train Length (ms) ; Amplitude (uA) ; Sent to Gateway ; Response ; Response Latency (ms) ; Response Duration (ms) ; Comments
kstipp ; 2022-08-22--20-13-59 ; 3003 , 3003-3000 ; 200 ; 200 ; 1000 ; 1000 ; 0 ; 0 ; 40 ; True ;  ;  ;  ; moved left

Position t,Position u,Position v,Orientation w,Orientation x,Orientation y,Orientation z
0.75601345,-1.3453736,-15.224787,0.17825495,0.8049037,0.30817607,0.47474498
0.97439927,-0.47535646,-14.936512,0.6178131,0.55002874,-0.54428923,0.13973077
0.75649244,-1.3467968,-15.224905,0.17819278,0.804803,0.30823597,0.47490013
0.9753204,-0.47469097,-14.936625,0.61788476,0.54992354,-0.5443057,0.13976395
0.7569051,-1.3466384,-15.225007,0.17810792,0.8047133,0.30829784,0.47504377
0.97465914,-0.47414726,-14.936716,0.61799926,0.5498585,-0.54423743,0.13977931
0.7559051,-1.3465071,-15.225092,0.17800872,0.80465126,0.30834624,0.47515464
0.97410923,-0.4750737,-14.936792,0.6181285,0.5497539,-0.54418135,0.13983755
0.7550849,-1.3463993,-15.22644,0.17789853,0.80457616,0.30838194,0.47529992
0.9736482,-0.4758504,-14.936857,0.61822593,0.5496542,-0.54415894,0.1398858
0.7544027,-1.3463097,-15.227564,0.17776898,0.804509,0.30840614,0.47544646
0.9732644,-0.47519022,-14.93691,0.61831206,0.5495617,-0.5441523,0.13989434
0.75504255,-1.3462307,-15.227311,0.17762902,0.8043331,0.30842626,0.47578314
0.972942,-0.4746357,-14.9369545,0.61832106,0.5494377,-0.54428583,0.13982242
0.75561756,-1.3448792,-15.227085,0.17743905,0.80413646,0.3084603,0.47616413
0.9739614,-0.47544774,-14.936995,0.61832124,0.5492682,-0.54445165,0.13984212
0.75612956,-1.3436756,-15.226883,0.17726454,0.8039091,0.308485,0.47659674
0.9748641,-0.47616687,-14.93703,0.61834794,0.54908425,-0.5446022,0.13986015
0.7565702,-1.3439516,-15.226709,0.17708221,0.8036507,0.30856284,0.47704983
0.97564614,-0.47544107,-14.93706,0.6182896,0.54896545,-0.5447945,0.13983564
0.76115894,-1.3444061,-15.226424,0.17670317,0.8029459,0.3087455,0.47825736
0.9769123,-0.47564358,-14.937111,0.6182801,0.54856575,-0.5451969,0.13987732
0.7623033,-1.3431872,-15.226306,0.17642798,0.80260223,0.3088048,0.47889724
0.97741383,-0.4749821,-14.935762,0.6182582,0.54841226,-0.54537237,0.139892
0.7647978,-1.3420991,-15.226199,0.17620917,0.8022651,0.3087891,0.47955233
0.97784656,-0.47578716,-14.9346,0.61823165,0.5482571,-0.5455368,0.13997662
0.7669903,-1.3411427,-15.226106,0.1760276,0.8019178,0.3088046,0.48018956
0.9796512,-0.47507834,-14.93357,0.6181183,0.54813087,-0.54577076,0.14005955
0.76889193,-1.3403131,-15.226025,0.17585792,0.8016087,0.3088551,0.48073497
0.979766,-0.47448182,-14.932703,0.61806375,0.5480363,-0.5458984,0.14017317
0.7704986,-1.3396122,-15.22755,0.1755816,0.8011778,0.30893916,0.48149955
0.97986317,-0.47536877,-14.933361,0.6181025,0.5479587,-0.5458904,0.14033692
0.7702495,-1.3390373,-15.228801,0.17534915,0.80082077,0.30898649,0.4821475
0.9799458,-0.47612217,-14.933921,0.6181347,0.5479274,-0.545846,0.14048976
0.7716247,-1.3385502,-15.229861,0.17515314,0.8004551,0.30897924,0.4828301
0.98001355,-0.4754153,-14.935704,0.6181426,0.54793704,-0.54581213,0.14054891
0.7711943,-1.3381507,-15.23073,0.17496009,0.8002031,0.3090046,0.4833014
0.97881013,-0.47609514,-14.935905,0.6182231,0.54791504,-0.5457328,0.14058813
0.773413,-1.3375306,-15.233645,0.17469099,0.7996619,0.30892357,0.4843452
0.9780163,-0.4759808,-14.936222,0.6183132,0.54796094,-0.545591,0.1405635
0.7742648,-1.3372926,-15.233906,0.17458355,0.7993472,0.30889577,0.48492068
0.97830105,-0.47539425,-14.936343,0.6183217,0.5479932,-0.54556054,0.14051849
0.7766224,-1.3370883,-15.234128,0.17453894,0.79902434,0.30892816,0.48544797
0.9774657,-0.47597668,-14.936444,0.61837167,0.5480257,-0.54547524,0.14050274
0.77695584,-1.3369179,-15.234315,0.17457424,0.79878443,0.30888996,0.4858543
0.9777926,-0.47542834,-14.936532,0.6183472,0.548072,-0.54546773,0.14045908
0.77891016,-1.3367732,-15.234473,0.17448041,0.79862636,0.30879602,0.48620737
0.9770642,-0.4759697,-14.936607,0.6184025,0.5481077,-0.545377,0.1404288
0.78058815,-1.3349117,-15.23461,0.17428406,0.79850245,0.30869365,0.48654616
0.9774132,-0.47545493,-14.936674,0.61845833,0.54809594,-0.5453453,0.140352
0.78378063,-1.3351294,-15.234723,0.174206,0.79826885,0.30872604,0.48693672
0.97772634,-0.4749929,-14.936734,0.6185144,0.54806405,-0.54532826,0.1402954
0.7846174,-1.3334885,-15.234818,0.17410101,0.7981626,0.30866054,0.4871899
0.9780113,-0.475583,-14.936788,0.6186068,0.5480043,-0.5452815,0.14030294
0.78529924,-1.3321514,-15.236729,0.17411137,0.7980673,0.30849102,0.48744965
0.9772936,-0.47512475,-14.936833,0.61865956,0.5479912,-0.54525495,0.14022486
0.78584474,-1.3328927,-15.236444,0.17411083,0.79794556,0.30847394,0.48766
0.97759795,-0.47472486,-14.936873,0.6186915,0.54796153,-0.5452628,0.14016987
0.7862833,-1.3334887,-15.236217,0.17401983,0.7978941,0.30850005,0.48776
0.9778741,-0.47436205,-14.93691,0.6187092,0.5479103,-0.5453158,0.1400856
0.78664124,-1.332175,-15.237831,0.17398174,0.79784024,0.3084206,0.48791194
0.9781269,-0.47497797,-14.936944,0.61871856,0.5478582,-0.5453566,0.1400892
0.7869251,-1.3328894,-15.239112,0.17395422,0.7978049,0.30837813,0.4880064
0.9783579,-0.47554073,-14.936975,0.6187786,0.54778504,-0.5453622,0.14008835
0.78715855,-1.3317096,-15.240164,0.17379504,0.79781395,0.30823797,0.48813686
0.9785612,-0.4750961,-14.937942,0.6187867,0.5477288,-0.54543,0.14000858
0.78734446,-1.332495,-15.241003,0.17382136,0.79775906,0.30804083,0.4883416
0.9778425,-0.47560805,-14.938769,0.618829,0.54770017,-0.54542416,0.1399563
0.7858372,-1.3314593,-15.241662,0.17378083,0.79786307,0.30782875,0.48831993
0.97722316,-0.4760492,-14.939485,0.6188878,0.5476535,-0.5454226,0.13988516
0.7862483,-1.3305898,-15.242216,0.17375094,0.7980041,0.30742443,0.48835465
0.97749263,-0.4756254,-14.939297,0.618879,0.5475758,-0.54553807,0.13977802
0.784962,-1.3298992,-15.242656,0.1736929,0.798123,0.30726668,0.48828024
0.97774124,-0.47604594,-14.939124,0.61890763,0.5474576,-0.54563373,0.13974106
0.7854906,-1.3309109,-15.243012,0.17371286,0.79814327,0.3071116,0.48833776
0.97797346,-0.47643882,-14.938962,0.61895114,0.54734004,-0.5457146,0.13969283
0.7859401,-1.3301731,-15.243317,0.17375498,0.7981962,0.3069298,0.4883506
0.97738844,-0.47677988,-14.938823,0.6190319,0.547272,-0.5457114,0.13961335
0.78326,-1.3295888,-15.243557,0.17357591,0.798342,0.30677396,0.48827377
0.97763735,-0.4770923,-14.938695,0.61908466,0.54715437,-0.5457886,0.1395388
0.7825582,-1.3291214,-15.24375,0.17353243,0.7983981,0.30661958,0.48829457
0.97786295,-0.47660077,-14.938579,0.61908126,0.5471159,-0.5458489,0.13946931
0.7819856,-1.3287401,-15.243906,0.17350568,0.7984354,0.306447,0.48835135
0.9780685,-0.47615322,-14.938473,0.6190393,0.54710096,-0.54593986,0.13935821
0.7843681,-1.3283988,-15.244046,0.17362599,0.79833746,0.30630553,0.48855734
0.97825617,-0.47574428,-14.938375,0.6190101,0.54708004,-0.54601574,0.13927223
0.78496665,-1.3265942,-15.244169,0.17366633,0.79828864,0.30619517,0.48869196
0.9776966,-0.47538662,-14.938292,0.6190158,0.5470582,-0.54605913,0.13916239
0.78547525,-1.3265753,-15.244275,0.1736437,0.79818916,0.3062986,0.48879763
0.97720504,-0.47507238,-14.938905,0.6190504,0.5471511,-0.54595125,0.139067
0.7859065,-1.3265592,-15.244365,0.17366716,0.7980635,0.30635947,0.48895633
0.9774247,-0.47479522,-14.9394455,0.6190057,0.54729563,-0.54586846,0.13902254
0.7862511,-1.3279943,-15.244436,0.17382206,0.7979009,0.30644673,0.489112
0.9776192,-0.4745498,-14.939924,0.61898655,0.5474157,-0.5457674,0.13903154
0.7865454,-1.327764,-15.244497,0.17381239,0.79775,0.30661362,0.48925698
0.9772024,-0.4749213,-14.93976,0.6190003,0.547528,-0.54564196,0.13902046
0.7867974,-1.3275669,-15.244549,0.17375514,0.7976851,0.30663756,0.48936817
0.97683084,-0.47525257,-14.940174,0.6190049,0.5476227,-0.5455372,0.13903789
0.7884506,-1.3288461,-15.244592,0.17364393,0.7973638,0.30679387,0.48983294
0.9764984,-0.47501683,-14.940012,0.6190094,0.54771566,-0.5454422,0.13902432
0.7899053,-1.3284773,-15.24463,0.17346038,0.7971078,0.30694047,0.4902227
0.9762001,-0.47531077,-14.939867,0.6189983,0.5477915,-0.5453698,0.13905916
0.79111224,-1.3296394,-15.244661,0.17338587,0.7967661,0.30705374,0.49073333
0.9759315,-0.47509515,-14.939736,0.61896664,0.5478507,-0.5453524,0.13903475
0.7921873,-1.3275876,-15.244689,0.17309925,0.7965844,0.30698282,0.4911736
0.9761454,-0.4749005,-14.939618,0.61892456,0.5479078,-0.54533756,0.13905543
0.7947464,-1.3274004,-15.244714,0.17305222,0.7963003,0.3070426,0.4916133
0.9763389,-0.4747244,-14.939511,0.6189106,0.5479579,-0.54530025,0.1390665
0.7952749,-1.3255804,-15.244735,0.17286275,0.7962953,0.30689114,0.4917827
0.9761027,-0.47497636,-14.939414,0.61891234,0.54797095,-0.5452785,0.13909297
0.7974306,-1.3257389,-15.244753,0.172755,0.7961757,0.30686128,0.49203268
0.975888,-0.47481433,-14.939326,0.6189186,0.5479874,-0.5452499,0.13911234
0.79749715,-1.325869,-15.244768,0.17273386,0.79613626,0.3068304,0.49212322
0.97606385,-0.47466666,-14.939246,0.61890775,0.5480062,-0.5452388,0.1391298
0.7993428,-1.3241935,-15.244781,0.17271022,0.79607487,0.30670792,0.49230707
0.9762244,-0.4748848,-14.939172,0.61892265,0.5479947,-0.54522884,0.1391482
0.7990641,-1.3246074,-15.244792,0.17266056,0.7961165,0.3066123,0.4923169
0.976384,-0.47510153,-14.939099,0.6189463,0.54796237,-0.5452226,0.1391946
0.7988406,-1.3249391,-15.2448,0.1727396,0.796085,0.30650842,0.49240455
0.97654235,-0.47494107,-14.939027,0.6189433,0.5479477,-0.5452413,0.13919269
0.79851305,-1.3254251,-15.244811,0.1727769,0.79630524,0.30623347,0.49220645
0.9764721,-0.4750114,-14.939265,0.6190598,0.54779303,-0.54526937,0.1391731
0.7967791,-1.3257384,-15.246168,0.17310661,0.7967742,0.3057901,0.49160698
0.97606665,-0.47541305,-14.939811,0.6192881,0.54728895,-0.545541,0.13907589
0.795487,-1.3244023,-15.245967,0.17334059,0.79699445,0.3054592,0.4913732
0.9762145,-0.47526348,-14.940049,0.6193718,0.54702866,-0.54572946,0.13898768
0.7958292,-1.32329,-15.245801,0.17350183,0.7971087,0.30526513,0.49125162
0.9763633,-0.47545177,-14.9402895,0.61943775,0.54672986,-0.54596156,0.13895762
0.79612774,-1.3223194,-15.245655,0.17359823,0.7972332,0.30504534,0.49115187
0.97617763,-0.47562456,-14.94051,0.61951786,0.546423,-0.5461947,0.13889241
0.79498976,-1.3229153,-15.245538,0.1737519,0.7973166,0.3049179,0.4910414
0.97632873,-0.47580126,-14.940393,0.619586,0.5461007,-0.5464505,0.13884984
0.7940638,-1.3220903,-15.245442,0.17376734,0.79740417,0.30479836,0.49096796
0.9769087,-0.4760044,-14.940261,0.6195758,0.5457783,-0.5467824,0.13885576
0.79454833,-1.3226577,-15.245364,0.17383651,0.7973494,0.30475196,0.49106124
0.97706133,-0.4757877,-14.940546,0.61957943,0.54552,-0.5470402,0.13883924
0.7949829,-1.3218846,-15.245294,0.17381197,0.7973236,0.30464572,0.4911777
0.977713,-0.47602952,-14.940381,0.6195645,0.54521227,-0.54735714,0.1388659
0.79534984,-1.322481,-15.245234,0.17379639,0.79727805,0.30462062,0.49127266
0.97838914,-0.47575352,-14.940209,0.61957586,0.54493445,-0.5476295,0.13883165
0.7984879,-1.322368,-15.245131,0.17334986,0.79658896,0.30499268,0.49231637
0.9791696,-0.4757843,-14.940452,0.6195803,0.5441536,-0.54841876,0.13875909
0.7997516,-1.322949,-15.24509,0.17321394,0.79627955,0.3051015,0.49279705
0.97924703,-0.47549173,-14.940843,0.61958486,0.54378676,-0.5487839,0.1387331
0.80084693,-1.3234525,-15.245053,0.17301652,0.7960391,0.30524918,0.49316323
0.9799984,-0.4758475,-14.941262,0.6195723,0.5433923,-0.5491853,0.13874681
0.80183154,-1.3224651,-15.24502,0.1728478,0.7958355,0.30526993,0.49353808
0.9807803,-0.4762177,-14.941697,0.61962223,0.54289013,-0.5495912,0.13888231
0.80270225,-1.3215917,-15.244992,0.1726781,0.7956806,0.30531484,0.49381945
0.98157424,-0.4765936,-14.94214,0.6196047,0.54243326,-0.55003166,0.13900122
0.80509573,-1.3208017,-15.2449665,0.1725783,0.7955348,0.3051936,0.49416402
0.98236316,-0.47696716,-14.942579,0.61962044,0.54191846,-0.5504844,0.13914701
0.80549085,-1.3201315,-15.244944,0.17242984,0.7955314,0.30508626,0.49428764
0.98420656,-0.47735497,-14.943036,0.61964625,0.5415042,-0.5508334,0.13926394
0.8058067,-1.3211706,-15.244926,0.17236562,0.7955397,0.3049739,0.49436587
0.9848399,-0.47770745,-14.942409,0.61978114,0.54111993,-0.551052,0.13929199
0.8060782,-1.3188264,-15.244911,0.17215143,0.79556614,0.30481756,0.49449447
0.9854119,-0.47697034,-14.942898,0.6197411,0.5408859,-0.5513176,0.13932852
0.8080068,-1.3184804,-15.244898,0.1721092,0.79545844,0.3047241,0.49473998
0.98592603,-0.47737348,-14.942271,0.6197971,0.54066724,-0.5514471,0.13941535
0.8079036,-1.318196,-15.244887,0.17212139,0.7954431,0.30464575,0.49480858
0.98638827,-0.47773588,-14.941708,0.61981654,0.5405813,-0.5514929,0.13948123
0.8078186,-1.3179622,-15.244879,0.17204882,0.79542345,0.30459312,0.49489784
0.9857545,-0.4780416,-14.941233,0.61990494,0.5405389,-0.5514319,0.13949402
0.8077486,-1.3177695,-15.244871,0.17203854,0.7953864,0.30456066,0.494981
0.9873108,-0.4783286,-14.940786,0.61986214,0.54048514,-0.551504,0.13960707
0.8076938,-1.3192167,-15.244865,0.17203838,0.79535884,0.30456632,0.49502176
0.9876205,-0.47858614,-14.940387,0.61982864,0.54052407,-0.5514987,0.13962607
0.8061321,-1.3188448,-15.246379,0.17177826,0.7955482,0.3043465,0.49494296
0.9868489,-0.47880313,-14.941082,0.6199182,0.54065895,-0.551287,0.1395425
0.8048829,-1.3185471,-15.24759,0.17155975,0.7956392,0.30417958,0.4949751
0.98619473,-0.47898713,-14.941672,0.6199966,0.54085684,-0.5510252,0.13946123
0.8038742,-1.3169366,-15.248568,0.17124812,0.7956765,0.30407372,0.4950881
0.9856366,-0.47821236,-14.942176,0.6200155,0.5410279,-0.5508672,0.13933742
0.8043615,-1.3156048,-15.249375,0.1709347,0.7957261,0.3038608,0.49524742
0.9860429,-0.47843283,-14.942608,0.6199774,0.5411582,-0.55074954,0.13946617
0.8047826,-1.3157778,-15.250073,0.17076726,0.79570824,0.3038228,0.49535725
0.98641676,-0.47863564,-14.943005,0.61996347,0.5412398,-0.5506572,0.13957646
0.80516213,-1.31455,-15.250704,0.17057076,0.79572743,0.30362824,0.4955133
0.9867694,-0.47882694,-14.943378,0.620011,0.5412331,-0.5505963,0.13963127
0.80549943,-1.3134588,-15.251264,0.17050448,0.7957593,0.3034596,0.49558824
0.98709923,-0.47900587,-14.943728,0.6199989,0.5412166,-0.5505978,0.13974331
0.8057956,-1.3125005,-15.251755,0.1704173,0.79579836,0.3033621,0.49561518
0.9864628,-0.47915876,-14.943109,0.62010413,0.5412028,-0.5504828,0.13978279
0.8046186,-1.3117268,-15.2521515,0.17033096,0.79589933,0.30326805,0.4955403
0.9859159,-0.47929013,-14.943449,0.6201778,0.5411862,-0.5503956,0.13986315
0.8036508,-1.3110907,-15.252478,0.17024988,0.7959565,0.30310792,0.49557436
0.98627245,-0.4794037,-14.943744,0.6202386,0.54114604,-0.55036217,0.13988067
0.80422485,-1.309041,-15.252778,0.17015935,0.7960087,0.30290663,0.4956447
0.986582,-0.47871456,-14.943211,0.6201816,0.5412283,-0.5503607,0.13982111
0.80328935,-1.30878,-15.253022,0.17007564,0.7960348,0.3027963,0.49569893
0.9861036,-0.47886184,-14.942746,0.62023336,0.5411753,-0.5503431,0.139866
0.80251914,-1.308565,-15.253223,0.17000578,0.7961359,0.30247658,0.49575567
0.98640084,-0.4789933,-14.943056,0.6202558,0.5412298,-0.5502206,0.14003684
0.8018773,-1.3083857,-15.253389,0.1700374,0.7962793,0.30217195,0.4957003
0.985974,-0.47910875,-14.943328,0.6203145,0.5413854,-0.5499838,0.1401056
0.8013373,-1.308235,-15.2535305,0.17001465,0.7964836,0.30192858,0.49552822
0.98559743,-0.47855693,-14.943568,0.6203406,0.5415387,-0.54980886,0.1400844
0.8021612,-1.3081015,-15.2536545,0.1700479,0.7966178,0.30161303,0.49549317
0.985885,-0.47806835,-14.943781,0.62032205,0.5416962,-0.54967916,0.140067
0.80158997,-1.3079897,-15.253759,0.17007363,0.79677016,0.3013751,0.495384
0.9855507,-0.4782241,-14.94397,0.62039435,0.5418183,-0.5494691,0.14009802
0.80107963,-1.3065934,-15.253852,0.17001794,0.79693633,0.30117396,0.49525812
0.98469216,-0.47780257,-14.944139,0.6204392,0.5420356,-0.5492233,0.14002313
0.8006528,-1.3066789,-15.253929,0.17005713,0.79707,0.30100253,0.4951338
0.98498887,-0.4779579,-14.94429,0.62046015,0.5422182,-0.5490071,0.14007095
0.7978249,-1.3056772,-15.254047,0.16996172,0.7973978,0.3006644,0.4948442
0.98405325,-0.4777422,-14.944548,0.62056494,0.5425851,-0.548515,0.14011416
0.79782283,-1.3058543,-15.254093,0.16999044,0.79751414,0.30048966,0.4947529
0.983425,-0.47787824,-14.944657,0.6206293,0.5428042,-0.5482131,0.14016138
0.7978211,-1.3060085,-15.254132,0.16995353,0.79759645,0.3004157,0.49467784
0.9828566,-0.47800133,-14.944757,0.6206887,0.5429953,-0.5479394,0.14022893
0.79781955,-1.3061433,-15.254167,0.16995056,0.79767925,0.30031383,0.49460724
0.9823409,-0.47770098,-14.944848,0.62072754,0.54318684,-0.54769295,0.14027812
0.7978181,-1.3062617,-15.254197,0.16998446,0.7976952,0.30024573,0.49461117
0.9822634,-0.47781926,-14.94493,0.6207443,0.5433405,-0.5475099,0.14032304
0.79884225,-1.306367,-15.254224,0.17003147,0.7976964,0.30010724,0.4946771
0.98219275,-0.47792706,-14.945004,0.62075615,0.5434941,-0.5473308,0.14037478
0.7987257,-1.305385,-15.25425,0.16998819,0.7977241,0.30000737,0.49470788
0.9821282,-0.4776723,-14.945073,0.62074465,0.54360837,-0.54722375,0.1404003
0.7986257,-1.305588,-15.2542715,0.17000291,0.79769784,0.29997337,0.49476585
0.9817336,-0.47811028,-14.945135,0.6207792,0.5436763,-0.54710525,0.14044593
0.79754674,-1.3057599,-15.254291,0.1699588,0.7977754,0.29987437,0.4947158
0.98169065,-0.4778743,-14.945192,0.6207581,0.5437727,-0.54704237,0.14041099
0.79757375,-1.3049173,-15.254307,0.16979337,0.79775274,0.2998324,0.49483478
0.9816511,-0.4779604,-14.945246,0.6207505,0.5438267,-0.5469957,0.14041792
0.79759705,-1.3051506,-15.254321,0.16977653,0.7976592,0.29991317,0.49494228
0.98132706,-0.4777519,-14.945293,0.62072414,0.54388666,-0.5469726,0.14039233
0.7966521,-1.3043956,-15.254334,0.1696859,0.7977215,0.2998799,0.49489316
0.98102844,-0.4778331,-14.945338,0.6207341,0.5439262,-0.5469306,0.14035814
0.7968699,-1.3039508,-15.254355,0.16965932,0.79779553,0.29974142,0.49486685
0.9807448,-0.47773057,-14.945416,0.62075615,0.5440015,-0.5468398,0.14032252
0.796971,-1.3032694,-15.254366,0.16959682,0.7978797,0.29962972,0.49482018
0.98050296,-0.47780067,-14.945452,0.62079084,0.5440182,-0.54678696,0.14030993
0.79705673,-1.3036776,-15.2543745,0.16957799,0.79794747,0.29959372,0.4947392
0.98072404,-0.47786567,-14.945485,0.6207835,0.5440317,-0.5467763,0.1403324
0.7971298,-1.3040254,-15.254381,0.16966206,0.79796827,0.2995467,0.4947053
0.98050624,-0.47792596,-14.945516,0.62080896,0.54403937,-0.5467417,0.1403249
0.79630286,-1.3043238,-15.254387,0.16972157,0.79800594,0.29952973,0.4946344
0.98050463,-0.47798726,-14.945546,0.6208149,0.54404604,-0.54672813,0.14032498
0.79643923,-1.3037176,-15.254393,0.16975112,0.7980294,0.29945928,0.49462906
0.980503,-0.4780496,-14.945578,0.6208193,0.5440483,-0.5467213,0.14032379
0.79657084,-1.3031324,-15.254398,0.16978037,0.79804784,0.29940253,0.49462345
0.9802449,-0.4781178,-14.945611,0.6208423,0.5440393,-0.54671025,0.14030021
0.79668385,-1.3035089,-15.254403,0.16985644,0.7980381,0.29933703,0.49465275
0.9799617,-0.47819263,-14.945649,0.6208572,0.54401445,-0.54672164,0.14028586
0.79678136,-1.3038337,-15.254407,0.16994584,0.7980688,0.29924485,0.4946283
0.97997636,-0.47826695,-14.945686,0.62086535,0.5439908,-0.546739,0.14027394
0.79687303,-1.3032799,-15.254411,0.16994418,0.79809344,0.29912928,0.49465907
0.97999084,-0.47834077,-14.9457245,0.62087244,0.54395914,-0.5467652,0.14026295
0.7960932,-1.3027729,-15.254414,0.17002976,0.79833204,0.29867435,0.4945195
0.9800053,-0.47841403,-14.945761,0.62087744,0.5438857,-0.5468428,0.14022343
0.7962395,-1.3031551,-15.254417,0.17019391,0.79846996,0.2983252,0.49445102
0.9800196,-0.47848672,-14.945797,0.6208814,0.5438177,-0.54691726,0.14017923
0.79637724,-1.3026702,-15.25442,0.17027988,0.7985653,0.29803705,0.49444127
0.9800338,-0.47855875,-14.945833,0.6208744,0.5437482,-0.54700273,0.14014605
0.7965098,-1.3022034,-15.254422,0.1703444,0.7985495,0.29790947,0.49452162
0.98004794,-0.4786301,-14.945869,0.62087953,0.543659,-0.5470948,0.14011027
0.7966241,-1.3026481,-15.254424,0.17043403,0.79850876,0.29781073,0.4946159
0.9800618,-0.47870073,-14.945905,0.62088084,0.54355276,-0.5472053,0.14008541
0.79752797,-1.3030334,-15.254427,0.17053473,0.7983842,0.29772612,0.49483314
0.98040086,-0.47909167,-14.945611,0.6208878,0.543392,-0.54735965,0.14007464
0.79836607,-1.3025761,-15.254429,0.1704588,0.7982343,0.29762653,0.49516097
0.98102194,-0.47883055,-14.945651,0.6208431,0.5431704,-0.5476306,0.14007343
0.79831654,-1.3021387,-15.254432,0.17028417,0.79813415,0.29758936,0.49540475
0.98129845,-0.47888497,-14.9453945,0.62083334,0.54287934,-0.54792464,0.14009497
0.7982695,-1.3017236,-15.254433,0.17011699,0.7980073,0.2976162,0.49565017
0.9818328,-0.47893506,-14.9454365,0.6207879,0.5425429,-0.5483081,0.1400996
0.7991661,-1.3013233,-15.254434,0.16997936,0.7978278,0.29757905,0.49600866
0.98205996,-0.47898126,-14.945477,0.6207595,0.54217726,-0.5487013,0.14010133
0.800022,-1.3009411,-15.254435,0.16993783,0.79759836,0.29762682,0.49636307
0.98252225,-0.47877148,-14.945513,0.6206737,0.54178315,-0.54918885,0.14009558
0.80082995,-1.3005803,-15.2544365,0.16981484,0.7973979,0.29774287,0.49665752
0.9827165,-0.47881886,-14.945548,0.62061864,0.54138875,-0.54963493,0.1401152
0.8015838,-1.3002435,-15.254437,0.16970338,0.7972021,0.29787165,0.49693272
0.9824249,-0.4788627,-14.945345,0.6207057,0.5409874,-0.54995173,0.14003685
0.8023338,-1.2986733,-15.254438,0.16953604,0.79702044,0.29794538,0.49723697
0.9828338,-0.47890407,-14.945381,0.62063044,0.54059285,-0.5504123,0.1400845
0.8030509,-1.2971717,-15.254439,0.16931295,0.79686654,0.29798934,0.49753317
0.9830089,-0.4789454,-14.945185,0.6206209,0.54028034,-0.55072856,0.14008944
0.80506104,-1.2972388,-15.254441,0.16921338,0.7966397,0.29811537,0.49785474
0.98318523,-0.47874627,-14.945227,0.6205589,0.5400507,-0.5510182,0.1401104
0.80540043,-1.2972962,-15.254442,0.16913135,0.79653716,0.29813907,0.49803245
0.9833678,-0.47854006,-14.94527,0.6205458,0.5398095,-0.5512703,0.14010544
0.8043621,-1.2973428,-15.254443,0.16896704,0.79649407,0.2981656,0.49814132
0.9832936,-0.47859237,-14.94531,0.6205634,0.53981817,-0.5512533,0.14006184
0.80607337,-1.2973825,-15.254444,0.16895145,0.79635274,0.29815388,0.49837935
0.98349136,-0.47865134,-14.945355,0.6205557,0.53979164,-0.55128545,0.14007172
0.8062662,-1.2960411,-15.254446,0.16889451,0.7963122,0.29813257,0.4984762
0.98371017,-0.47871655,-14.945406,0.62058395,0.53974175,-0.5513177,0.1400114
0.8064286,-1.2962661,-15.254446,0.16890712,0.7962097,0.29823038,0.49857727
0.98439556,-0.4787978,-14.945468,0.62059534,0.53966004,-0.55138427,0.14001366
0.8065661,-1.2964565,-15.254446,0.16893676,0.796175,0.2982128,0.49863318
0.984234,-0.4788716,-14.945524,0.62067926,0.5396292,-0.55132973,0.13997564
0.806683,-1.2966183,-15.254446,0.16898517,0.7961387,0.29821077,0.4986757
0.9850052,-0.47895834,-14.945592,0.6206601,0.53952104,-0.55145776,0.13997293
0.80678946,-1.2953762,-15.254446,0.1689206,0.79616153,0.29811886,0.49871618
0.985913,-0.47965577,-14.94567,0.620733,0.5393616,-0.5515158,0.14003561
0.80827504,-1.2957041,-15.254446,0.168902,0.7961487,0.29801956,0.49880227
0.9861672,-0.4797142,-14.945152,0.62074,0.53928024,-0.5515882,0.14003333
0.80814683,-1.2945536,-15.254446,0.16883403,0.7961588,0.29792735,0.4988643
0.9858327,-0.4797663,-14.945252,0.62090725,0.53914404,-0.5515456,0.139984
0.80958164,-1.2934992,-15.254446,0.16879328,0.7961335,0.29778528,0.4990033
0.9867367,-0.47982123,-14.945358,0.6208908,0.5390981,-0.5515933,0.14004539
0.8107569,-1.2941523,-15.254446,0.16892838,0.7960423,0.2975812,0.49922475
0.9869625,-0.4798748,-14.94546,0.6208479,0.5390005,-0.5517303,0.14007142
0.8102566,-1.2946746,-15.254446,0.16902524,0.79609543,0.29727545,0.49928933
0.9871812,-0.47992662,-14.9455595,0.62081116,0.53892606,-0.55182064,0.1401655
0.80984145,-1.293702,-15.254446,0.1690445,0.79612416,0.29699278,0.49940524
0.98739165,-0.47997653,-14.945655,0.6207519,0.53886104,-0.5519252,0.14026612
0.8094862,-1.2928697,-15.255855,0.16901577,0.79616123,0.2967204,0.4995178
0.9884109,-0.48002884,-14.945755,0.62064576,0.5388725,-0.5520098,0.14035855
0.8091817,-1.292156,-15.255649,0.16900826,0.79612255,0.29656783,0.49967265
0.98854965,-0.48007777,-14.945848,0.6207051,0.5388184,-0.5519835,0.14040719
0.808935,-1.292923,-15.255481,0.16916183,0.79602116,0.29646048,0.49984574
0.988679,-0.48012334,-14.945935,0.6207233,0.53882515,-0.55197585,0.14033118
0.8087334,-1.2935498,-15.255343,0.16920978,0.7959703,0.29628378,0.50001526
0.9897283,-0.4801695,-14.946023,0.62060773,0.5389019,-0.5520355,0.14031301
0.8085674,-1.292852,-15.255231,0.16919014,0.79594296,0.29605913,0.5001984
0.989759,-0.4802114,-14.946104,0.62069553,0.5389452,-0.5518907,0.14032763
0.808422,-1.292241,-15.256349,0.16920047,0.7958851,0.29587364,0.5003969
0.989787,-0.48024946,-14.946177,0.62072414,0.5390045,-0.5518076,0.14030053
0.8082849,-1.2903513,-15.256089,0.16902602,0.79592884,0.29562816,0.50053114
0.99077964,-0.47931913,-14.946246,0.6207197,0.53903574,-0.55179316,0.14025696
0.80817246,-1.2912972,-15.255876,0.16902283,0.7958974,0.29563907,0.5005759
0.9907077,-0.4803929,-14.946307,0.6208012,0.53899246,-0.5517445,0.14025329
0.80926514,-1.2920792,-15.2557,0.16910498,0.7958057,0.29551136,0.5007693
0.99064344,-0.48041373,-14.946362,0.6208309,0.53897226,-0.55174106,0.14021312
0.80904883,-1.2916042,-15.25668,0.1690282,0.7957945,0.29532367,0.50092375
0.99058837,-0.4795408,-14.946407,0.620788,0.53896725,-0.5518188,0.14011665
0.80886066,-1.2911911,-15.257531,0.16914788,0.79570794,0.29517877,0.50110626
0.99148023,-0.47964555,-14.946451,0.6207345,0.5389081,-0.5519314,0.14013758
0.8097656,-1.291905,-15.258254,0.16925053,0.7955272,0.29517922,0.5013582
0.9913428,-0.47973782,-14.946491,0.62072355,0.53882134,-0.55201006,0.14020997
0.8106359,-1.2914402,-15.25895,0.1692172,0.7954064,0.29507178,0.50162417
0.99122113,-0.47981954,-14.946527,0.62072474,0.53870857,-0.552109,0.14024824
0.81102324,-1.2917837,-15.258981,0.16933376,0.79478574,0.29527536,0.50244826
0.9918887,-0.48086375,-14.94659,0.62076515,0.53796816,-0.55273294,0.1404542
0.8116742,-1.292418,-15.25849,0.1696506,0.79439753,0.2957428,0.50268036
0.992716,-0.48083636,-14.946619,0.6206519,0.5377015,-0.553106,0.1405065
0.81321585,-1.2929556,-15.258074,0.16995633,0.79408234,0.29607683,0.50287837
0.9934607,-0.4797811,-14.946645,0.62052363,0.53763336,-0.5533363,0.1404271
0.81359106,-1.2934161,-15.257717,0.17005916,0.79391766,0.29646468,0.50287503
0.994164,-0.4798747,-14.94667,0.6204464,0.5375562,-0.553495,0.14043884
0.8149296,-1.2938491,-15.257381,0.17030254,0.7936682,0.2968577,0.50295454
0.99481833,-0.47996178,-14.946692,0.62037385,0.5375042,-0.55361384,0.14048985
0.81513435,-1.2951547,-15.257096,0.1706115,0.79346806,0.2971898,0.50296956
0.9954192,-0.48004174,-14.946713,0.62025774,0.53756636,-0.5536635,0.14056924
0.8144203,-1.2962742,-15.256851,0.17087097,0.79333633,0.2977006,0.5027872
0.99596465,-0.48011437,-14.946732,0.62022233,0.5375611,-0.5537096,0.14056343
0.8146498,-1.2972392,-15.2566395,0.17124732,0.7931791,0.29812312,0.5026568
0.99524206,-0.48017445,-14.946747,0.6202677,0.53762245,-0.55363345,0.14042878
0.81484866,-1.2972726,-15.256456,0.17160337,0.79303294,0.29849008,0.5025482
0.9957748,-0.48022652,-14.946761,0.6203093,0.5376635,-0.5535696,0.14033896
0.81578463,-1.2980642,-15.256297,0.17205237,0.79280597,0.29890704,0.50250506
0.99511915,-0.48027003,-14.946773,0.62046367,0.53772193,-0.55335104,0.14029463
0.81515396,-1.3016552,-15.254708,0.17402597,0.7925436,0.29973993,0.5017426
0.9945676,-0.48030663,-14.946782,0.62047005,0.5380364,-0.5530668,0.14018157
0.8146,-1.3054978,-15.253313,0.17600086,0.792364,0.3006278,0.50080526
0.99410063,-0.48133105,-14.946791,0.6204698,0.5383933,-0.55273914,0.1401051
0.81403005,-1.3102143,-15.251877,0.17774682,0.7921737,0.30144808,0.49999598
0.99275905,-0.48220366,-14.946797,0.62048846,0.5386862,-0.55246097,0.13999353
0.8143787,-1.3165702,-15.248825,0.17982212,0.7918582,0.30238137,0.49918956
0.9925063,-0.48295125,-14.946803,0.62047935,0.5389717,-0.5522026,0.13995437
0.8148444,-1.3318124,-15.243061,0.18414691,0.7910295,0.30381292,0.49805623
0.9922886,-0.48274347,-14.945956,0.62038934,0.5393952,-0.5519415,0.13975161
0.8131086,-1.3530335,-15.2344885,0.18911968,0.7900236,0.30601743,0.4964371
0.991291,-0.48256359,-14.945223,0.62032944,0.53983724,-0.5516292,0.13954404
0.81150854,-1.3752987,-15.226586,0.19331169,0.78916556,0.3078838,0.49503127
0.9911917,-0.48240706,-14.944586,0.62025505,0.5401876,-0.5514125,0.1393752
0.8102206,-1.3932208,-15.217198,0.1963698,0.78840786,0.3097382,0.49387676
0.9911049,-0.48227027,-14.944029,0.6201862,0.5405026,-0.5512071,0.13927263
0.81255573,-1.4098841,-15.2101965,0.19884713,0.7877329,0.3112543,0.4930086
0.990335,-0.4828439,-14.94354,0.6201973,0.5407251,-0.5510034,0.13916522
0.81416917,-1.4213977,-15.205358,0.2007115,0.7873436,0.31234995,0.49218136
0.99031544,-0.48269048,-14.943108,0.62012386,0.54097486,-0.5508481,0.13913684
0.8116701,-1.428958,-15.198623,0.20179786,0.7872144,0.31303415,0.49150878
0.989672,-0.48318082,-14.942726,0.6201101,0.5411535,-0.55069417,0.13911305
0.8100306,-1.441332,-15.194204,0.20298792,0.78697723,0.31345925,0.49112737
0.9896953,-0.48361632,-14.942388,0.620041,0.5412726,-0.5506525,0.13912235
0.8127988,-1.4491266,-15.19142,0.20414062,0.786575,0.3135563,0.4912319
0.9897162,-0.48343936,-14.942085,0.6199379,0.54140025,-0.55064356,0.1391207
0.8145143,-1.4578532,-15.189694,0.2047791,0.7863316,0.3139357,0.49111354
0.98973477,-0.48381793,-14.941815,0.61990607,0.5414514,-0.550622,0.13914871
0.8114593,-1.4840579,-15.184466,0.20467608,0.78531694,0.31507495,0.49204955
0.99026144,-0.4841575,-14.942083,0.6197849,0.54133195,-0.55084854,0.13925625
0.80958515,-1.5268852,-15.18126,0.20463417,0.78429836,0.31500435,0.49373394
0.99025077,-0.48397854,-14.942324,0.6195672,0.54113674,-0.5512663,0.13933073
0.80387026,-1.5602318,-15.1794615,0.20425113,0.7838771,0.31499967,0.49456397
0.9907014,-0.48427734,-14.942541,0.6193579,0.54094696,-0.55165607,0.13945548
0.8056434,-1.582714,-15.178507,0.20368822,0.78361124,0.31502002,0.495204
0.9911957,-0.48513535,-14.942779,0.6192013,0.54074556,-0.5519933,0.13959754
0.7923704,-1.6144618,-15.177781,0.20192245,0.7834987,0.3152658,0.4959482
0.99160564,-0.48642877,-14.943292,0.6189259,0.54038733,-0.5526216,0.13972025
0.79019326,-1.6296921,-15.177661,0.20116039,0.78347254,0.3153261,0.49626088
0.9929996,-0.48672777,-14.943573,0.6187179,0.5401862,-0.553027,0.13981487
0.7840485,-1.6472658,-15.177604,0.20065717,0.78346825,0.31552032,0.49634796
0.99356365,-0.48702335,-14.943851,0.61853987,0.53998464,-0.5534169,0.13983835
0.781103,-1.6660491,-15.177575,0.20065999,0.7833457,0.31556213,0.49651352
0.9941137,-0.48731154,-14.944122,0.6183425,0.53979087,-0.55381167,0.13989681
0.7797198,-1.6854188,-15.177563,0.2006871,0.78307354,0.31578118,0.49679247
0.99464303,-0.48758894,-14.944385,0.61817765,0.5395955,-0.5541891,0.13988452
0.7844142,-1.7048903,-15.182881,0.20093459,0.7827383,0.31593072,0.49712557
0.99517727,-0.48889217,-14.944648,0.6179699,0.53942376,-0.55457664,0.13992903
0.7867088,-1.8310968,-15.1796465,0.20207281,0.7822245,0.31583425,0.49753422
0.9956618,-0.48903552,-14.94385,0.6174128,0.53942007,-0.55520785,0.13989867
0.78144807,-1.958668,-15.17829,0.20227903,0.78169173,0.31597316,0.49819905
0.99613047,-0.4903004,-14.943076,0.6169679,0.5391871,-0.5558554,0.14018819
0.77954245,-2.0240543,-15.177799,0.2023604,0.7812845,0.31594533,0.49882206
0.9978725,-0.4915636,-14.942304,0.61651707,0.5389117,-0.55653274,0.1405429
0.78538185,-2.065749,-15.177633,0.20243572,0.78086877,0.3159531,0.49943703
0.9995271,-0.49276334,-14.9429655,0.6161953,0.5386861,-0.5570398,0.14080992
0.77420896,-2.099053,-15.177578,0.20260301,0.7806306,0.31591302,0.4997668
1.0010526,-0.49386954,-14.94207,0.6159484,0.53845054,-0.5574815,0.1410425
0.78394014,-2.1701112,-15.17756,0.20285451,0.78022355,0.31584063,0.5003459
1.0024107,-0.4948543,-14.942862,0.61571056,0.5383196,-0.5578021,0.14131328
0.7936715,-2.21215,-15.184299,0.20306948,0.7798448,0.3158422,0.5008479
1.001963,-0.49566463,-14.943512,0.61558676,0.53817993,-0.5580539,0.14139031
0.7898026,-2.2383492,-15.186322,0.20316824,0.77968436,0.31564176,0.5011838
1.0032072,-0.49637368,-14.944082,0.61540663,0.5380169,-0.5583682,0.14155363
0.7971876,-2.3402631,-15.187099,0.20332536,0.7794792,0.3153112,0.5016473
1.007015,-0.49751717,-14.945002,0.6150672,0.53772455,-0.55892646,0.14193676
0.797641,-2.3791878,-15.187146,0.20309882,0.7795507,0.3151737,0.50171417
1.0074564,-0.49984828,-14.945365,0.6150464,0.5375587,-0.5590415,0.14220168
0.7977632,-2.4109588,-15.18716,0.20276016,0.77970284,0.314841,0.50182366
1.006009,-0.499845,-14.945643,0.61506575,0.53744566,-0.55910784,0.14228429
0.7977956,-2.44796,-15.187162,0.20237209,0.77982765,0.31460807,0.50193244
1.0065999,-0.4998424,-14.945864,0.61512685,0.5372206,-0.559243,0.14233832
0.79780394,-2.479096,-15.187164,0.20200868,0.77996755,0.31425563,0.5020822
1.0070873,-0.4998403,-14.946046,0.6150953,0.53710014,-0.5593373,0.14255908
0.797806,-2.515918,-15.194402,0.2014858,0.78007454,0.31395784,0.50231236
1.0074883,-0.49983853,-14.946195,0.6150614,0.53692824,-0.5595094,0.1426772
0.79780656,-2.5469112,-15.196201,0.20094524,0.7802266,0.31364194,0.5024901
1.0078173,-0.4998371,-14.946318,0.6150506,0.53678256,-0.55963653,0.14277305
0.79780674,-2.59122,-15.189295,0.20066164,0.7802496,0.313391,0.5027243
1.0080956,-0.5016727,-14.946421,0.615202,0.53657603,-0.5596202,0.1429611
0.79780674,-2.6313527,-15.1876545,0.20036529,0.7803098,0.31314307,0.50290334
1.0065631,-0.5030846,-14.946501,0.6153592,0.5364428,-0.559548,0.14306696
0.79780674,-2.902389,-15.194951,0.20018154,0.78055453,0.31262574,0.50291866
1.0088152,-0.50248986,-14.946567,0.6153113,0.5359056,-0.56005746,0.1432927
0.80549645,-3.2488048,-15.211791,0.19988681,0.7811467,0.31151465,0.50280595
1.0107822,-0.50384796,-14.946624,0.6154476,0.5350211,-0.56064516,0.1437138
0.8070344,-3.371916,-15.215158,0.19970971,0.7817212,0.31049076,0.50261676
1.0124475,-0.5049977,-14.946673,0.6156176,0.5343918,-0.56099796,0.14395049
0.82272136,-3.4426763,-15.215832,0.1996356,0.78209305,0.30962056,0.50260454
1.0138636,-0.50808954,-14.946714,0.615877,0.53381646,-0.5612037,0.14417331
0.8027896,-3.502967,-15.215966,0.19947289,0.78254175,0.30884638,0.502447
1.0128939,-0.50837547,-14.946745,0.6160164,0.5334418,-0.5613893,0.14424208
0.81418276,-3.5534732,-15.223683,0.19928953,0.7829255,0.3080393,0.5024174
1.0141846,-0.50860536,-14.94677,0.6160812,0.5331054,-0.5616093,0.14435233
0.8087716,-3.6174023,-15.225226,0.19922514,0.7832631,0.30736786,0.5023279
1.015213,-0.5087886,-14.94679,0.616058,0.53295827,-0.5617943,0.1442748
0.8153791,-3.7686028,-15.225535,0.19916062,0.7835878,0.30658713,0.50232404
1.0139786,-0.50892454,-14.944806,0.61602426,0.5329146,-0.5619004,0.14416711
0.80901086,-3.829602,-15.233286,0.19906294,0.783934,0.30583644,0.5022803
1.0149627,-0.5090285,-14.943291,0.6159401,0.53278756,-0.5620943,0.14424019
0.81542695,-3.88794,-15.234838,0.19902645,0.7841841,0.30518788,0.50229895
1.013844,-0.5109999,-14.942103,0.6159236,0.532678,-0.5622143,0.14424764
0.8090205,-3.9457457,-15.2351465,0.19902566,0.7844381,0.30459592,0.502262
1.0148295,-0.5106955,-14.941154,0.61576724,0.5326799,-0.56235266,0.14436936
0.81542885,-4.1803083,-15.242899,0.1990504,0.7847013,0.30379593,0.50232565
1.017721,-0.512464,-14.940328,0.61543167,0.53270686,-0.56252944,0.14501014
0.8167106,-4.2656693,-15.244451,0.19904374,0.7849626,0.30305287,0.50236875
1.0179605,-0.51184297,-14.939695,0.6152935,0.5327341,-0.562555,0.14539702
0.8169669,-4.3058105,-15.25245,0.19900729,0.7852593,0.30217645,0.5024475
1.0181553,-0.51336205,-14.93918,0.615259,0.5327449,-0.56250334,0.14570281
0.82470787,-4.4214945,-15.254049,0.19898783,0.7855194,0.30123717,0.5026124
1.0204552,-0.51462793,-14.938751,0.6151404,0.53272784,-0.5625206,0.14619842
0.8185663,-4.4677005,-15.25437,0.1988262,0.785851,0.30031225,0.50271165
1.0201063,-0.515612,-14.9384165,0.6150447,0.5327051,-0.5625659,0.14650872
0.817338,-4.507701,-15.254433,0.19862528,0.7861408,0.2994565,0.5028483
1.019835,-0.5163775,-14.938157,0.61506474,0.53269035,-0.5624789,0.14681308
0.8247821,-4.5387697,-15.2621355,0.1983308,0.78640705,0.29861686,0.5030475
1.0196345,-0.5149128,-14.937966,0.61495006,0.5326973,-0.56257164,0.14691235
0.8339606,-4.63726,-15.263676,0.1979452,0.7865654,0.2978977,0.50337803
1.0194805,-0.5157652,-14.937819,0.61502254,0.5326427,-0.56250113,0.1470765
0.8281066,-4.680027,-15.271673,0.19744712,0.7868172,0.29719535,0.5035953
1.0193641,-0.5145292,-14.937707,0.61496836,0.53261703,-0.56254935,0.14721157
0.8346255,-4.7193394,-15.2732725,0.19699083,0.786927,0.29665565,0.5039206
1.0192721,-0.51540005,-14.937619,0.61508435,0.5325682,-0.5624438,0.14730746
0.84387976,-4.8333545,-15.281347,0.19595411,0.7871345,0.2958264,0.5044878
1.0191362,-0.5166855,-14.937489,0.61526394,0.5323006,-0.5624397,0.14754029
0.8377801,-4.88073,-15.2752075,0.19544463,0.78723377,0.29560587,0.50465983
1.019087,-0.5171517,-14.937442,0.6152861,0.53213185,-0.56254447,0.1476564
0.8363162,-4.965921,-15.282963,0.19424592,0.78743154,0.295045,0.50514215
1.0190166,-0.5178162,-14.939189,0.61535287,0.5317729,-0.5628303,0.1475824
0.8362674,-4.99952,-15.290912,0.193577,0.78758097,0.29451928,0.5054727
1.0189928,-0.5180421,-14.940588,0.61542416,0.53150386,-0.5629876,0.14765401
0.83625764,-5.0523777,-15.2925,0.19293867,0.7876912,0.2941044,0.5057865
1.0189734,-0.51822567,-14.939983,0.615443,0.53127486,-0.56317407,0.14768907
0.8362557,-5.101398,-15.300508,0.19242834,0.78771883,0.29358226,0.50624096
1.0206131,-0.51671356,-14.941167,0.61533964,0.5311614,-0.5634129,0.14761649
0.8362553,-5.16503,-15.30211,0.19206958,0.7877273,0.29317418,0.50660044
1.0219806,-0.5171197,-14.942155,0.6152405,0.5309463,-0.5637328,0.14758268
0.83625525,-5.216204,-15.30243,0.19169012,0.7878209,0.29254246,0.50696373
1.0231444,-0.51746523,-14.941279,0.61509466,0.53073514,-0.5640655,0.1476786
0.8208758,-5.403303,-15.317873,0.19083758,0.7881429,0.29164362,0.5073026
1.022422,-0.5177349,-14.942226,0.61514986,0.53034675,-0.5643007,0.14794515
0.8101102,-5.486861,-15.320962,0.19009593,0.78855044,0.2908724,0.5073905
1.0235251,-0.5197197,-14.941323,0.61528224,0.5299088,-0.5645114,0.14816032
0.8002674,-5.6112285,-15.321579,0.18935253,0.78900284,0.29019728,0.5073517
1.0244317,-0.5195985,-14.94058,0.6153479,0.529657,-0.5646213,0.1483683
0.7906091,-5.68224,-15.329392,0.18858007,0.78951865,0.28955463,0.50720406
1.0234711,-0.51950437,-14.940003,0.6155576,0.5293621,-0.5646679,0.14837426
0.77329814,-5.9655814,-15.346334,0.18724301,0.7903114,0.28882346,0.5068817
1.0258797,-0.51784885,-14.93955,0.6152945,0.5290417,-0.56520885,0.14854795
0.7467668,-6.0683885,-15.357412,0.18606852,0.7912388,0.28798556,0.5063439
1.0278326,-0.5165066,-14.939183,0.6149756,0.52884805,-0.56568146,0.14875929
0.7491502,-6.1504674,-15.359629,0.18515171,0.7918294,0.28731382,0.50613827
1.02794,-0.5169178,-14.93887,0.6148984,0.5286359,-0.5658984,0.14900695
0.73424745,-6.2130213,-15.367762,0.18410617,0.79249424,0.28665453,0.5058528
1.0280255,-0.515772,-14.9386215,0.6147812,0.5285874,-0.5660501,0.14908631
0.7158875,-6.2947392,-15.369388,0.18343103,0.7931323,0.2860474,0.5054415
1.0280985,-0.51776475,-14.93841,0.61496836,0.528328,-0.5660256,0.14932653
0.6968362,-6.3649106,-15.377402,0.18263423,0.79372597,0.28557906,0.5050629
1.0281606,-0.5179654,-14.938229,0.6148346,0.52829736,-0.56618226,0.14939219
0.6930259,-6.432773,-15.379005,0.18193367,0.79413354,0.28517014,0.504906
1.0282134,-0.5181357,-14.938075,0.6148783,0.52826244,-0.5661647,0.1494024
0.67688435,-6.5616913,-15.387015,0.18104306,0.79458,0.28455445,0.50487113
1.0298451,-0.5182873,-14.937939,0.61491746,0.5283429,-0.56600237,0.14957166
0.6659664,-6.6413026,-15.396308,0.180264,0.79500794,0.28390887,0.5048396
1.0312686,-0.51841956,-14.93782,0.614951,0.52847123,-0.56584847,0.14956282
0.6484034,-6.7264323,-15.405857,0.1797033,0.79546136,0.283386,0.5046191
1.030794,-0.5201749,-14.937723,0.61511123,0.52857244,-0.5655542,0.14965886
0.6448908,-6.8049755,-15.407765,0.17919464,0.7958556,0.28289425,0.5044543
1.0304163,-0.5199907,-14.937646,0.61519116,0.52878034,-0.565263,0.14969608
0.6364986,-6.874512,-15.415837,0.17865308,0.7962575,0.2822765,0.5043581
1.0301164,-0.51834214,-14.937584,0.6151291,0.5289551,-0.56516707,0.14969642
0.6040613,-7.272905,-15.440521,0.17813267,0.7974923,0.2806343,0.50350696
1.0298761,-0.518448,-14.937534,0.61510324,0.52929884,-0.56484795,0.14979218
0.58988416,-7.406411,-15.453147,0.17749892,0.7985894,0.27903453,0.5028805
1.0296817,-0.5185336,-14.937494,0.6150773,0.52954787,-0.5646309,0.14983681
0.58704877,-7.50232,-15.463363,0.17703137,0.7992969,0.27807823,0.5024509
1.0282351,-0.51860344,-14.937462,0.6151569,0.52975285,-0.5643663,0.14978224
0.5787919,-7.5830197,-15.465405,0.1765249,0.8000501,0.2770621,0.5019915
1.0270449,-0.5198845,-14.937434,0.61532545,0.5298421,-0.56408024,0.1498519
0.5848303,-7.660677,-15.473503,0.17617114,0.8005005,0.27620846,0.50186807
1.0260581,-0.5197842,-14.937412,0.6153857,0.52992785,-0.5639666,0.14972888
0.57065856,-7.737726,-15.475123,0.17586483,0.8010892,0.27561375,0.50136286
1.0252341,-0.51970047,-14.937393,0.6154897,0.5299099,-0.5638668,0.14974056
0.5678242,-7.8069634,-15.483137,0.17533626,0.80162066,0.2746022,0.5012535
1.0255903,-0.51963,-14.937378,0.6156062,0.5298927,-0.5637409,0.14979671
0.56725734,-7.882329,-15.492429,0.17500994,0.80210334,0.27372432,0.50107557
1.0258918,-0.5195704,-14.937366,0.61565554,0.5298839,-0.5636985,0.14978412
0.5748337,-7.9666095,-15.4942875,0.17501687,0.8023273,0.27281228,0.5012121
1.0261484,-0.5195196,-14.937353,0.615642,0.5298778,-0.56371886,0.14978504
0.56865925,-8.152639,-15.510039,0.17405434,0.80311704,0.27099866,0.50126636
1.0254688,-0.5194761,-14.937345,0.6156202,0.52987695,-0.56372875,0.1498405
0.56742436,-8.251363,-15.520879,0.17322092,0.80374813,0.26948842,0.5013577
1.0257381,-0.5194387,-14.937336,0.6155939,0.5298292,-0.56377035,0.14996074
0.56717736,-8.309556,-15.538425,0.17210026,0.80443364,0.2676871,0.50160915
1.0251594,-0.51940626,-14.937329,0.61561364,0.52978516,-0.56376266,0.15006393
0.56712794,-8.382711,-15.541935,0.17134792,0.8047847,0.2667145,0.50182146
1.0254271,-0.51937807,-14.937323,0.6155947,0.5297193,-0.56380564,0.15021285
0.5594284,-8.49731,-15.550327,0.17035443,0.8052708,0.26561898,0.5019611
1.0256612,-0.51935345,-14.937317,0.61556125,0.52957165,-0.56391066,0.15047581
0.5578885,-8.566367,-15.559695,0.16945565,0.80574304,0.26436448,0.5021697
1.0258666,-0.5186358,-14.937312,0.61550516,0.5295185,-0.5639741,0.15065461
0.5652702,-8.626317,-15.569258,0.16856755,0.8059582,0.2635062,0.5025743
1.0267271,-0.51866525,-14.937308,0.61541826,0.52943385,-0.56405365,0.15100913
0.55136716,-8.692134,-15.571171,0.16776544,0.80639577,0.26261085,0.5026094
1.0268636,-0.519436,-14.937304,0.6153427,0.5293245,-0.56414557,0.15135656
0.5639659,-8.751436,-15.579243,0.16681123,0.8065178,0.2619793,0.50306064
1.0269907,-0.5194064,-14.937299,0.6152204,0.5292617,-0.56426454,0.15162943
0.558796,-8.809435,-15.580857,0.16593444,0.8067337,0.26121008,0.50340426
1.027109,-0.5193788,-14.937295,0.61514854,0.52926964,-0.56426036,0.15190838
0.55776197,-8.882552,-15.58118,0.1655552,0.8068075,0.26094523,0.5035482
1.0280595,-0.5193508,-14.937291,0.61491734,0.52927655,-0.56442976,0.15219086
0.5575552,-8.935624,-15.588936,0.16483793,0.80701774,0.26002142,0.50392425
1.0273066,-0.51932657,-14.937288,0.6148807,0.52928084,-0.56442183,0.15235361
0.5498241,-9.000067,-15.590487,0.16423543,0.8073228,0.25916436,0.50407386
1.0273994,-0.5200551,-14.937284,0.6148451,0.5291879,-0.56444424,0.1527362
0.56365734,-9.205197,-15.621555,0.16282833,0.80762064,0.2571082,0.5051052
1.0274919,-0.5207807,-14.937281,0.61483634,0.5290907,-0.564453,0.15307625
0.57411367,-9.292362,-15.6277685,0.16193564,0.8079474,0.25550124,0.50568473
1.0275829,-0.52149355,-14.937279,0.614918,0.5290325,-0.5643613,0.15328683
0.5762049,-9.355933,-15.636702,0.16151658,0.8081564,0.2543663,0.50605685
1.0276711,-0.52218443,-14.937276,0.6150566,0.5289588,-0.5642265,0.15348141
0.5843129,-9.407096,-15.653867,0.16063455,0.8082393,0.25332752,0.50672585
1.0277469,-0.521897,-14.937274,0.61500794,0.5290381,-0.56415313,0.1536729
0.57055503,-9.478846,-15.64192,0.16043301,0.80859244,0.25300255,0.5063885
1.0288345,-0.5226075,-14.937271,0.6149776,0.529014,-0.56413215,0.15395373
0.5754932,-9.65468,-15.67029,0.15900102,0.80917096,0.2511052,0.50686026
1.0288008,-0.52225333,-14.937269,0.6149668,0.5290445,-0.56409264,0.15403698
0.5841706,-9.743674,-15.675964,0.15839635,0.8093214,0.2500507,0.50733036
1.0297383,-0.52193123,-14.937266,0.61495817,0.52901655,-0.5641128,0.15409364
0.5705266,-9.807611,-15.677099,0.1582864,0.80964583,0.24920261,0.5072643
1.0296197,-0.5216561,-14.937265,0.61495215,0.52902496,-0.56409955,0.15413699
0.56779784,-9.851158,-15.685016,0.15774013,0.81021106,0.24791196,0.50716454
1.0295105,-0.5223379,-14.937264,0.61504316,0.52892196,-0.5640679,0.1542434
0.5980109,-9.906006,-15.694288,0.15727723,0.8098309,0.24734616,0.5081907
1.0294092,-0.52297175,-14.9372635,0.61514133,0.52877814,-0.5640876,0.15427296
0.5963638,-9.947734,-15.696143,0.1569563,0.80996114,0.24661161,0.50843924
1.0293224,-0.5225991,-14.937263,0.6151502,0.52864665,-0.5642049,0.15425889
0.6114138,-10.009908,-15.704204,0.15687959,0.8097498,0.2462413,0.5089787
1.0302387,-0.52323186,-14.937261,0.61515117,0.52834237,-0.5644631,0.15435344
0.5990444,-10.06079,-15.698126,0.1567488,0.8100729,0.24601582,0.50861377
1.0310607,-0.5227957,-14.93726,0.6151376,0.5281251,-0.56466955,0.15439561
0.60426015,-10.109415,-15.7046,0.15625834,0.81017804,0.24551,0.50884163
1.0319184,-0.5246796,-14.937259,0.6152605,0.52771425,-0.5648453,0.15466729
0.60530335,-10.1498995,-15.721274,0.15546735,0.81038177,0.24499778,0.50900626
1.0315231,-0.52402943,-14.937258,0.6152714,0.5274633,-0.56506526,0.1546767
0.6132017,-10.1964445,-15.724609,0.15500468,0.81042814,0.24441464,0.50935376
1.0322862,-0.5245667,-14.937256,0.61520606,0.5270884,-0.5654448,0.15482694
0.59940195,-10.236513,-15.732965,0.15442908,0.81064844,0.24355663,0.50958896
1.0330087,-0.52507544,-14.937255,0.6151805,0.5267976,-0.5657085,0.15495571
0.6120214,-10.282974,-15.742328,0.15394512,0.8106581,0.24267986,0.5101381
1.032477,-0.52436584,-14.937254,0.6151165,0.5265851,-0.5659766,0.15495257
0.62223494,-10.538339,-15.767268,0.15213819,0.81135297,0.24020287,0.5107475
1.0331234,-0.52485937,-14.937254,0.61509055,0.5259022,-0.56657916,0.15517263
0.6319674,-10.635548,-15.772256,0.15121935,0.81171125,0.23910828,0.51096463
1.0350176,-0.52535343,-14.937253,0.61510056,0.52539456,-0.5669608,0.15545852
0.6416036,-10.67806,-15.780945,0.15036419,0.81170326,0.23820664,0.5116503
1.0342139,-0.5257619,-14.937253,0.61511713,0.5251098,-0.56718695,0.15552986
0.60508233,-10.7019415,-15.790371,0.14916527,0.81267947,0.23703732,0.51099426
1.0335306,-0.5272582,-14.937253,0.61514807,0.5248422,-0.5673629,0.15566914
0.6285369,-10.745167,-15.799947,0.14864379,0.81270266,0.23583016,0.51166743
1.0340983,-0.52743286,-14.937253,0.6151268,0.52460706,-0.5675831,0.15574345
0.6486072,-10.79226,-15.801862,0.14805897,0.81252635,0.23572303,0.51216614
1.0346115,-0.52759075,-14.937253,0.6149258,0.5244474,-0.5679175,0.1558556
0.6603109,-10.840127,-15.802244,0.14808631,0.8124134,0.23532043,0.5125224
1.036422,-0.5277394,-14.937253,0.6146801,0.5243123,-0.5682902,0.15592094
0.63958263,-10.86508,-15.81001,0.14781068,0.813043,0.23425893,0.5120897
1.0380882,-0.5278762,-14.937253,0.6145699,0.5241699,-0.5685082,0.15603897
0.64312667,-10.923899,-15.803874,0.1481605,0.81317353,0.23399445,0.51190215
1.0395894,-0.52799946,-14.937253,0.61444,0.52406216,-0.5687238,0.15612672
0.6438355,-10.9818,-15.818027,0.14672995,0.8142492,0.23277645,0.51115924
1.0393695,-0.52809864,-14.935823,0.6143889,0.5238745,-0.56896263,0.15608738
0.6439772,-11.024139,-15.820858,0.14624704,0.81459063,0.23275717,0.5107623
1.0406678,-0.52818704,-14.936046,0.61427426,0.5237254,-0.56917083,0.1562796
0.6470871,-11.06506,-15.813846,0.14509664,0.8156002,0.23330368,0.5092275
1.0414989,-0.52989393,-14.936392,0.6140988,0.5232295,-0.5697031,0.15669124
0.660007,-11.056171,-15.820021,0.14331782,0.8163849,0.23353216,0.50836843
1.0444098,-0.5314353,-14.936548,0.613814,0.5228428,-0.5702868,0.1569738
0.63952184,-11.046702,-15.821257,0.14201069,0.8172293,0.23311277,0.50757045
1.0468706,-0.5309082,-14.936683,0.6135378,0.5225391,-0.57082015,0.1571265
0.64311445,-11.0525,-15.813813,0.14065638,0.8178256,0.23327975,0.50690985
1.0470297,-0.5304892,-14.936788,0.61349964,0.52228934,-0.5710709,0.15719488
0.6515227,-11.045969,-15.820015,0.1393869,0.8181447,0.23267786,0.5070223
1.0471573,-0.53015345,-14.9368725,0.61329174,0.52208865,-0.5714694,0.15722406
0.6224456,-11.036973,-15.813564,0.13795964,0.81905717,0.23189509,0.5062976
1.0472572,-0.5298905,-14.935238,0.6132622,0.5218387,-0.57166976,0.157441
0.6243198,-11.035173,-15.812275,0.13704355,0.81903803,0.23142008,0.50679433
1.0473406,-0.5313949,-14.933875,0.6132851,0.5217436,-0.57166535,0.15768267
0.64007413,-11.042503,-15.8120165,0.1366472,0.8187729,0.23101766,0.5075129
1.0492821,-0.53273237,-14.932663,0.61300516,0.52146924,-0.5721258,0.15800841
0.6432249,-11.020902,-15.819654,0.13562293,0.8181984,0.2298672,0.5092336
1.050944,-0.5338772,-14.931625,0.6128519,0.52135843,-0.5722241,0.1586115
0.67461395,-11.016582,-15.821182,0.1348459,0.81737024,0.22943443,0.5109622
1.0484276,-0.5347403,-14.930842,0.6131085,0.52122337,-0.5720304,0.158762
0.673202,-11.015717,-15.821488,0.13411322,0.816947,0.22898078,0.51203436
1.0482962,-0.53360903,-14.930245,0.6129949,0.5212813,-0.5720541,0.15892498
0.67291963,-11.023232,-15.81386,0.13367736,0.8166817,0.2281226,0.51295376
1.0481946,-0.53443545,-14.929783,0.61326,0.52100325,-0.5719661,0.15913059
0.68055284,-11.024736,-15.804645,0.13294867,0.8165588,0.22796467,0.5134088
1.049835,-0.5351253,-14.929399,0.6132552,0.52082276,-0.57211196,0.15921612
0.66684085,-11.009811,-15.80282,0.13040347,0.81775576,0.226642,0.51274157
1.0494747,-0.5340242,-14.929098,0.6132467,0.5205581,-0.5723682,0.15919337
0.64185685,-10.999388,-15.80245,0.12856145,0.8187864,0.22584726,0.511912
1.0491887,-0.5347184,-14.92886,0.6131459,0.52047104,-0.57251376,0.1593427
0.6508888,-11.004376,-15.802366,0.1274692,0.81917787,0.22564664,0.5116471
1.0489504,-0.53529716,-14.92866,0.613012,0.520434,-0.5726519,0.15948193
0.652987,-11.005535,-15.802346,0.12674026,0.81974316,0.2252717,0.5110878
1.0487512,-0.5357807,-14.9284935,0.6129597,0.5203229,-0.5727467,0.15970536
0.65347046,-10.998515,-15.802341,0.12589109,0.8201734,0.22529815,0.5105956
1.0502206,-0.5362085,-14.928348,0.61289066,0.5200903,-0.57303506,0.15969332
0.6536156,-11.00368,-15.8023405,0.12561317,0.8206267,0.22591482,0.50966233
1.0524917,-0.5352261,-14.928121,0.6126755,0.5199646,-0.57331425,0.15992603
0.64638275,-11.005343,-15.8023405,0.1255874,0.82091457,0.22636148,0.50900644
1.053352,-0.5357685,-14.928035,0.61261934,0.5197743,-0.573452,0.16026533
0.65180147,-11.005751,-15.809531,0.12518705,0.8209122,0.22684473,0.50889385
1.0540816,-0.53622854,-14.927962,0.6128375,0.5195113,-0.57337433,0.1605619
0.63903105,-10.998797,-15.811308,0.12488854,0.82129294,0.22692907,0.50831485
1.0546588,-0.5365924,-14.929611,0.612846,0.51947993,-0.57333153,0.16078347
0.6356432,-11.003984,-15.804747,0.123696044,0.8221703,0.22720279,0.5070644
1.0551237,-0.53688556,-14.930938,0.61280483,0.5194281,-0.57327354,0.16131426
0.62112117,-10.991695,-15.809859,0.12275675,0.8227563,0.22710156,0.5063869
1.0539017,-0.53870267,-14.93198,0.61301535,0.51953435,-0.57289493,0.1615171
0.6371697,-10.994906,-15.811327,0.12219543,0.8228316,0.2274048,0.5062644
1.0544496,-0.5386351,-14.932821,0.6129646,0.5195921,-0.5729114,0.1614652
0.6486537,-11.00257,-15.811763,0.12218469,0.8227181,0.22756124,0.5063811
1.0548868,-0.53712386,-14.933493,0.6129235,0.5197407,-0.57285184,0.16135451
0.6323541,-10.998272,-15.8118925,0.12235703,0.82276225,0.2277744,0.5061719
1.053855,-0.5372902,-14.934033,0.6130132,0.5197994,-0.5727085,0.1613334
0.64022505,-10.996924,-15.818423,0.12241892,0.82263184,0.2278481,0.50633574
1.0543311,-0.5374256,-14.933158,0.61307883,0.5198992,-0.57253635,0.1613737
0.63631976,-11.002934,-15.80764,0.12265781,0.8226146,0.22833416,0.50608677
1.0547282,-0.53753847,-14.933699,0.6130174,0.5201315,-0.5723983,0.1613479
0.6350343,-11.004912,-15.810528,0.1228465,0.82260334,0.22844471,0.50600946
1.0550556,-0.53642386,-14.932938,0.61313045,0.5202782,-0.5721944,0.16116822
0.63231397,-11.005777,-15.811791,0.1230028,0.82264733,0.2289455,0.5056735
1.0544474,-0.5368414,-14.932787,0.61357653,0.5206998,-0.5713284,0.16118132

