ICVP Direct Stim Program 4.0.1+v4.0.1 - RelativeLocations
Updated at: 2022-08-22--16-46-21
Subject ID: CKT
Tester ID: kstipp
Direct Stimulation Input from the UI

UserID ; Time ; Electrodes ; Frequency (Hz) ; Cathodic Phase Duration (us) ; Train Length (ms) ; Duty On (ms); Duty Off (ms) ; Inter-train Length (ms) ; Amplitude (uA) ; Sent to Gateway ; Response ; Response Latency (ms) ; Response Duration (ms) ; Comments
kstipp ; 2022-08-22--16-46-21 ; 1502-1503-1506-1507 , 1502-1503-1506-1507-5603-5602-5606-5607 ; 200 ; 200 ; 1000 ; 1000 ; 0 ; 0 ; 40 ; True ;  ;  ;  ; moved right. 1st diamond of 4 bright peas, to the right 4 pencil points in square pattern.

Position t,Position u,Position v,Orientation w,Orientation x,Orientation y,Orientation z
0.9998882,-1.4193692,-14.994842,0.27391633,0.77132607,0.14504717,0.5558663
1.0898752,-0.16809368,-14.639271,0.25075597,0.72645,-0.45898008,0.44579053
1.0010927,-1.4185497,-14.994852,0.27399847,0.7713372,0.14491229,0.5558456
1.0992687,-0.16942513,-14.64187,0.25176477,0.72346675,-0.4615431,0.44742417
1.002223,-1.4177805,-14.994862,0.2740374,0.7713619,0.14484997,0.55580837
1.103777,-0.17045441,-14.643879,0.25266647,0.72159934,-0.46309564,0.4483264
1.0018867,-1.4184126,-14.99487,0.27426744,0.77144575,0.14478415,0.5555956
1.104229,-0.1738552,-14.645277,0.25334835,0.7202476,-0.46424636,0.44892472
1.0016093,-1.4189341,-14.994876,0.27444804,0.77149296,0.14475691,0.55544794
1.1073531,-0.17361261,-14.646322,0.25360614,0.7192321,-0.46523675,0.44938174
1.0013785,-1.4193678,-14.994882,0.274477,0.77165097,0.1448018,0.55520236
1.1096292,-0.17343588,-14.647083,0.25377148,0.718269,-0.46613106,0.44990176
1.0011853,-1.4197309,-14.994886,0.27458468,0.771768,0.14484748,0.5549746
1.1143043,-0.17330566,-14.647646,0.2537267,0.7175768,-0.46678212,0.4503564
0.9999949,-1.4200372,-14.994889,0.2746026,0.7719764,0.14480628,0.5546865
1.1145235,-0.17321602,-14.648031,0.25385246,0.7169442,-0.46734348,0.45071074
0.99900466,-1.4196366,-14.995778,0.2745987,0.77234864,0.14478217,0.5541763
1.1178753,-0.17311054,-14.648487,0.25390977,0.71617025,-0.4680544,0.4511709
0.99906486,-1.4190267,-14.995699,0.2746459,0.77258456,0.14459604,0.5538726
1.1200905,-0.17308025,-14.648617,0.2541751,0.7158639,-0.46823317,0.45132223
0.99827987,-1.4185005,-14.996469,0.2746546,0.77280027,0.14449614,0.5535933
1.1215982,-0.17305963,-14.648706,0.25433826,0.71570957,-0.46833736,0.45136684
0.9968039,-1.4180441,-14.997136,0.27463108,0.77307665,0.14436229,0.55325395
1.1226131,-0.17304575,-14.6487665,0.2544064,0.71551454,-0.46848497,0.4514845
0.9955177,-1.4176463,-14.996963,0.2746811,0.7732872,0.14422384,0.5529709
1.1232911,-0.17303647,-14.648807,0.25446647,0.7154358,-0.46864215,0.45141226
0.99510944,-1.4180158,-14.99681,0.2747867,0.77343637,0.14415972,0.55272627
1.1237417,-0.17303032,-14.648833,0.2544078,0.7153607,-0.46877292,0.45142868
0.99406886,-1.4176588,-14.997358,0.27483934,0.773612,0.14400905,0.55249363
1.1240402,-0.17302622,-14.64885,0.25431868,0.71534216,-0.46882474,0.4514544
0.9944456,-1.4173437,-14.997194,0.2749455,0.77369034,0.14392638,0.5523527
1.1242313,-0.17619734,-14.648863,0.254364,0.7154039,-0.46874067,0.4514183
0.9947795,-1.4176799,-14.997048,0.27508903,0.77374524,0.14384545,0.5522254
1.124357,-0.17828229,-14.6488695,0.2545508,0.71540064,-0.46860585,0.45145807
0.99368453,-1.4165844,-14.996804,0.2751429,0.774024,0.14363138,0.55186343
1.1276069,-0.175457,-14.648878,0.2542011,0.7154495,-0.46875408,0.45142385
0.9934851,-1.4163866,-14.996701,0.27520856,0.77409655,0.14360769,0.55173516
1.1266885,-0.1776621,-14.64888,0.25421414,0.7156617,-0.46855125,0.45129067
0.9933059,-1.4167104,-14.996609,0.27530622,0.77414113,0.14356913,0.5516339
1.1232772,-0.17630601,-14.648881,0.25413662,0.71595967,-0.4684047,0.45101362
0.99314463,-1.4165257,-14.996525,0.27535814,0.7741846,0.1435499,0.55155194
1.1209829,-0.17539391,-14.648882,0.2540009,0.7161811,-0.4682315,0.45091856
0.99250144,-1.4163463,-14.99693,0.27534717,0.7743195,0.14346635,0.5513898
1.1219412,-0.17476782,-14.648884,0.25382584,0.7164429,-0.4680112,0.45082995
0.99237424,-1.4161718,-14.996825,0.27528375,0.7744102,0.14341368,0.55130786
1.120205,-0.17432979,-14.648884,0.25371876,0.7168229,-0.46763697,0.45067433
0.9917859,-1.4164884,-14.996732,0.2752935,0.774442,0.14343251,0.5512534
1.1189687,-0.17401785,-14.646598,0.25336695,0.7173132,-0.4671082,0.4506406
0.99168515,-1.4157275,-14.997185,0.27508318,0.77450746,0.14339598,0.5512759
1.1180735,-0.175964,-14.647114,0.25319365,0.717672,-0.4666997,0.45059
0.991595,-1.4161059,-14.997061,0.2750674,0.774463,0.14340718,0.55134326
1.1194786,-0.17533165,-14.645431,0.25274318,0.7179407,-0.46645027,0.45067307
0.9915141,-1.4159424,-14.996949,0.2750072,0.7744242,0.14341657,0.55142534
1.1185666,-0.17682011,-14.646134,0.25271943,0.7182275,-0.46609598,0.45059597
0.99143744,-1.4157875,-14.996843,0.27494982,0.7743758,0.14342003,0.551521
1.1197393,-0.17608356,-14.644805,0.2524794,0.71834916,-0.4659748,0.45066196
0.9913631,-1.4156374,-14.99674,0.27490196,0.7743143,0.14344215,0.55162555
1.1188684,-0.1755194,-14.643786,0.25239152,0.71852225,-0.46583802,0.45057657
0.99073654,-1.415485,-14.996635,0.27487388,0.77429044,0.14349055,0.55166036
1.1181931,-0.1750821,-14.642997,0.25224856,0.7186926,-0.4657227,0.45050424
0.9906991,-1.4158725,-14.996542,0.2748789,0.7742457,0.14348826,0.55172133
1.1176639,-0.17473929,-14.642379,0.25206903,0.7188071,-0.46574724,0.45039672
0.9911629,-1.4157228,-14.996458,0.27480948,0.7741998,0.14345965,0.55182785
1.1187614,-0.17446773,-14.641889,0.2520586,0.7187103,-0.46585622,0.45044416
0.9911081,-1.415588,-14.996384,0.27475983,0.7741467,0.14342229,0.55193657
1.1196395,-0.17425044,-14.641497,0.25195435,0.7185219,-0.4661247,0.45052525
0.99150765,-1.4159154,-14.996315,0.27477282,0.7740431,0.14335047,0.5520941
1.1189798,-0.17270605,-14.641179,0.2518743,0.71845835,-0.4663251,0.4504641
0.991443,-1.4157853,-14.996253,0.27474168,0.77397835,0.14327051,0.5522212
1.1197428,-0.1727483,-14.640922,0.25182104,0.7182813,-0.466457,0.45063964
0.9917894,-1.4156673,-14.996197,0.27474093,0.77388245,0.1431896,0.5523768
1.1203997,-0.17407967,-14.640699,0.25178903,0.717999,-0.46663174,0.45092645
0.9917197,-1.4159447,-14.996145,0.27474636,0.77378184,0.14312957,0.5525307
1.1209861,-0.17393215,-14.640501,0.25173175,0.71783054,-0.46675333,0.4511007
0.99202186,-1.4161978,-14.9960985,0.27474198,0.7736511,0.14306322,0.55273294
1.1215048,-0.17380172,-14.6403265,0.25162473,0.7177054,-0.4668929,0.45121506
0.99229795,-1.4160815,-14.996056,0.27467653,0.7735291,0.14301507,0.5529486
1.1219596,-0.17368732,-14.640173,0.25157806,0.717548,-0.46698973,0.4513912
0.99246347,-1.4158776,-14.995982,0.27441695,0.7732369,0.14278391,0.5535457
1.1214727,-0.17478544,-14.639946,0.2517859,0.71724325,-0.46691683,0.4518348
0.99268657,-1.4157878,-14.995949,0.27423513,0.7730337,0.14266233,0.5539508
1.1206632,-0.1757677,-14.639862,0.2517934,0.7171734,-0.46690732,0.45195135
0.9938202,-1.415299,-14.996239,0.27371183,0.77228594,0.1422493,0.55535704
1.1215401,-0.17414817,-14.63973,0.2514369,0.71685207,-0.46726754,0.45228714
0.9945128,-1.4151952,-14.996611,0.27328852,0.7717173,0.14205137,0.55640566
1.1219085,-0.17401294,-14.639675,0.25137997,0.71667594,-0.46734902,0.45251375
0.99539524,-1.4144883,-14.997085,0.2728113,0.771184,0.14179808,0.55744296
1.1222271,-0.17389607,-14.640758,0.25136507,0.7165665,-0.4673824,0.45266086
0.9972561,-1.4136076,-14.997675,0.27229783,0.770703,0.14170161,0.5583829
1.1214211,-0.17379808,-14.640592,0.25136286,0.7164958,-0.4674235,0.4527314
0.9983821,-1.4126486,-14.998318,0.27192628,0.7702936,0.14147297,0.5591864
1.1207409,-0.17371538,-14.641472,0.2513011,0.7164732,-0.46735814,0.45286894
1.0005369,-1.4126837,-14.998972,0.27170512,0.7698635,0.14144441,0.5598928
1.1211315,-0.17364515,-14.64125,0.25127426,0.7163877,-0.4673988,0.45297727
1.0015079,-1.4127171,-14.99959,0.27152166,0.76952285,0.14143997,0.5604511
1.1214653,-0.17358516,-14.641061,0.25124705,0.7163549,-0.46743807,0.45300364
1.0037439,-1.4115145,-15.000226,0.2712596,0.7692196,0.14135662,0.56101495
1.1217737,-0.17352974,-14.640886,0.2512437,0.7163008,-0.46748993,0.45303753
1.0045055,-1.4103928,-15.000819,0.2711595,0.76902765,0.14120607,0.5613644
1.1220601,-0.17347826,-14.640724,0.25131962,0.71632427,-0.46744862,0.45300096
1.0066919,-1.4093251,-15.001384,0.27098712,0.7688645,0.14112586,0.5616911
1.1223245,-0.17343074,-14.640574,0.2513133,0.71629786,-0.46736762,0.4531298
1.0086033,-1.4098985,-15.001878,0.2709654,0.768705,0.1410211,0.5619461
1.1225564,-0.17436069,-14.641415,0.25149244,0.71628356,-0.46724072,0.45318398
1.010331,-1.4088016,-15.002324,0.27086627,0.76862526,0.14088182,0.56213796
1.1227678,-0.17422308,-14.641194,0.25146246,0.71630603,-0.4672576,0.4531475
1.0118495,-1.4078375,-15.002716,0.27083558,0.7685029,0.14076538,0.5623492
1.124085,-0.17408466,-14.640974,0.25144088,0.71621436,-0.46730444,0.4532561
1.0131539,-1.4070096,-15.003053,0.27083364,0.76844716,0.1406463,0.56245613
1.1241462,-0.1739625,-14.6407795,0.25132018,0.7162966,-0.46726415,0.4532346
1.0160612,-1.4081414,-15.003333,0.27081296,0.7683799,0.14064229,0.5625589
1.1242002,-0.17385454,-14.640607,0.25124198,0.71629643,-0.46733448,0.4532057
1.0148394,-1.4090129,-15.003549,0.27082697,0.76851296,0.14048837,0.5624087
1.124248,-0.1737591,-14.640454,0.25121573,0.7162935,-0.4673441,0.4532149
1.0138876,-1.4080482,-15.003716,0.2707267,0.7686519,0.14035717,0.5623
1.1242903,-0.17367467,-14.64032,0.2511248,0.7162535,-0.46735272,0.4533197
1.0164729,-1.4072205,-15.00386,0.27071974,0.7686241,0.14020853,0.5623783
1.1243278,-0.17359993,-14.6402,0.25114545,0.71622163,-0.46731722,0.4533952
1.0152627,-1.4065734,-15.003974,0.2707237,0.76880825,0.14011891,0.562147
1.1243609,-0.17353372,-14.640094,0.25122494,0.7162428,-0.46723977,0.45339763
1.0158798,-1.406028,-15.004068,0.27075362,0.7688792,0.1400311,0.56205755
1.1243894,-0.1745335,-14.640004,0.25134408,0.71621555,-0.4671804,0.45343584
1.0164026,-1.4055659,-15.004149,0.27083358,0.7689452,0.13990197,0.5619608
1.1244144,-0.17436811,-14.639924,0.251317,0.7162641,-0.46715242,0.45340297
1.0168146,-1.4067967,-15.004213,0.2710011,0.76901513,0.13987759,0.5617903
1.1244366,-0.17422165,-14.6398535,0.25136453,0.7162626,-0.46711648,0.45341605
1.0156258,-1.4062567,-15.004263,0.2710417,0.7692157,0.13979168,0.56151754
1.1244564,-0.17409174,-14.6397915,0.25132605,0.7163058,-0.46708274,0.4534037
1.0161412,-1.4058003,-15.004306,0.27120107,0.76928604,0.13970147,0.56136674
1.1244739,-0.17397636,-14.639735,0.25143045,0.7162292,-0.46708757,0.45346192
1.0151097,-1.4054354,-15.004339,0.271344,0.76958466,0.13962917,0.56090605
1.1244887,-0.17486009,-14.640669,0.25167495,0.7160706,-0.46714988,0.45351267
1.0129052,-1.4065124,-15.004368,0.27161995,0.76983917,0.13962218,0.5604248
1.1235689,-0.17468141,-14.641466,0.25183773,0.7160849,-0.46718016,0.4533684
1.012413,-1.4060864,-15.00439,0.2717886,0.7701098,0.13946778,0.5600096
1.1236657,-0.17452815,-14.641264,0.25199062,0.71603304,-0.46724033,0.45330334
1.0120087,-1.4069747,-15.004409,0.27199864,0.7702726,0.13946895,0.55968326
1.1229076,-0.17439596,-14.641932,0.25210932,0.7160692,-0.4672352,0.4531855
1.011674,-1.4065338,-15.004424,0.27218795,0.7704264,0.13940832,0.5593946
1.12305,-0.17428139,-14.64251,0.25223446,0.7160496,-0.4672385,0.45314342
1.0102779,-1.4061663,-15.004437,0.27232355,0.7706082,0.13931842,0.5591005
1.123174,-0.17418158,-14.643013,0.25225028,0.7159511,-0.46731827,0.4532081
1.0091057,-1.406919,-15.004448,0.27247593,0.770752,0.13934942,0.55882025
1.1232824,-0.17409426,-14.643455,0.25232747,0.715808,-0.46743906,0.4532666
1.008115,-1.4075551,-15.0044565,0.27264392,0.7708251,0.13933986,0.5586397
1.1226923,-0.17470299,-14.643842,0.25239354,0.71579343,-0.46738186,0.45331177
1.0082304,-1.408096,-15.004464,0.27277926,0.77087694,0.13925044,0.55852437
1.1228229,-0.17458887,-14.644183,0.2523932,0.71580726,-0.46733654,0.45333683
1.0074192,-1.4085585,-15.004471,0.27291933,0.7709719,0.13913499,0.5583538
1.1229384,-0.1744878,-14.644485,0.2523181,0.71581435,-0.46733215,0.4533719
1.007586,-1.4089564,-15.004477,0.27302474,0.77099025,0.13905716,0.5582963
1.1230465,-0.17439327,-14.644769,0.2522361,0.71589017,-0.4672555,0.4533769
1.0069089,-1.4084792,-15.004481,0.27303675,0.77108306,0.13899311,0.5581782
1.1231525,-0.17494868,-14.645047,0.25224313,0.71588844,-0.467208,0.45342463
1.0071008,-1.4088447,-15.004486,0.27310938,0.77109885,0.13899563,0.5581202
1.1226307,-0.17482501,-14.645293,0.25224945,0.71598214,-0.46714363,0.45333958
1.0065273,-1.4091638,-15.00449,0.27319854,0.771127,0.13899788,0.5580371
1.1227517,-0.17471507,-14.645512,0.25225353,0.71601045,-0.4671167,0.4533203
1.0067284,-1.4094435,-15.004494,0.2732836,0.77113414,0.13896286,0.55799437
1.1228713,-0.17460647,-14.645727,0.25223422,0.71601677,-0.46717617,0.45325986
1.0062367,-1.4096898,-15.004496,0.27334577,0.7711397,0.13896827,0.55795467
1.1223931,-0.17450991,-14.64592,0.25225192,0.7160597,-0.46717298,0.45318547
1.005802,-1.4092721,-15.004498,0.2733355,0.77116084,0.13895492,0.557934
1.1225249,-0.17442164,-14.646095,0.25220814,0.7160933,-0.46720704,0.45312157
1.0060201,-1.4095051,-15.0045,0.27337262,0.77113247,0.13893767,0.55795926
1.1221021,-0.17488316,-14.646253,0.25226405,0.7161515,-0.46713042,0.45307744
1.0062141,-1.4091392,-15.004502,0.27339086,0.7711299,0.1389064,0.55796164
1.1222458,-0.17532554,-14.646403,0.25228524,0.71609855,-0.46715483,0.4531241
1.0069324,-1.409357,-15.004504,0.273417,0.771086,0.13889232,0.5580131
1.1223747,-0.17572182,-14.646016,0.25223112,0.7162372,-0.46702272,0.45307136
1.0070584,-1.4095522,-15.004505,0.2734029,0.77106816,0.13890734,0.5580409
1.1224903,-0.17558248,-14.645669,0.25213438,0.71634144,-0.4669811,0.4530033
1.0071718,-1.409236,-15.004506,0.27335298,0.77105707,0.13892278,0.5580768
1.1225945,-0.17592755,-14.645355,0.25207672,0.7164152,-0.46692044,0.45298117
1.0072738,-1.408951,-15.004507,0.27329823,0.7710389,0.13894086,0.55812424
1.1226887,-0.17579223,-14.645073,0.2519525,0.71651256,-0.46687117,0.4529471
1.0069225,-1.4086934,-15.004509,0.27326474,0.77102053,0.13896729,0.5581594
1.1223493,-0.17609438,-14.644816,0.25188893,0.7166393,-0.46674192,0.4529153
1.0070256,-1.4088817,-15.00451,0.27326694,0.77098113,0.13899453,0.55820596
1.1224445,-0.17596526,-14.644585,0.25176263,0.71673656,-0.46671137,0.4528629
1.0067188,-1.408652,-15.004511,0.27322134,0.77098495,0.13901113,0.5582189
1.1225313,-0.17584775,-14.644372,0.25164706,0.71682954,-0.4666727,0.45281985
1.0069121,-1.4089798,-15.004148,0.27321994,0.77088124,0.13910781,0.5583386
1.1219857,-0.17633957,-14.644003,0.25162327,0.71699953,-0.46650034,0.45274162
1.0069964,-1.4091227,-15.003818,0.27318802,0.77084327,0.13915679,0.5583945
1.1220757,-0.17655465,-14.643841,0.25160635,0.71705,-0.46641278,0.4527611
1.0070738,-1.4092537,-15.003842,0.2731611,0.77079576,0.13920715,0.5584607
1.1218461,-0.17643979,-14.643693,0.25156304,0.7171147,-0.46636534,0.4527316
1.0071447,-1.409374,-15.003554,0.2731308,0.7707536,0.13924727,0.5585237
1.1219317,-0.17633422,-14.643557,0.25152853,0.71711946,-0.4663489,0.45276028
1.0075042,-1.4094846,-15.00329,0.27309325,0.77068216,0.13932115,0.55862224
1.1220105,-0.17623702,-14.643431,0.25153977,0.71713173,-0.46631446,0.45277002
1.0075557,-1.4095863,-15.003047,0.273073,0.7706221,0.13936631,0.55870384
1.1220831,-0.17614739,-14.643315,0.25151795,0.7171377,-0.46630162,0.4527859
1.0076032,-1.4096802,-15.002823,0.27304533,0.7705721,0.13942456,0.55877167
1.1221502,-0.17606461,-14.6432085,0.25147802,0.7171311,-0.46630877,0.4528112
1.007647,-1.4097669,-15.002615,0.2730067,0.7705023,0.13950244,0.55886734
1.1222123,-0.17598805,-14.643109,0.25149548,0.71711165,-0.46630156,0.45283973
1.0079274,-1.4098471,-15.002663,0.27299404,0.7704003,0.13955416,0.55900127
1.1222697,-0.17614666,-14.643018,0.25152346,0.7170739,-0.46630368,0.4528817
1.0082566,-1.4099413,-15.002719,0.27298146,0.77031004,0.13958895,0.559123
1.1223267,-0.17607073,-14.642928,0.2515127,0.7170409,-0.46633357,0.45290917
1.0082872,-1.409743,-15.002774,0.27292666,0.77025414,0.13957837,0.5592295
1.1221579,-0.17622195,-14.643065,0.25154617,0.7170145,-0.46632567,0.4529406
1.008682,-1.4095056,-15.00284,0.2728687,0.77016705,0.1395709,0.5593795
1.1222119,-0.17636229,-14.643193,0.25158355,0.7169598,-0.4663426,0.452989
1.0091388,-1.409231,-15.002916,0.27284223,0.77007806,0.13954331,0.5595218
1.122262,-0.17629272,-14.6433115,0.25160152,0.71689683,-0.46638465,0.45303538
1.0091447,-1.4093931,-15.002987,0.27283517,0.77002,0.13954574,0.5596045
1.1225243,-0.17622095,-14.643434,0.2516395,0.71679085,-0.46645185,0.4531128
1.0096246,-1.40957,-15.003063,0.272851,0.7699117,0.13949522,0.5597584
1.1225686,-0.17615315,-14.643548,0.25168356,0.71670467,-0.46650356,0.45317137
1.0101503,-1.4092181,-15.003146,0.27285397,0.76986504,0.13938697,0.5598481
1.1226119,-0.17608717,-14.6436615,0.2517533,0.71658355,-0.46657643,0.4532491
1.0101014,-1.4088924,-15.003223,0.27280864,0.76987016,0.13918023,0.5599146
1.1224598,-0.1760258,-14.643765,0.25196305,0.7163535,-0.46671805,0.45335042
1.0100559,-1.4085886,-15.003295,0.27275383,0.7699032,0.13898118,0.55994534
1.1225029,-0.17596565,-14.6438675,0.2521253,0.7160808,-0.46690914,0.45349422
1.0100132,-1.4083034,-15.003364,0.2726973,0.76992047,0.13877283,0.5600008
1.1227959,-0.17613217,-14.643993,0.25242087,0.71568435,-0.46713984,0.45371804
1.0105699,-1.4079939,-15.003437,0.27262956,0.76991874,0.13856432,0.56008774
1.1231713,-0.17602994,-14.644154,0.25263548,0.7153076,-0.46739584,0.4539291
1.0104896,-1.4077073,-15.003506,0.27260935,0.7699569,0.13836841,0.5600936
1.1236308,-0.17590484,-14.64435,0.25278017,0.714998,-0.46760747,0.45411825
1.0104179,-1.4080181,-15.003567,0.2726125,0.7699768,0.1382491,0.5600941
1.1241838,-0.17625567,-14.644587,0.25293684,0.7147244,-0.46777037,0.4542939
1.0109693,-1.4077156,-15.00363,0.27259755,0.76992846,0.13814558,0.5601933
1.1247969,-0.17605816,-14.64485,0.25305218,0.7145305,-0.46789038,0.45441106
1.0115142,-1.4080781,-15.003692,0.27259305,0.7699382,0.13805608,0.5602042
1.1254567,-0.17584556,-14.645132,0.2531037,0.71438915,-0.46795282,0.45454037
1.0120511,-1.4084353,-15.003753,0.27260694,0.769913,0.13809267,0.56022304
1.1253991,-0.17565116,-14.6453905,0.2532015,0.71430933,-0.4679758,0.4545877
1.0118581,-1.4080833,-15.003807,0.27261418,0.7699462,0.13808532,0.5601757
1.1253481,-0.17485125,-14.645619,0.2532193,0.71428734,-0.46806782,0.45451745
1.0116855,-1.4077687,-15.003855,0.27257594,0.7700012,0.13806315,0.5601242
1.125302,-0.17534438,-14.645826,0.25349048,0.7142085,-0.46795857,0.45460278
1.0115325,-1.4080994,-15.003899,0.27257872,0.77002406,0.13811715,0.56007814
1.1259451,-0.17517683,-14.646047,0.2536118,0.7141266,-0.46797955,0.4546422
1.0120313,-1.4077787,-15.003942,0.272548,0.7700397,0.13814446,0.5600648
1.1266114,-0.17500328,-14.6462755,0.25364852,0.71403867,-0.4680233,0.4547148
1.0118537,-1.4081142,-15.00398,0.27255356,0.7700523,0.1381814,0.5600356
1.1264559,-0.17484826,-14.64648,0.2537587,0.71408427,-0.46792322,0.45468467
1.0116957,-1.4078237,-15.004013,0.27252185,0.7701007,0.13817923,0.5599851
1.126319,-0.17542788,-14.646659,0.2539619,0.7141137,-0.4677365,0.45471716
1.0115548,-1.4075648,-15.004044,0.27253345,0.77009344,0.13819043,0.55998665
1.1261965,-0.17594665,-14.64682,0.25413823,0.71411103,-0.46761334,0.45474938
1.0114288,-1.407333,-15.004071,0.27248573,0.7701129,0.13820983,0.5599784
1.1260854,-0.17641762,-14.646965,0.2541888,0.71415204,-0.46755028,0.45472157
1.0118933,-1.4070861,-15.0041,0.27246553,0.7700956,0.1382146,0.56001085
1.1259834,-0.17685004,-14.647099,0.25419626,0.71420735,-0.46744063,0.45474327
1.0117354,-1.4068624,-15.004126,0.27238685,0.7700963,0.13820556,0.5600503
1.1258922,-0.1765941,-14.647219,0.25418493,0.7142801,-0.46735263,0.45472565
1.0122173,-1.406627,-15.004153,0.27231023,0.770006,0.13818218,0.56021756
1.1258101,-0.17636362,-14.647326,0.2541207,0.71433043,-0.4673184,0.4547177
1.012713,-1.4063851,-15.004181,0.27224892,0.76993406,0.13815184,0.5603537
1.1257341,-0.1767639,-14.647427,0.25407955,0.7143,-0.46730182,0.4548057
1.0132126,-1.4061412,-15.0042095,0.27215755,0.7698463,0.13810645,0.5605298
1.1263473,-0.17718723,-14.6475315,0.25402832,0.71420693,-0.46738955,0.45489028
1.0136691,-1.4066918,-15.004235,0.27216002,0.7697082,0.1381057,0.5607184
1.1262239,-0.17757563,-14.647628,0.2540204,0.7141588,-0.4673993,0.45496032
1.0140905,-1.4072001,-15.00426,0.2721713,0.7696126,0.13807188,0.5608525
1.1261152,-0.17726669,-14.647714,0.25393498,0.7141619,-0.46742705,0.45497465
1.0145049,-1.4068693,-15.004283,0.27212274,0.7695638,0.13801783,0.56095636
1.1266985,-0.17696138,-14.647799,0.2538174,0.71411,-0.46755335,0.4549918
1.0148834,-1.4073974,-15.004304,0.27214628,0.7694966,0.13798134,0.5610459
1.127297,-0.17741184,-14.647885,0.25385326,0.7139808,-0.4676949,0.45502904
1.0162557,-1.4069914,-15.004328,0.272203,0.7693734,0.13790198,0.5612068
1.1278769,-0.17704447,-14.647968,0.25378022,0.7139038,-0.46783352,0.4550482
1.0165312,-1.4056054,-15.004349,0.2721269,0.7693598,0.1377694,0.56129503
1.1284354,-0.17669058,-14.648049,0.2537203,0.7138292,-0.4679588,0.45506978
1.016785,-1.4053646,-15.004369,0.27217275,0.769321,0.13770829,0.5613409
1.1289325,-0.17720008,-14.647296,0.2537889,0.7137271,-0.4680704,0.45507693
1.0182314,-1.4039315,-15.004389,0.27207106,0.76925164,0.1376623,0.5614966
1.129421,-0.17770065,-14.647443,0.25391945,0.71360457,-0.4681571,0.455107
1.0183127,-1.4038619,-15.004407,0.27211902,0.76918477,0.13756533,0.56158876
1.1298938,-0.17818515,-14.647585,0.2540017,0.7134966,-0.46824095,0.4551441
1.0172448,-1.4038038,-15.004422,0.27215227,0.7691839,0.13745809,0.56160015
1.1303264,-0.17766981,-14.647715,0.25398463,0.713357,-0.4684013,0.4552076
1.0185078,-1.4048342,-15.004435,0.27222693,0.7690515,0.13745815,0.5617452
1.1307353,-0.17818925,-14.647837,0.2540596,0.7131966,-0.46850693,0.45530844
1.0185493,-1.4046732,-15.004445,0.27223483,0.7689813,0.13738544,0.56185526
1.1322471,-0.17759283,-14.647958,0.25412652,0.71302086,-0.46861902,0.45543095
1.0185865,-1.4045292,-15.004455,0.2722029,0.76893353,0.13735671,0.56194305
1.1324781,-0.17929864,-14.648066,0.25440326,0.71279174,-0.4685983,0.45565617
1.0176086,-1.4044076,-15.004463,0.2722393,0.76893204,0.1372904,0.56194377
1.1326869,-0.17969525,-14.648163,0.2545193,0.71266747,-0.46862817,0.45575508
1.017736,-1.4052631,-15.00447,0.27231285,0.76886195,0.13722435,0.56202006
1.1317745,-0.17894022,-14.648245,0.25462154,0.7126605,-0.46856895,0.45576978
1.0178449,-1.4050838,-15.004476,0.27228266,0.76885605,0.13712022,0.5620682
1.1320385,-0.18036926,-14.648314,0.2548265,0.7124744,-0.468585,0.45592973
1.0179386,-1.4049296,-15.00448,0.2721949,0.7688738,0.1369208,0.56213504
1.1322622,-0.17961906,-14.648374,0.25484407,0.7123182,-0.46868986,0.45605603
1.0190002,-1.404773,-15.004486,0.2721959,0.76885915,0.1367075,0.5622065
1.132461,-0.17992297,-14.648425,0.25493374,0.71213704,-0.46874744,0.45622972
1.0189887,-1.4046322,-15.004491,0.27227497,0.76886755,0.1365419,0.56219697
1.1337415,-0.18022755,-14.648477,0.25501716,0.7119644,-0.46880597,0.4563924
1.0189784,-1.4045056,-15.004496,0.27230448,0.7689131,0.13625662,0.56218964
1.1349268,-0.17938162,-14.648524,0.25503543,0.71182215,-0.46891147,0.45649567
1.018969,-1.4043916,-15.004499,0.27232116,0.76898736,0.13598412,0.56214595
1.1348461,-0.17975853,-14.648567,0.2551278,0.7117828,-0.4688738,0.45654404
1.0189607,-1.4042891,-15.004502,0.27237356,0.76902854,0.13565159,0.56214446
1.1347754,-0.18008865,-14.648603,0.2553374,0.7116567,-0.46887344,0.45662385
1.0189532,-1.404197,-15.004506,0.2723506,0.769106,0.1353963,0.56211114
1.1347133,-0.18037868,-14.648635,0.25547904,0.7115575,-0.4688644,0.45670852
1.0189464,-1.4041141,-15.004509,0.27228794,0.76919967,0.13515054,0.5620725
1.1346586,-0.18063405,-14.648663,0.2557371,0.7113908,-0.46885598,0.4568323
1.0189403,-1.4040395,-15.004511,0.27231494,0.76922095,0.13497357,0.5620729
1.1357914,-0.18088028,-14.64869,0.25578848,0.71128243,-0.46891597,0.45691076
1.0189348,-1.4039723,-15.004513,0.27223837,0.76927024,0.13481969,0.5620795
1.1356034,-0.1810912,-14.648713,0.25578856,0.71127874,-0.46878505,0.45705077
1.01893,-1.403912,-15.004516,0.27223083,0.7692313,0.13472289,0.5621595
1.1354463,-0.18016692,-14.648733,0.25568765,0.7112978,-0.46880943,0.45705256
1.0189254,-1.4038575,-15.004518,0.2721793,0.7692489,0.13474083,0.56215614
1.1353142,-0.18043488,-14.648749,0.2557061,0.7112923,-0.46877208,0.4570891
1.0189215,-1.4038086,-15.004519,0.27211165,0.7692772,0.13474087,0.56215006
1.1352001,-0.18066613,-14.648764,0.25578204,0.71127164,-0.468684,0.4571691
1.0189179,-1.4037646,-15.00452,0.27203962,0.76928836,0.1347282,0.5621728
1.1350995,-0.18087007,-14.648777,0.25586414,0.71124315,-0.46864215,0.45721042
1.0179969,-1.403727,-15.004521,0.27200264,0.76931626,0.13470532,0.562158
1.1340657,-0.1810437,-14.6487875,0.25596005,0.7113298,-0.46850872,0.4571585
1.0180776,-1.4036949,-15.004522,0.27198574,0.76927155,0.13469338,0.56223005
1.1340812,-0.18119238,-14.648797,0.2558223,0.71124715,-0.46872544,0.45714226
1.0181472,-1.403667,-15.004524,0.27202427,0.7692566,0.13470997,0.5622281
1.1340946,-0.18132038,-14.648805,0.25574017,0.7112332,-0.46887505,0.4570565
1.0182077,-1.4044297,-15.004525,0.27217862,0.76916265,0.13473499,0.56227595
1.1350245,-0.18144535,-14.648812,0.2556242,0.7110964,-0.4691134,0.45708957
1.0175128,-1.4035996,-15.004526,0.2721953,0.7692678,0.13461135,0.5621535
1.1358829,-0.18062513,-14.648819,0.2555303,0.71096236,-0.46937576,0.45708126
1.0176141,-1.4035828,-15.004526,0.27223122,0.76933783,0.134533,0.562059
1.1366831,-0.17986046,-14.648826,0.255413,0.710823,-0.469649,0.45708284
1.0177034,-1.4035679,-15.004526,0.27226564,0.7693771,0.13445918,0.56200624
1.1364429,-0.18013178,-14.649773,0.25549486,0.7107618,-0.46971002,0.45706958
1.0171412,-1.4035548,-15.005168,0.272282,0.76947296,0.13438079,0.56188583
1.1372545,-0.1804058,-14.650729,0.25544292,0.7107477,-0.46976188,0.45706716
1.0172517,-1.4035432,-15.005737,0.27233136,0.7695234,0.13430773,0.5618103
1.1359382,-0.17963614,-14.651539,0.25539142,0.7109801,-0.4695868,0.45691442
1.0173552,-1.402924,-15.006269,0.27229983,0.76960415,0.13421233,0.5617378
1.1367205,-0.17993249,-14.652227,0.25538373,0.7110322,-0.4695198,0.45690647
1.0174679,-1.4022496,-15.006849,0.27228844,0.76967454,0.134108,0.56167173
1.1364859,-0.17928113,-14.652818,0.25532985,0.71119153,-0.46935418,0.45685884
1.0175756,-1.4023349,-15.007404,0.27225465,0.76973337,0.13406241,0.56161845
1.1362735,-0.17959669,-14.653353,0.25538045,0.71128196,-0.46921828,0.45682943
1.0169756,-1.4024099,-15.007892,0.27217686,0.7698147,0.13398498,0.56156313
1.1360801,-0.17988399,-14.65384,0.25549844,0.7113374,-0.4690613,0.4568383
1.0159491,-1.4019032,-15.008724,0.27194294,0.7699729,0.13370319,0.5615267
1.13576,-0.17869481,-14.654647,0.25546774,0.7114226,-0.46895066,0.4568363
1.0161552,-1.4020063,-15.009105,0.27188566,0.76993906,0.13361146,0.56162274
1.1356243,-0.1798968,-14.654988,0.25564846,0.7113339,-0.4689092,0.456916
1.0159165,-1.4007388,-15.00988,0.27173,0.769979,0.1331928,0.5617428
1.1353889,-0.17952365,-14.6555805,0.2558001,0.71121097,-0.46892697,0.45700413
1.0153204,-1.4001125,-15.0102625,0.27165067,0.77002716,0.13300219,0.56176025
1.135287,-0.17979696,-14.655838,0.25591758,0.7110882,-0.46892262,0.45713395
1.0148051,-1.3995711,-15.009774,0.27166313,0.77005184,0.13283354,0.5617603
1.1361061,-0.18006824,-14.656093,0.25596517,0.7109573,-0.4689572,0.45727548
1.0151436,-1.3990889,-15.009339,0.27164757,0.76999485,0.13277139,0.5618606
1.1368129,-0.1803023,-14.655435,0.25601804,0.7108012,-0.46903393,0.45740986
1.0154386,-1.3994263,-15.00896,0.2716951,0.769922,0.13267493,0.5619602
1.1384143,-0.18052632,-14.654804,0.25608438,0.71052986,-0.46918592,0.45763826
1.0156968,-1.3990018,-15.008628,0.27168646,0.769827,0.13261269,0.5621093
1.1389277,-0.1807253,-14.654244,0.25626433,0.7102892,-0.46927136,0.4578234
1.0159365,-1.3986077,-15.008321,0.27177575,0.7697303,0.13249445,0.5622264
1.1393888,-0.18090405,-14.653741,0.2563769,0.710043,-0.4693737,0.45803732
1.0161471,-1.3989478,-15.008051,0.27187702,0.76968867,0.13247181,0.5622398
1.1398062,-0.18106578,-14.653286,0.25657114,0.7097587,-0.46948132,0.45825887
1.0163329,-1.399248,-15.0078125,0.27196932,0.7696163,0.13242729,0.5623047
1.1401857,-0.18121286,-14.652872,0.25671163,0.70950747,-0.46966016,0.45838588
1.0164974,-1.3988942,-15.007602,0.2720148,0.7696133,0.13228126,0.5623212
1.1396539,-0.18133947,-14.653374,0.25701818,0.7093759,-0.46970317,0.4583737
1.0166534,-1.3985586,-15.0074005,0.27208522,0.7695899,0.13218805,0.56234103
1.1391938,-0.181449,-14.653808,0.25733966,0.70922744,-0.46972668,0.4583991
1.0167919,-1.3988574,-15.007222,0.27227634,0.7695539,0.13219282,0.5622967
1.1405946,-0.1825092,-14.654269,0.25760654,0.708763,-0.46998385,0.4587037
1.0169154,-1.3991235,-15.007064,0.27251878,0.7695448,0.13215837,0.5621998
1.141939,-0.18252186,-14.653706,0.25756145,0.7083697,-0.47034055,0.45897102
1.0166149,-1.399575,-15.006795,0.2727459,0.7696175,0.13221417,0.5619769
1.144588,-0.18254684,-14.654808,0.2578665,0.70770925,-0.47075674,0.45939165
1.0162437,-1.399767,-15.006681,0.27286595,0.769638,0.13222975,0.5618869
1.1433277,-0.18255702,-14.655257,0.2580359,0.7077103,-0.470687,0.45936644
1.0159088,-1.39994,-15.006578,0.27297452,0.76966745,0.13222623,0.56179464
1.1433873,-0.1825655,-14.655631,0.25823334,0.7075244,-0.4708351,0.45938998
1.0160447,-1.4000965,-15.006924,0.27302662,0.76968205,0.1321749,0.56176144
1.1434387,-0.18257281,-14.655954,0.25847092,0.7073434,-0.4708911,0.45947778
1.0157511,-1.4002385,-15.0072365,0.2730781,0.7696996,0.13219437,0.5617077
1.1434847,-0.18257935,-14.656242,0.25854388,0.7073132,-0.47090948,0.45946422
1.0154843,-1.4003676,-15.007522,0.27311614,0.76973575,0.13215981,0.56164765
1.1435261,-0.18369344,-14.656502,0.2587282,0.7072146,-0.47081262,0.45961156
1.0156175,-1.400109,-15.007781,0.2730603,0.7697839,0.13204958,0.5616349
1.1435627,-0.18357067,-14.656732,0.2586791,0.7071615,-0.47089788,0.45963362
1.015739,-1.399873,-15.008018,0.27309838,0.7697985,0.1319629,0.5616167
1.144792,-0.18345384,-14.656951,0.25868002,0.70705545,-0.47096717,0.45972517
1.0155107,-1.3996571,-15.008234,0.27296916,0.7698119,0.13194925,0.56166446
1.1446756,-0.18335292,-14.65714,0.25850892,0.707116,-0.47095186,0.459744
1.0156317,-1.3997903,-15.008446,0.2729115,0.7697704,0.13191856,0.5617566
1.144574,-0.18443775,-14.657306,0.2585982,0.70699906,-0.47086737,0.45996
1.015772,-1.3995303,-15.008692,0.27280712,0.76971257,0.13190238,0.5618903
1.1444867,-0.1842216,-14.657448,0.25859585,0.7070439,-0.47078237,0.45997947
1.0159293,-1.3992386,-15.008967,0.27264678,0.76968837,0.13184117,0.56201565
1.1444095,-0.18518265,-14.657573,0.25858364,0.7070611,-0.47064638,0.460099
1.0160774,-1.3989643,-15.008745,0.27259713,0.7696008,0.13185106,0.5621572
1.1432511,-0.18598624,-14.657679,0.25866193,0.7071321,-0.47045562,0.46014103
1.0162109,-1.3991737,-15.008545,0.27256057,0.76949126,0.13189146,0.5623154
1.1433151,-0.18562338,-14.657766,0.2584939,0.7071484,-0.47044498,0.46022123
1.0163317,-1.3993634,-15.008364,0.27251154,0.7693987,0.13193409,0.5624559
1.1444137,-0.18529913,-14.6578455,0.25828314,0.7070996,-0.47051874,0.46033913
1.0164412,-1.3991228,-15.0082,0.27239823,0.7693397,0.13196142,0.56258506
1.1454427,-0.18499541,-14.657919,0.25816506,0.7071213,-0.4704692,0.46042275
1.0165409,-1.3989042,-15.008051,0.27233085,0.7692635,0.13194335,0.5627261
1.1463091,-0.18370047,-14.656942,0.25788856,0.7071593,-0.47054034,0.46044654
1.0166378,-1.3986913,-15.007905,0.27220827,0.7691959,0.13191766,0.5628838
1.1460558,-0.18457785,-14.657102,0.257897,0.707201,-0.4703964,0.46052483
1.0171957,-1.3984593,-15.007747,0.2721618,0.76909727,0.13188517,0.56304866
1.1458399,-0.18438783,-14.657238,0.2577695,0.7073155,-0.47029215,0.4605268
1.0177113,-1.3986834,-15.0076,0.272111,0.76901597,0.13189332,0.5631823
1.1465836,-0.18515478,-14.656422,0.25778967,0.70722693,-0.47028613,0.46065778
1.0177678,-1.3984464,-15.007452,0.27207333,0.76901144,0.13182606,0.56322247
1.1454377,-0.18492062,-14.656614,0.25770953,0.70742005,-0.47009885,0.46059728
1.0183713,-1.3981827,-15.007288,0.27202988,0.76894736,0.13172854,0.5633538
1.1452972,-0.18471882,-14.65678,0.25762376,0.7074757,-0.46997276,0.4606884
1.0184015,-1.3979237,-15.007128,0.27199322,0.7688992,0.13165763,0.5634537
1.1451755,-0.184544,-14.656119,0.25744873,0.7075807,-0.46987325,0.46072644
1.0184283,-1.3982267,-15.006983,0.27199823,0.7688278,0.13175386,0.5635263
1.1450695,-0.18439181,-14.655544,0.25741613,0.70757765,-0.46982723,0.46079633
1.0184525,-1.3984985,-15.006854,0.27198538,0.7687753,0.13181455,0.5635898
1.1449769,-0.18425873,-14.655767,0.25735134,0.7076572,-0.46976832,0.46077046
1.0189568,-1.3987432,-15.006738,0.2719965,0.7686818,0.13188553,0.5636953
1.1455854,-0.18414186,-14.655273,0.25732815,0.7076409,-0.4698192,0.46075666
1.019506,-1.3984562,-15.006611,0.27191448,0.76862955,0.13186021,0.563812
1.1461221,-0.1840388,-14.655493,0.2572953,0.70763946,-0.46979952,0.4607972
1.019472,-1.3987249,-15.006497,0.27187267,0.7686519,0.1318849,0.56379604
1.1459745,-0.18394758,-14.655687,0.257312,0.7076708,-0.46976876,0.46077108
1.0194408,-1.3984605,-15.0063925,0.27184355,0.76863,0.13192122,0.5638313
1.1458434,-0.18386653,-14.65586,0.2572942,0.70772064,-0.4697227,0.46075147
1.0194104,-1.3982028,-15.00629,0.27176213,0.7686794,0.1319024,0.5638077
1.1457264,-0.1843562,-14.6560135,0.25732607,0.7077184,-0.46973497,0.46072465
1.0193831,-1.398472,-15.006199,0.27185035,0.76869005,0.13196367,0.5637364
1.1456218,-0.18426034,-14.656153,0.25736475,0.7076806,-0.46982777,0.46066642
1.0193585,-1.3987142,-15.006117,0.2719551,0.768653,0.13198847,0.5637306
1.1461073,-0.18415932,-14.656298,0.25734913,0.7076241,-0.4699582,0.46062896
1.0193362,-1.3984814,-15.006043,0.2720572,0.76864165,0.13196227,0.5637029
1.1459736,-0.184069,-14.656428,0.25736424,0.70758456,-0.47003236,0.46060547
1.0193162,-1.3986995,-15.005977,0.27221343,0.7685964,0.13198462,0.5636839
1.146481,-0.18462336,-14.656569,0.25741726,0.7074221,-0.47021097,0.46064317
1.0197294,-1.3989097,-15.005912,0.2723484,0.7685208,0.13198596,0.56372154
1.1469938,-0.18447685,-14.656711,0.2574009,0.7073149,-0.47038352,0.4606407
1.0196906,-1.3986732,-15.005849,0.27247265,0.768492,0.13192783,0.5637143
1.1467737,-0.1843479,-14.656836,0.2573962,0.7072739,-0.47047198,0.46061596
1.0201305,-1.3989078,-15.005783,0.27256796,0.76846373,0.1319553,0.5637003
1.1465793,-0.18423396,-14.656945,0.25748596,0.7072214,-0.47051254,0.46060494
1.020068,-1.3986495,-15.00572,0.27263138,0.76845837,0.13193803,0.56368107
1.1470625,-0.18412127,-14.657055,0.2574872,0.7071299,-0.4706116,0.4606435
1.0205256,-1.3989058,-15.005656,0.27277145,0.7683897,0.13192648,0.5637096
1.1475056,-0.18401794,-14.656487,0.25753054,0.7069793,-0.47076443,0.46069437
1.0204374,-1.3986288,-15.005596,0.27284282,0.76839346,0.13190554,0.56367487
1.1472646,-0.18455942,-14.65662,0.25763464,0.7068509,-0.4708525,0.46074322
1.020904,-1.3989033,-15.005535,0.2729303,0.76836014,0.13192369,0.5636736
1.1477021,-0.18442309,-14.656753,0.25771314,0.7066969,-0.4709702,0.46081495
1.0213783,-1.3991824,-15.005473,0.27309778,0.76829034,0.13189459,0.5636944
1.1481383,-0.18428718,-14.656885,0.2577623,0.7064942,-0.47112373,0.46094137
1.0212305,-1.399431,-15.005417,0.27319053,0.7682643,0.13185301,0.5636948
1.1478289,-0.18486014,-14.6570015,0.25788307,0.7063701,-0.47120526,0.46098074
1.02168,-1.3996748,-15.005362,0.2732833,0.7682077,0.13183144,0.5637319
1.1482184,-0.18470584,-14.65644,0.2578563,0.7061528,-0.47139806,0.46113154
1.0221395,-1.3999239,-15.005305,0.2733997,0.76810765,0.13171066,0.5638401
1.1485791,-0.18456286,-14.655919,0.25776327,0.7060105,-0.47155866,0.46123722
1.0226092,-1.4001786,-15.004538,0.27346578,0.7680194,0.131654,0.5639415
1.1497686,-0.18519332,-14.655341,0.25785598,0.70575434,-0.47171852,0.46141395
1.0230707,-1.401182,-15.003784,0.27361235,0.767907,0.13163465,0.56402797
1.1500816,-0.18579201,-14.654794,0.25780165,0.7056617,-0.47177795,0.46152526
1.0235153,-1.4005738,-15.003845,0.2735905,0.76785374,0.13155451,0.56412977
1.1513119,-0.18549252,-14.654234,0.25759754,0.7055628,-0.47194028,0.46162456
1.023155,-1.4007914,-15.003151,0.27368057,0.76777786,0.13154039,0.56419265
1.1515127,-0.18522444,-14.653733,0.25748897,0.70559794,-0.47190627,0.461666
1.0236015,-1.401007,-15.002463,0.2736664,0.76767504,0.13155667,0.56433564
1.1516936,-0.18498294,-14.653281,0.257431,0.70564246,-0.47185794,0.46167973
1.0240242,-1.4012113,-15.002642,0.27365455,0.7675344,0.1315176,0.56454176
1.1518574,-0.18476431,-14.652873,0.2573032,0.70564276,-0.47188064,0.46172732
1.0258142,-1.4016037,-15.002986,0.27358592,0.7672479,0.13144994,0.56498
1.1521484,-0.18612592,-14.652147,0.25738606,0.7057403,-0.47158962,0.46182936
1.0260913,-1.4017861,-15.003145,0.27339813,0.767249,0.13144301,0.565071
1.152273,-0.18579255,-14.651836,0.25725433,0.705965,-0.47135782,0.46179596
1.0263436,-1.4019523,-15.00329,0.27330956,0.76719314,0.13145593,0.56518674
1.1523805,-0.18550506,-14.652442,0.25716135,0.70615685,-0.47112828,0.46178856
1.027719,-1.4021182,-15.003436,0.27316725,0.7671537,0.13127576,0.56535083
1.1516432,-0.18608697,-14.652966,0.2572014,0.70642525,-0.4706405,0.46185312
1.0278064,-1.4011809,-15.003559,0.27302843,0.76715684,0.13105465,0.565465
1.1517918,-0.18580337,-14.6534195,0.2571489,0.706553,-0.47040257,0.4619295
1.0278816,-1.4003731,-15.003665,0.2727843,0.7672376,0.13082913,0.5655254
1.1511723,-0.18630527,-14.653815,0.25716567,0.7066942,-0.4701333,0.4619783
1.0269516,-1.3986956,-15.003756,0.27250612,0.7673558,0.13053481,0.5655672
1.1506296,-0.18674491,-14.654161,0.25717986,0.7067731,-0.46992332,0.4620633
1.0271034,-1.3982108,-15.003832,0.27242926,0.7673086,0.13026495,0.56573045
1.1508285,-0.18645547,-14.654467,0.25715256,0.7068198,-0.46982142,0.4621108
1.028218,-1.3977599,-15.003903,0.27229014,0.76722366,0.13000357,0.5659727
1.151004,-0.18619986,-14.6547365,0.25712574,0.7068065,-0.4697973,0.46217054
1.0282451,-1.398303,-15.003964,0.27219808,0.7671386,0.12984838,0.56616783
1.1505494,-0.18597324,-14.654974,0.25701848,0.7068298,-0.4697691,0.46222308
1.0282694,-1.3978655,-15.00402,0.27201408,0.76703477,0.12949057,0.56647885
1.1507246,-0.18577163,-14.654607,0.2569678,0.7067729,-0.4697834,0.46232367
1.0282912,-1.3965515,-15.004068,0.27167967,0.76697147,0.12900008,0.5668367
1.1508812,-0.18559165,-14.65483,0.25689557,0.7066884,-0.46979195,0.46248424
1.0293599,-1.3952013,-15.004119,0.2712639,0.7667447,0.12856685,0.5674408
1.1510212,-0.18543047,-14.655029,0.25684637,0.7065664,-0.4698499,0.4626391
1.030388,-1.3939025,-15.005297,0.27071375,0.7663505,0.1280132,0.5683605
1.1511471,-0.18528567,-14.654712,0.25674576,0.7064635,-0.46986037,0.4628415
1.0313846,-1.3926433,-15.0051985,0.27008146,0.7659795,0.12755664,0.5692634
1.1512605,-0.18515523,-14.654897,0.2566188,0.7063442,-0.46983355,0.46312106
1.0323025,-1.3914837,-15.00642,0.2695389,0.76549536,0.1272041,0.57024986
1.1513629,-0.1850374,-14.654616,0.25640896,0.706186,-0.4698363,0.46347567
1.0346749,-1.3903549,-15.007608,0.2690109,0.7649362,0.1269211,0.5713115
1.1514602,-0.18492553,-14.65435,0.25617135,0.7059813,-0.4697874,0.46396825
1.0387067,-1.3892503,-15.008771,0.26859456,0.7642644,0.1265511,0.5724873
1.1521107,-0.18479691,-14.654044,0.25580978,0.7056757,-0.46982628,0.46459278
1.0423915,-1.3882406,-15.009834,0.26814136,0.763731,0.12613967,0.57350147
1.1528322,-0.18465427,-14.654337,0.25548697,0.70539516,-0.46980217,0.46522033
1.045586,-1.3873655,-15.0107565,0.26784703,0.76338977,0.12573557,0.5741817
1.1528717,-0.18391646,-14.654601,0.25522774,0.7051066,-0.46976608,0.46583614
1.048245,-1.386637,-15.011524,0.26745796,0.76316595,0.12532495,0.5747501
1.1529087,-0.1838349,-14.654849,0.2552389,0.70475864,-0.46960023,0.46652338
1.0528188,-1.3860278,-15.012166,0.2672121,0.76273406,0.12505202,0.57549673
1.1529435,-0.18375827,-14.655081,0.255164,0.70448196,-0.46936214,0.46722135
1.0539494,-1.3831501,-15.012662,0.26686653,0.7627804,0.1247066,0.57567054
1.1536909,-0.183675,-14.6553335,0.25516787,0.70404303,-0.46922556,0.4680174
1.0548128,-1.3809525,-15.013041,0.2665932,0.7626072,0.12451891,0.5760672
1.1536744,-0.18427639,-14.655555,0.25534198,0.7037087,-0.4690041,0.46864668
1.0554496,-1.3817593,-15.01332,0.26644683,0.76236814,0.12467608,0.5764173
1.1536591,-0.1841618,-14.655761,0.2553997,0.70344925,-0.46882156,0.46918708
1.0559223,-1.3823582,-15.013528,0.26624018,0.761883,0.12498731,0.5770864
1.1543944,-0.18479332,-14.655973,0.2555078,0.70278245,-0.46853563,0.47041145
1.0565381,-1.3831381,-15.013798,0.26619533,0.7613872,0.12524529,0.57770514
1.1550817,-0.18528911,-14.657203,0.25579718,0.7017943,-0.46821186,0.47204897
1.0592673,-1.3808821,-15.013889,0.26601982,0.7610741,0.12521915,0.57820404
1.1549423,-0.18588594,-14.658138,0.25594077,0.70139444,-0.46808112,0.47269464
1.0587702,-1.3792499,-15.013955,0.26601428,0.7608979,0.12533489,0.5784133
1.1557357,-0.1865067,-14.659113,0.25602898,0.7010273,-0.46795282,0.47331813
1.0584193,-1.3804461,-15.014002,0.266054,0.7607364,0.12559286,0.5785516
1.1565346,-0.1871316,-14.660092,0.25601453,0.70066154,-0.46796516,0.47385505
1.0581648,-1.3813139,-15.014036,0.2664753,0.76047754,0.12607254,0.5785937
1.1573148,-0.18774207,-14.66105,0.2562079,0.70002735,-0.46813592,0.4745187
1.0603262,-1.3796453,-15.014063,0.26664177,0.7603186,0.12603383,0.57873434
1.158057,-0.18832263,-14.661961,0.2562512,0.69970584,-0.46816647,0.47493926
1.0619571,-1.3807542,-15.014083,0.26695505,0.76005465,0.12623264,0.5788932
1.1587461,-0.1888618,-14.6628065,0.2563558,0.69930804,-0.46843925,0.47519967
1.0631887,-1.3815916,-15.014098,0.26718986,0.7599884,0.12637985,0.5788397
1.1593732,-0.18935233,-14.663576,0.25679907,0.69877994,-0.46878722,0.47539404
1.066465,-1.3845732,-15.01411,0.26750752,0.7597961,0.1265497,0.5789083
1.1599334,-0.18979071,-14.664264,0.25687355,0.6985325,-0.46899346,0.47551394
1.0665833,-1.3844683,-15.014119,0.26745784,0.7599295,0.12631944,0.57880646
1.1604267,-0.19017656,-14.664869,0.25691938,0.6982822,-0.46915695,0.4756955
1.0666727,-1.3843892,-15.014126,0.26740396,0.7600511,0.12620421,0.5786969
1.1625178,-0.19052915,-14.6654215,0.25721174,0.6978927,-0.469272,0.47599542
1.0644891,-1.3843324,-15.014131,0.2673734,0.7602035,0.12633215,0.57848275
1.1626128,-0.19082485,-14.665885,0.2573101,0.69772995,-0.4691626,0.4762887
1.065035,-1.3864262,-15.014134,0.26762357,0.7601736,0.12638986,0.57839376
1.1644573,-0.19108462,-14.666292,0.25747377,0.69751656,-0.46921036,0.4764658
1.0634099,-1.3859451,-15.014137,0.2677604,0.7602704,0.12645522,0.57818896
1.1642054,-0.1912945,-14.666622,0.25749537,0.6974915,-0.46928898,0.47641328
1.062192,-1.3855846,-15.014139,0.26778436,0.76038235,0.12636733,0.5780499
1.1658151,-0.19147459,-14.666904,0.25764328,0.697387,-0.46929485,0.47648057
1.0630974,-1.3853108,-15.01414,0.26781815,0.7603742,0.12632552,0.5780541
1.1671717,-0.19352585,-14.667143,0.2578573,0.69725066,-0.4691294,0.4767271
1.0628954,-1.3863765,-15.014143,0.26820612,0.7604431,0.12612897,0.5778264
1.1676202,-0.19494878,-14.667478,0.25819013,0.6972149,-0.4690817,0.4766463
1.0604179,-1.3860123,-15.014143,0.26839393,0.7607596,0.1259354,0.5773646
1.1667805,-0.19444963,-14.667593,0.2581039,0.6972179,-0.46923652,0.4765362
1.0599395,-1.385723,-15.014143,0.26849753,0.7609998,0.12571718,0.57704735
1.16613,-0.19406292,-14.667684,0.25805086,0.6971998,-0.46920782,0.47661957
1.0595555,-1.3854907,-15.014143,0.2686409,0.76118875,0.12552427,0.57677335
1.1672704,-0.19374594,-14.667758,0.2580342,0.6971169,-0.46907866,0.47687694
1.0592446,-1.3853024,-15.014143,0.26878646,0.76135534,0.12542398,0.57650745
1.1665751,-0.19508758,-14.667816,0.25826424,0.6971187,-0.46886495,0.4769599
1.0589905,-1.3851488,-15.014143,0.2689395,0.76149946,0.12526703,0.57627976
1.1676009,-0.19460952,-14.667866,0.25827342,0.6971471,-0.4687543,0.47702232
1.0587811,-1.3862365,-15.014143,0.26909018,0.76153314,0.12528203,0.5761617
1.1668772,-0.19576614,-14.667904,0.2585489,0.69717276,-0.46845427,0.47713026
1.0574538,-1.3859857,-15.014143,0.2691132,0.7616749,0.12523031,0.5759747
1.1662995,-0.19523177,-14.667936,0.25854304,0.697195,-0.46836674,0.47718686
1.0574402,-1.385776,-15.014143,0.26918575,0.7617736,0.12513584,0.5758308
1.1658338,-0.19618596,-14.66796,0.25860026,0.6971689,-0.46814004,0.47741637
1.0574286,-1.3866408,-15.014143,0.26933584,0.7618143,0.12517644,0.57569796
1.1654502,-0.19697209,-14.667982,0.25884193,0.69712704,-0.46790633,0.4775756
1.0564297,-1.3863841,-15.014143,0.26947898,0.7618665,0.12514438,0.57556885
1.1664569,-0.19631349,-14.667999,0.25874004,0.69698864,-0.4680103,0.47773096
1.0565182,-1.3861654,-15.014143,0.26959682,0.7618963,0.12514657,0.5754736
1.1673692,-0.19712593,-14.6680155,0.25896412,0.69685185,-0.46800324,0.4778159
1.056594,-1.3868706,-15.014143,0.2697538,0.76191556,0.125126,0.575379
1.1667678,-0.19778712,-14.668029,0.25891477,0.69688034,-0.46802345,0.4777814
1.0558113,-1.3874784,-15.014143,0.2698609,0.7619674,0.12517741,0.57524896
1.1675854,-0.19702038,-14.66804,0.2589657,0.696828,-0.46811298,0.47774243
1.0545431,-1.3869561,-15.014143,0.2699222,0.762129,0.12519827,0.57500166
1.1688901,-0.1957968,-14.668058,0.25888115,0.69682556,-0.46809304,0.4778113
1.0540271,-1.3867435,-15.014143,0.2699287,0.76219887,0.12519747,0.57490605
1.169429,-0.1966583,-14.668065,0.2589943,0.696825,-0.46796933,0.477872
1.053574,-1.3865569,-15.014143,0.26991355,0.7622576,0.12517618,0.57483995
1.1685696,-0.19736032,-14.668071,0.25912917,0.69691247,-0.4677776,0.47785914
1.0531745,-1.3863924,-15.014143,0.26991075,0.7622943,0.1251681,0.57479435
1.1678635,-0.19793716,-14.668076,0.25919914,0.6970212,-0.4676745,0.47776338
1.0528209,-1.3862467,-15.014143,0.26991123,0.76230615,0.12518914,0.57477385
1.1672788,-0.19841482,-14.66808,0.25915524,0.6970562,-0.4676529,0.4777574
1.0525067,-1.3867096,-15.014143,0.26994103,0.762307,0.12524246,0.5747471
1.166791,-0.19881326,-14.669197,0.25919294,0.697068,-0.4675957,0.47777572
1.051664,-1.3871222,-15.014143,0.26996064,0.76233196,0.12526001,0.574701
1.1663597,-0.19916552,-14.670184,0.25909585,0.6970404,-0.46756828,0.47789553
1.0519793,-1.3869567,-15.014143,0.26993507,0.76232463,0.1252592,0.57472295
1.1659733,-0.19948108,-14.671069,0.2591446,0.6969933,-0.467575,0.477931
1.0517544,-1.387316,-15.014143,0.26993287,0.7623175,0.12528117,0.57472867
1.166721,-0.19867411,-14.670739,0.2589166,0.69688714,-0.4677719,0.47801682
1.051552,-1.3871568,-15.014143,0.2699145,0.76232433,0.12528604,0.5747272
1.1653161,-0.19901097,-14.671478,0.25899482,0.6969186,-0.46770963,0.47798958
1.0513694,-1.3870133,-15.014143,0.26990098,0.762338,0.12530874,0.5747105
1.1650872,-0.19930036,-14.672112,0.2589514,0.69675136,-0.4679589,0.4780129
1.0512042,-1.3868835,-15.014143,0.2699038,0.7623464,0.12531325,0.57469696
1.1658587,-0.19955994,-14.671706,0.25894317,0.69654405,-0.4680735,0.47820714
1.0510544,-1.3867657,-15.014143,0.2698983,0.7623442,0.12533385,0.574698
1.166556,-0.19979449,-14.671338,0.25885525,0.6964721,-0.46823916,0.47819734
1.0509182,-1.3866587,-15.014143,0.2699227,0.76234,0.1253305,0.5746927
1.1671506,-0.19906119,-14.671025,0.25873974,0.6964559,-0.46839425,0.47813162
1.0511674,-1.3865612,-15.014143,0.26990336,0.7623491,0.12532188,0.5746916
1.166774,-0.19931887,-14.670756,0.25886545,0.6965122,-0.46826544,0.47810772
1.0510403,-1.3864721,-15.014143,0.26989833,0.7623569,0.1253159,0.57468504
1.1664492,-0.1995411,-14.670525,0.25880942,0.696535,-0.46819884,0.47817007
1.050924,-1.3863906,-15.014143,0.2699043,0.7623699,0.12530904,0.5746665
1.1669679,-0.19893347,-14.670323,0.25865096,0.69655883,-0.46824673,0.47817418
1.0508174,-1.386316,-15.014143,0.26991108,0.76238424,0.12531398,0.57464314
1.1674246,-0.19916704,-14.670146,0.2586509,0.6964775,-0.46819308,0.47834522
1.0507195,-1.3862473,-15.014143,0.2699368,0.7623892,0.1253123,0.57462484
1.1678253,-0.19863893,-14.6699915,0.2585936,0.69646835,-0.46812704,0.47845405
1.0509182,-1.3861842,-15.014143,0.26996455,0.76237845,0.12529936,0.57462895
1.1681838,-0.19816665,-14.669853,0.25858396,0.69638866,-0.46815112,0.47855172
1.050827,-1.3864003,-15.014143,0.27000055,0.7623809,0.12528488,0.57461196
1.1678249,-0.19775112,-14.669731,0.25855732,0.69640887,-0.46808904,0.4785974
1.0507427,-1.3863392,-15.014143,0.27000323,0.76239073,0.12526652,0.57460165
1.1681485,-0.19738403,-14.669623,0.25844297,0.69627076,-0.46820375,0.47874796
1.0508345,-1.3862306,-15.014143,0.2700407,0.7623975,0.12521526,0.57458615
1.1681187,-0.19734699,-14.669441,0.25860962,0.696255,-0.46794513,0.47893372
1.0507622,-1.3864055,-15.014143,0.27007616,0.7623962,0.12519118,0.57457644
1.1683793,-0.19705535,-14.669365,0.25851724,0.69624835,-0.46796587,0.47897303
1.050695,-1.3863556,-15.014143,0.27008614,0.76240367,0.12515405,0.57457
1.168091,-0.19731586,-14.669297,0.25871122,0.69632673,-0.46780786,0.47890875
1.0506326,-1.3863093,-15.014143,0.2700867,0.7624036,0.12513992,0.57457286
1.1683377,-0.1975598,-14.669233,0.25872046,0.6962642,-0.46786827,0.47893563
1.0507666,-1.3864583,-15.014143,0.27011886,0.7623796,0.12513559,0.57459056
1.1680685,-0.1977791,-14.669176,0.25875205,0.6963414,-0.4677968,0.47887594
1.0507058,-1.3866044,-15.014143,0.27013737,0.76236534,0.12514426,0.57459885
1.1678259,-0.19797681,-14.669125,0.25873277,0.6963641,-0.46778122,0.4788687
1.0506461,-1.3867476,-15.014143,0.27013293,0.76235807,0.12514508,0.5746104
1.1680496,-0.19771256,-14.669078,0.25858107,0.69641083,-0.46781823,0.47884655
1.0505877,-1.3866955,-15.014143,0.27010658,0.7623767,0.12510541,0.5746067
1.1678315,-0.19789389,-14.669035,0.25859898,0.6964912,-0.46770436,0.47883126
1.0505303,-1.3866445,-15.014143,0.2700807,0.7623798,0.12509058,0.574618
1.1676334,-0.19805862,-14.668997,0.2585368,0.69649863,-0.46774504,0.47881424
1.050474,-1.3865944,-15.014143,0.27005458,0.7623834,0.1250658,0.5746309
1.1674529,-0.19782883,-14.668962,0.2583837,0.6965757,-0.46783143,0.47870043
1.050419,-1.3865454,-15.014143,0.27005333,0.7623825,0.12505296,0.57463545
1.1672883,-0.19797993,-14.66893,0.25844496,0.696523,-0.46784687,0.47872877
1.0503651,-1.3864975,-15.014143,0.27004167,0.762373,0.12506086,0.5746519
1.1674806,-0.19777535,-14.6689005,0.25840417,0.6964956,-0.4679437,0.47869608
1.0503122,-1.3864504,-15.014143,0.2700362,0.76235765,0.12506633,0.5746736
1.1673311,-0.19791354,-14.668874,0.25849617,0.6964809,-0.46792054,0.47869042
1.0504526,-1.3864044,-15.014143,0.27001545,0.76234454,0.12508419,0.5746968
1.1671939,-0.19804038,-14.668849,0.25858226,0.69643176,-0.46791628,0.47871947
1.050398,-1.3863592,-15.014143,0.27001938,0.76233345,0.1250925,0.5747078
1.1670678,-0.19786313,-14.668826,0.25856495,0.6964307,-0.46791196,0.4787348
1.0505368,-1.3863149,-15.014143,0.27001888,0.7623185,0.12510306,0.5747257
1.1669517,-0.19769989,-14.668805,0.25863242,0.69646,-0.46787074,0.47869596
1.0504804,-1.3860793,-15.014143,0.270008,0.762323,0.12508075,0.5747297
1.1671096,-0.19754933,-14.668787,0.25857335,0.6964629,-0.4678491,0.4787448
1.0506175,-1.3860406,-15.014143,0.26999748,0.7623134,0.1250801,0.5747475
1.1670036,-0.19741023,-14.668769,0.25862503,0.6965038,-0.46778062,0.47872415
1.0507518,-1.3860028,-15.014143,0.27000105,0.7623025,0.12506057,0.57476455
1.1669056,-0.19728155,-14.668753,0.258583,0.6965355,-0.46772566,0.47875446
1.0506912,-1.3859657,-15.014143,0.2699888,0.76229835,0.12506096,0.57477576
1.1668148,-0.19738974,-14.668737,0.2585954,0.6965986,-0.46761355,0.4787656
1.0508242,-1.3859293,-15.014143,0.26997274,0.76229274,0.12506129,0.5747906
1.1667306,-0.19749007,-14.668723,0.25866935,0.6966235,-0.46745422,0.47884488
1.050762,-1.386086,-15.014143,0.26998577,0.76229006,0.12504034,0.5747925
1.1666524,-0.19758326,-14.668711,0.25871783,0.6966718,-0.467278,0.4789205
1.0508934,-1.3860472,-15.014143,0.2699661,0.76228756,0.12501779,0.57480997
1.1665797,-0.1976699,-14.668893,0.2587958,0.6967506,-0.46709523,0.47894204
1.0510223,-1.3860092,-15.014143,0.269959,0.7622701,0.124984875,0.5748436
1.1665095,-0.1977536,-14.669069,0.25882417,0.69685364,-0.46694198,0.4789263
1.0511485,-1.385972,-15.014143,0.26992735,0.76226664,0.12494763,0.57487124
1.1664406,-0.19783561,-14.669242,0.25890565,0.69686353,-0.4668739,0.4789342
1.05108,-1.3859354,-15.014143,0.26990712,0.7622674,0.12492192,0.5748853
1.1663731,-0.19772375,-14.669412,0.25885725,0.6969178,-0.46681345,0.47894022
1.051205,-1.3858997,-15.014143,0.26986632,0.7622545,0.12488712,0.5749291
1.1663067,-0.19761361,-14.669579,0.2588078,0.69696206,-0.46676952,0.47894529
1.0511354,-1.3860569,-15.014143,0.2698784,0.7622626,0.12488689,0.57491285
1.1662283,-0.19748357,-14.669776,0.2587445,0.69701636,-0.46674916,0.4789203
1.0510671,-1.3860186,-15.014143,0.2698603,0.76226175,0.12486372,0.5749275
1.1661547,-0.19758523,-14.669737,0.2587822,0.69703746,-0.46670362,0.47891372
1.0511924,-1.3861734,-15.014143,0.26985985,0.7622218,0.124896064,0.5749736
1.1660688,-0.19743635,-14.66996,0.25871545,0.6970784,-0.4666659,0.478927
1.0511231,-1.3861328,-15.014143,0.26984802,0.76222795,0.124881834,0.57497406
1.165966,-0.19758749,-14.670225,0.2586967,0.6971173,-0.46662545,0.47891986
1.0512474,-1.3860931,-15.014143,0.26982954,0.7622059,0.1248727,0.575014
1.1658521,-0.19737718,-14.67052,0.25867304,0.6972103,-0.4665365,0.47888395
1.0513691,-1.3860543,-15.014143,0.26982418,0.76219773,0.124854356,0.57503134
1.1657244,-0.19758245,-14.670849,0.25869185,0.6972373,-0.46648625,0.47888345
1.0514884,-1.3860161,-15.014143,0.26982358,0.7622036,0.12482935,0.57502925
1.1655849,-0.19780678,-14.67121,0.25868556,0.69726735,-0.46644643,0.47888184
1.0516052,-1.386171,-15.014143,0.26982626,0.7621982,0.12482402,0.5750363
1.1654359,-0.19804645,-14.671597,0.25868934,0.69729465,-0.46639517,0.47889003
1.0517198,-1.3861306,-15.014143,0.26984513,0.7622261,0.12479215,0.5749974
1.165286,-0.19767888,-14.671985,0.25869265,0.697354,-0.4662972,0.47889718
1.0516399,-1.386283,-15.014143,0.2698828,0.7622601,0.12475714,0.5749423
1.1651318,-0.19796893,-14.672384,0.25876838,0.6974242,-0.46615297,0.4788945
1.0515615,-1.3862404,-15.014143,0.2698869,0.7623099,0.124721564,0.574882
1.1649809,-0.19755022,-14.672774,0.2587693,0.69746155,-0.46610788,0.47888345
1.0516769,-1.3863907,-15.014143,0.26991406,0.7623285,0.12472434,0.57484394
1.1648308,-0.19788803,-14.673163,0.25877967,0.69749016,-0.46602058,0.47892112
1.0515977,-1.3863459,-15.014143,0.2699244,0.7623733,0.12469151,0.5747867
1.1646832,-0.1982199,-14.673544,0.2588034,0.69752973,-0.4659245,0.47894412
1.0515202,-1.3863019,-15.014143,0.26993445,0.76240593,0.12466227,0.5747452
1.16454,-0.19854203,-14.673914,0.25889844,0.69758767,-0.46579638,0.47893307
1.0516366,-1.3862587,-15.014143,0.2699516,0.76244116,0.12461211,0.57470125
1.1652551,-0.19883303,-14.674249,0.25893402,0.6975666,-0.46576434,0.47897562
1.0515583,-1.3862165,-15.014143,0.26997554,0.76249474,0.12457327,0.5746273
1.1641644,-0.19911231,-14.67457,0.25900003,0.69764143,-0.46564338,0.47894862
1.0514815,-1.3861752,-15.014143,0.2700134,0.76253784,0.12454599,0.57455826
1.1640682,-0.1993531,-14.674004,0.2589622,0.6976737,-0.46561673,0.478948
1.0514064,-1.3863268,-15.014143,0.2700705,0.76256675,0.124530815,0.5744964
1.1639817,-0.19956921,-14.674325,0.25900254,0.6977508,-0.4655274,0.47890067
1.0513327,-1.3864753,-15.014143,0.27012172,0.7625903,0.124513455,0.5744448
1.1630107,-0.19978005,-14.674638,0.25903732,0.6978284,-0.46541578,0.47887728
1.0512605,-1.386621,-15.014143,0.27019593,0.7626293,0.124478996,0.5743656
1.1630161,-0.19997832,-14.6749325,0.2589857,0.69785124,-0.4653418,0.47894385
1.0511897,-1.3865715,-15.014143,0.27019146,0.762692,0.12443614,0.57429373
1.1630212,-0.20016344,-14.675208,0.25903565,0.6979077,-0.4652577,0.47891632
1.0511203,-1.386523,-15.014143,0.27016523,0.7627653,0.1244061,0.57421505
1.1630259,-0.20033517,-14.675463,0.25899825,0.6979476,-0.4651858,0.47894815
1.0510523,-1.3864754,-15.014143,0.27013487,0.7628051,0.12439199,0.57417965
1.1620091,-0.20049661,-14.675703,0.2589627,0.69805723,-0.46510592,0.4788852
1.0509857,-1.3864288,-15.014143,0.2701141,0.76283604,0.12436232,0.5741547
1.1621159,-0.20063369,-14.674937,0.25888956,0.6981586,-0.46502432,0.4788562
1.0509205,-1.3863832,-15.014143,0.2700518,0.7628731,0.12434269,0.57413894
1.1612855,-0.19982907,-14.674282,0.25877944,0.6982777,-0.465007,0.47875884
1.0508565,-1.3863385,-15.014143,0.27001092,0.7628913,0.124354966,0.5741314
1.1605722,-0.19913799,-14.67372,0.258686,0.6983619,-0.46495357,0.47873846
1.0507938,-1.3862946,-15.014143,0.26996747,0.7628835,0.12435015,0.5741633
1.1607882,-0.19937308,-14.673235,0.25860122,0.69839156,-0.4648977,0.47879523
1.0509247,-1.3862517,-15.014143,0.26992097,0.7628487,0.12435461,0.5742304
1.1609756,-0.19878687,-14.672813,0.25847477,0.69843525,-0.46488786,0.47880942
1.0510528,-1.3862096,-15.014143,0.26990923,0.7627973,0.1243753,0.57429975
1.1618898,-0.19827573,-14.672446,0.2582465,0.69845897,-0.46497315,0.47881502
1.0511785,-1.3861684,-15.014143,0.26988006,0.7627753,0.124387614,0.57434
1.1619772,-0.1985413,-14.672125,0.25822294,0.69853145,-0.46488288,0.4788096
1.0513016,-1.3861278,-15.014143,0.2698399,0.7627497,0.124421135,0.5743856
1.1620541,-0.19877486,-14.671842,0.25817892,0.69857067,-0.46485168,0.4788064
1.0514222,-1.3860883,-15.014143,0.26980242,0.76272696,0.12442635,0.57443225
1.1614782,-0.19833742,-14.671592,0.25806203,0.6986838,-0.46480048,0.478754
1.0515404,-1.3860494,-15.014143,0.26977655,0.7627029,0.12444007,0.5744734
1.1615794,-0.19794971,-14.6713705,0.2580291,0.69869804,-0.464807,0.47874475
1.0516562,-1.3860115,-15.014143,0.26973876,0.76268834,0.124443516,0.5745097
1.1616694,-0.1976048,-14.671173,0.25804114,0.6987252,-0.46476758,0.47873688
1.0517699,-1.3859742,-15.014143,0.26969904,0.7626811,0.12444648,0.5745372
1.1617496,-0.19729693,-14.670997,0.25802606,0.6987578,-0.4647494,0.47871506
1.0516889,-1.3859377,-15.014143,0.26965624,0.76268506,0.12446286,0.5745485
1.1618215,-0.19754553,-14.67084,0.25805393,0.6987414,-0.46473524,0.47873777
1.0518018,-1.3859019,-15.014143,0.26962548,0.7626789,0.12447179,0.5745693
1.161886,-0.19727075,-14.670698,0.25804132,0.6987704,-0.46470645,0.4787301
1.051931,-1.3858609,-15.014143,0.26960683,0.7626611,0.1244868,0.5745984
1.161471,-0.19702324,-14.67057,0.25809777,0.6988066,-0.4646317,0.4787194
1.0520818,-1.3858131,-15.014143,0.26959687,0.7626504,0.12450695,0.57461286
1.1610962,-0.19679968,-14.670455,0.2581034,0.6988554,-0.46462584,0.47865084
1.0522538,-1.3857586,-15.014143,0.26958007,0.76264256,0.124501266,0.57463235
1.1611838,-0.19702424,-14.670777,0.25816628,0.6988369,-0.46460637,0.47866276
1.0524455,-1.3856977,-15.014143,0.2695635,0.76264465,0.12449163,0.5746395
1.1612632,-0.1972281,-14.671071,0.25816146,0.6988577,-0.46457106,0.47866935
1.0526793,-1.3851639,-15.014143,0.26953265,0.7626435,0.12447717,0.57465863
1.1609502,-0.19741361,-14.671337,0.258203,0.69893116,-0.46448448,0.47862378
1.0528908,-1.3855543,-15.014143,0.2695359,0.7626325,0.12449122,0.57466877
1.1610309,-0.19758277,-14.67158,0.25819135,0.69897276,-0.4644364,0.478616
1.0531081,-1.3854853,-15.014143,0.2695234,0.7626266,0.12451696,0.5746769
1.1611046,-0.19738953,-14.671802,0.25816554,0.69899017,-0.46443218,0.4786086
1.0528579,-1.3854232,-15.014143,0.2695084,0.7626212,0.1245416,0.57468563
1.161172,-0.19754301,-14.672005,0.25812724,0.6989992,-0.46438,0.47866648
1.0530555,-1.3857912,-15.014143,0.26950622,0.76260084,0.12456051,0.57470965
1.1612352,-0.19768684,-14.672196,0.25815013,0.6990512,-0.46428442,0.478671
1.0528318,-1.3857222,-15.014143,0.26946953,0.7626036,0.124575086,0.5747199
1.1609805,-0.1975085,-14.672063,0.2581056,0.6991585,-0.4641976,0.47862247
1.0530112,-1.3856595,-15.014143,0.26943988,0.76259685,0.124594346,0.5747387
1.1610523,-0.19765833,-14.672257,0.25808656,0.6992405,-0.4640629,0.4786436
1.053213,-1.3851401,-15.014143,0.26938692,0.76260537,0.12458593,0.57475394
1.1611184,-0.19779578,-14.672121,0.25805143,0.6993159,-0.46395043,0.47866148
1.0534227,-1.3850895,-15.014143,0.2693436,0.76260006,0.1246111,0.57477576
1.1608441,-0.19759695,-14.672321,0.2580234,0.6994661,-0.4638264,0.47857732
1.0531416,-1.3845689,-15.014143,0.26925072,0.7626288,0.124621,0.5747791
1.1609197,-0.19741483,-14.672178,0.25792122,0.6994941,-0.46382123,0.47859648
1.0528697,-1.3840654,-15.014143,0.269153,0.7626717,0.12464297,0.5747632
1.1606413,-0.19722193,-14.672385,0.25787222,0.69963443,-0.4636923,0.47854275
1.0531055,-1.3840696,-15.014143,0.26911548,0.7626564,0.12469447,0.57478994
1.160328,-0.19742388,-14.672618,0.25799155,0.69971967,-0.46348146,0.47855794
1.0533406,-1.3840739,-15.014143,0.2690653,0.76266813,0.12469254,0.5747983
1.1604415,-0.19720931,-14.672431,0.25785604,0.6998228,-0.46339697,0.47856206
1.0535736,-1.3840781,-15.014143,0.26901302,0.76266843,0.124704115,0.5748198
1.16013,-0.19698787,-14.672667,0.25783458,0.69987476,-0.46329433,0.478597
1.0538319,-1.3834226,-15.014143,0.26892108,0.76269066,0.124676794,0.57483923
1.1602596,-0.19720247,-14.67289,0.2579169,0.6998579,-0.46315363,0.4787135
1.0541083,-1.3827212,-15.014143,0.26881117,0.7627056,0.12462549,0.5748819
1.1599183,-0.19743578,-14.673133,0.25798684,0.69988436,-0.46307895,0.47870937
1.0536295,-1.3828281,-15.014143,0.26870227,0.7627465,0.1246201,0.5748798
1.1595514,-0.19714089,-14.673393,0.25803223,0.69995075,-0.4629413,0.47872102
1.0532087,-1.3829219,-15.014143,0.26861578,0.7627716,0.124630295,0.5748846
1.15917,-0.19743577,-14.673664,0.25814584,0.7000315,-0.46281362,0.478665
1.0534879,-1.3836553,-15.014143,0.26863265,0.7627268,0.1246391,0.5749343
1.1587771,-0.19707875,-14.6739435,0.25815076,0.7001028,-0.4627444,0.4786251
1.0531173,-1.3830689,-15.014143,0.2685033,0.76279217,0.124582835,0.57492024
1.1583786,-0.19671655,-14.674226,0.25811985,0.70016056,-0.46266514,0.47863388
1.0533749,-1.3831347,-15.014143,0.26840612,0.7628316,0.124548346,0.5749207
1.1579884,-0.19712381,-14.674503,0.2581327,0.70031357,-0.46244302,0.47861785
1.0536045,-1.3831934,-15.014143,0.26836044,0.76282495,0.12455759,0.5749489
1.157605,-0.19671106,-14.674775,0.2580626,0.7004039,-0.46239486,0.47856978
1.0532804,-1.3827162,-15.014673,0.2681705,0.7629269,0.124509096,0.5749128
1.1572329,-0.1963103,-14.675039,0.25813353,0.7004415,-0.46236932,0.4785013
1.0534925,-1.3827912,-15.014645,0.26805633,0.76290923,0.12456485,0.57497734
1.1568844,-0.19682178,-14.675286,0.2582485,0.700499,-0.46219465,0.47852382
1.0532055,-1.3828586,-15.015098,0.26790318,0.762982,0.12457224,0.5749505
1.156554,-0.19638045,-14.675522,0.2582517,0.7006278,-0.46215975,0.4783671
1.0529335,-1.3824456,-15.015527,0.2677777,0.7630643,0.124508545,0.5749135
1.1562432,-0.19596536,-14.675742,0.25833946,0.70072544,-0.4620896,0.47824454
1.053162,-1.3825339,-15.015954,0.2677047,0.7630538,0.12452134,0.5749588
1.1559615,-0.19656034,-14.675941,0.25849688,0.7007245,-0.46196058,0.47828558
1.0528933,-1.3826135,-15.016339,0.2675998,0.76314765,0.124565884,0.5748734
1.1566435,-0.19706848,-14.676113,0.25856337,0.70060176,-0.46205425,0.478339
1.0531651,-1.3821192,-15.016793,0.26755202,0.7631716,0.12453954,0.57486945
1.1572293,-0.19662847,-14.676259,0.25835162,0.7006251,-0.46221247,0.4782662
1.0534073,-1.3827958,-15.017198,0.26758662,0.76316,0.12461735,0.574852
1.1569024,-0.19624858,-14.676386,0.2583646,0.70061797,-0.46230862,0.47817677
1.0530934,-1.3828704,-15.017561,0.26759362,0.763168,0.12468455,0.57482356
1.1565942,-0.19589029,-14.676506,0.2582899,0.7007763,-0.46234342,0.4779514
1.0533643,-1.382338,-15.017956,0.26754004,0.7631942,0.124682225,0.57481414
1.156313,-0.19642475,-14.676615,0.2583685,0.70081645,-0.46233416,0.47785902
1.053633,-1.3824604,-15.018349,0.26750216,0.76318026,0.124781206,0.5748288
1.1550999,-0.19695298,-14.676723,0.2583891,0.7009238,-0.4623218,0.47770238
1.0539216,-1.3818424,-15.018771,0.26744786,0.7632145,0.12478861,0.5748069
1.1558361,-0.197406,-14.676816,0.25838098,0.7009035,-0.4624403,0.47762185
1.0541973,-1.3820285,-15.019174,0.26740417,0.7632242,0.12487074,0.5747966
1.1556271,-0.19695267,-14.676895,0.258323,0.7009392,-0.4625533,0.4774913
1.0536548,-1.3814007,-15.019558,0.26734614,0.76329994,0.12494849,0.5747061
1.1562477,-0.19655983,-14.676965,0.25815797,0.7009983,-0.46268877,0.47736257
1.0531353,-1.3807995,-15.019925,0.26730305,0.7633595,0.12502785,0.5746299
1.1567881,-0.19621775,-14.677025,0.25809646,0.7010237,-0.46282554,0.47722587
1.052685,-1.3810779,-15.0194435,0.26739675,0.7633315,0.1251512,0.5745967
1.1565373,-0.19591852,-14.677077,0.257994,0.7011032,-0.46292886,0.47706428
1.0530524,-1.3813204,-15.019025,0.26748097,0.7632572,0.12529731,0.57462424
1.1563159,-0.19634475,-14.677123,0.2579779,0.70116687,-0.46297866,0.47693107
1.0526522,-1.3815325,-15.018659,0.26754355,0.7631744,0.12540033,0.5746826
1.1561208,-0.19606493,-14.676508,0.25784925,0.7013194,-0.46321356,0.47654808
1.0529861,-1.381719,-15.018337,0.26757234,0.7630815,0.1254095,0.57479066
1.1559482,-0.19581723,-14.675963,0.25771168,0.70144093,-0.46349084,0.47617394
1.0532807,-1.3818834,-15.018053,0.2676125,0.76302695,0.12545839,0.5748335
1.1557946,-0.19559716,-14.67548,0.25756687,0.7015737,-0.46382555,0.47573048
1.0535417,-1.3826476,-15.017802,0.26770484,0.7629363,0.12550269,0.57490116
1.1556578,-0.1948388,-14.674486,0.2572907,0.701671,-0.46429044,0.47528282
1.0531858,-1.3827393,-15.017578,0.2677139,0.7629129,0.12545715,0.574938
1.1560695,-0.19469456,-14.673598,0.25703254,0.7016968,-0.46500528,0.47468507
1.0534269,-1.3822627,-15.017379,0.2677214,0.7628509,0.12540144,0.57502896
1.1564388,-0.19405779,-14.672802,0.25668564,0.7017701,-0.46579123,0.4739934
1.0536424,-1.3823667,-15.0172,0.26778173,0.76280236,0.12529406,0.5750887
1.1567713,-0.19396678,-14.672085,0.2565248,0.70167786,-0.4665398,0.47348055
1.0543399,-1.38246,-15.017041,0.2678388,0.762735,0.12520637,0.5751706
1.1570712,-0.19388464,-14.671437,0.2563696,0.7017006,-0.46716234,0.47291672
1.0546237,-1.3821636,-15.016311,0.26796666,0.7626305,0.12516734,0.57525796
1.1571724,-0.19332969,-14.669907,0.25583297,0.7016916,-0.46881133,0.47158703
1.0547454,-1.3822528,-15.015781,0.26805913,0.7625904,0.12511444,0.5752796
1.1574835,-0.19276509,-14.668798,0.2555066,0.7016024,-0.46974558,0.47096664
1.054856,-1.3823336,-15.015302,0.26818094,0.762543,0.12510265,0.5752882
1.1584599,-0.19211392,-14.66752,0.2552361,0.7014621,-0.4707047,0.47036433
1.0549566,-1.3827971,-15.014866,0.26830924,0.762485,0.12512222,0.575301
1.1596352,-0.19053562,-14.665978,0.25470844,0.7014365,-0.47184408,0.46954617
1.0554186,-1.3832195,-15.014467,0.26840937,0.76243883,0.12516041,0.5753072
1.1608875,-0.18977676,-14.664337,0.25471154,0.7013188,-0.47268617,0.4688729
1.0554887,-1.3832535,-15.014104,0.26848397,0.7624057,0.12518506,0.57531095
1.1621736,-0.1900457,-14.661604,0.25488138,0.7011616,-0.4735839,0.4681092
1.0555578,-1.3836466,-15.013746,0.26860717,0.7623665,0.1252111,0.5752998
1.1635172,-0.18909733,-14.658748,0.25486386,0.7011097,-0.4747472,0.46701688
1.0561107,-1.3836709,-15.013299,0.2687098,0.76233107,0.12522596,0.5752955
1.1648438,-0.18816108,-14.655929,0.25473523,0.7010399,-0.47599235,0.46592316
1.0567565,-1.3842721,-15.012777,0.2688409,0.7622991,0.12526396,0.5752683
1.1661242,-0.18568683,-14.653207,0.254255,0.7010941,-0.4774608,0.46459964
1.0567931,-1.3842642,-15.012254,0.26896498,0.7622855,0.12530872,0.57521874
1.1672982,-0.18341817,-14.650712,0.25402394,0.7012403,-0.4788369,0.46308652
1.0568297,-1.384905,-15.011733,0.2691052,0.76228017,0.12536947,0.5751468
1.1702873,-0.18134487,-14.646515,0.25342795,0.7012488,-0.4805352,0.46163875
1.0568657,-1.3848509,-15.01122,0.26923987,0.7622703,0.12544729,0.57508
1.1708081,-0.17743967,-14.642846,0.2527962,0.7014567,-0.48228228,0.45984384
1.0569012,-1.3855257,-15.010713,0.26948345,0.76223034,0.1255436,0.5749978
1.1712352,-0.17643084,-14.639837,0.2524657,0.7016509,-0.48353267,0.4584138
1.056936,-1.3861889,-15.010216,0.2697917,0.7621574,0.12573701,0.57490766
1.1738975,-0.17329468,-14.637387,0.25188985,0.7018646,-0.48475158,0.45711428
1.0578549,-1.3868839,-15.009693,0.27018014,0.7620142,0.12596466,0.57486516
1.1760876,-0.16820703,-14.632863,0.25096723,0.70216984,-0.4862298,0.45558053
1.0578066,-1.3866298,-15.009214,0.27048397,0.76191443,0.12621817,0.574799
1.1777974,-0.16423492,-14.629332,0.2502433,0.7027454,-0.48709506,0.4541649
1.0577579,-1.387364,-15.007742,0.270958,0.76173866,0.1265111,0.5747443
1.1790931,-0.15845421,-14.626655,0.2494491,0.70327383,-0.48785645,0.452965
1.0577132,-1.38804,-15.007403,0.2713623,0.76150453,0.12685975,0.574787
1.1800445,-0.15420926,-14.62469,0.24868919,0.7039486,-0.48821455,0.45194766
1.0576684,-1.3898469,-15.005932,0.2719611,0.7611654,0.1274359,0.57482576
1.1748166,-0.14224161,-14.6203,0.24655053,0.7054342,-0.48852244,0.45046782
1.0589254,-1.391679,-15.00444,0.27242634,0.76080346,0.12797385,0.574965
1.1678021,-0.12394017,-14.613905,0.24773945,0.7054281,-0.48686957,0.45161316
1.0587007,-1.3919727,-15.003096,0.27278158,0.7605179,0.1284433,0.5750698
1.1660473,-0.095816724,-14.601931,0.2486779,0.7056835,-0.4869053,0.45065886
1.058496,-1.3936801,-15.001871,0.27321225,0.76023084,0.12891212,0.5751398
1.1648521,-0.06895147,-14.593777,0.2505163,0.7049596,-0.48781812,0.44978553
1.0583129,-1.3952073,-15.000776,0.2735264,0.7600095,0.12930821,0.5751941
1.1640918,-0.039572176,-14.588588,0.25240463,0.70398045,-0.48891932,0.44906718
1.0597715,-1.3965865,-14.999787,0.27391657,0.7596466,0.12969357,0.57540107
1.1636302,-0.013079392,-14.581108,0.25420052,0.7031894,-0.4896075,0.44854364
1.0610528,-1.3977982,-14.998918,0.27436388,0.7592382,0.13000065,0.57565767
1.1633668,0.011056722,-14.576836,0.2559213,0.70239663,-0.48999238,0.44838694
1.0621526,-1.3988382,-14.998172,0.27456743,0.7589005,0.13037549,0.57592106
1.1678803,0.038308322,-14.574486,0.25762665,0.70154667,-0.4904267,0.44826618
1.0630934,-1.401614,-14.997533,0.27492282,0.75851274,0.13073777,0.5761802
1.1751488,0.077162474,-14.573226,0.25890687,0.7007734,-0.4909195,0.44819856
1.0660125,-1.4040786,-14.994883,0.27558586,0.757903,0.13124107,0.57655126
1.1839525,0.12247759,-14.572576,0.26030228,0.7000526,-0.49131805,0.44808003
1.0662283,-1.4083573,-14.992671,0.2762433,0.7573995,0.13158877,0.57681894
1.1882634,0.16030082,-14.572256,0.2618654,0.69950384,-0.49130398,0.44804174
1.0687279,-1.4094765,-14.99089,0.27680534,0.7568183,0.13173148,0.5772797
1.1956336,0.19410121,-14.572107,0.26356032,0.69904304,-0.49109346,0.44799796
1.0707265,-1.4128247,-14.989466,0.27736393,0.75621563,0.13184613,0.57777494
1.1935239,0.23111033,-14.5774765,0.26530895,0.6988548,-0.49048892,0.44792157
1.0722729,-1.4154155,-14.988363,0.27785733,0.7556442,0.13198996,0.5782524
1.1981698,0.27556705,-14.579873,0.2671594,0.69858783,-0.4898592,0.44792745
1.0734409,-1.4173722,-14.987532,0.27844852,0.75509435,0.13215369,0.5786488
1.2001638,0.3175597,-14.580902,0.26911047,0.6983825,-0.48895377,0.44806898
1.0770942,-1.4188712,-14.984135,0.2788588,0.75461143,0.13243058,0.5790178
1.2068913,0.37041834,-14.581329,0.27094865,0.6980959,-0.48819038,0.4482401
1.0797929,-1.4199783,-14.9816265,0.27932057,0.7541795,0.13251774,0.579338
1.2095501,0.4154381,-14.581498,0.27292857,0.69777477,-0.48724836,0.44856375
1.0817357,-1.4207754,-14.979821,0.2798163,0.7537578,0.1326351,0.57962066
1.210565,0.4697045,-14.581563,0.27486277,0.69742984,-0.48636782,0.44887468
1.0831095,-1.421339,-14.978543,0.28028834,0.7534744,0.13264994,0.5797576
1.2109333,0.5208413,-14.587874,0.2767967,0.69708383,-0.4853898,0.44928214
1.0840781,-1.4247782,-14.977643,0.28062376,0.75333697,0.1327382,0.5797537
1.2110634,0.57739073,-14.590102,0.2786652,0.69668686,-0.48442084,0.44978842
1.0818175,-1.4241219,-14.977058,0.28059947,0.75347054,0.13260481,0.57962245
1.2045735,0.63574594,-14.590857,0.2807003,0.6962117,-0.4834457,0.4503075
1.0831149,-1.4236668,-14.976653,0.28062382,0.7533637,0.13264465,0.5797404
1.202457,0.6947035,-14.591104,0.28268236,0.69571763,-0.4826599,0.450674
1.0840394,-1.4262506,-14.976364,0.28084633,0.75319207,0.13286394,0.57980543
1.2017944,0.7537669,-14.59118,0.28461584,0.6953684,-0.48175973,0.45095924
1.084652,-1.4224373,-14.976172,0.28063035,0.7532814,0.13274567,0.57982105
1.1947291,0.8126934,-14.591203,0.2864213,0.6951097,-0.48085016,0.45118567
1.0850703,-1.4224807,-14.976042,0.28072852,0.75329167,0.13283911,0.5797387
1.1857331,0.8784043,-14.598162,0.28801593,0.695106,-0.47995287,0.45113173
1.0853583,-1.4199948,-14.975951,0.2805321,0.7534317,0.13275975,0.5796701
1.1902704,0.9463595,-14.593052,0.2890774,0.69526,-0.47926494,0.4509468
1.0855678,-1.4206654,-14.975885,0.28070012,0.7534448,0.13266444,0.57959336
1.1914853,1.0074421,-14.598832,0.2899995,0.69548887,-0.47863907,0.45066643
1.0857238,-1.4211649,-14.975838,0.2807775,0.7535467,0.13273625,0.579407
1.1918011,1.0813162,-14.600335,0.2904469,0.6959532,-0.47810033,0.45023322
1.0858401,-1.4240413,-14.9758005,0.28099975,0.753572,0.13288532,0.57923216
1.1918811,1.2643585,-14.600716,0.2909187,0.6969598,-0.47725737,0.44926468
1.0859268,-1.4261818,-14.975774,0.28117007,0.7536571,0.13301097,0.57901
1.1843348,1.3586272,-14.6008005,0.29127455,0.69785845,-0.47660637,0.44832927
1.0859888,-1.4252695,-14.975754,0.281126,0.75369775,0.13316798,0.57894236
1.1827087,1.4477963,-14.60082,0.29157892,0.6987233,-0.47601828,0.44740817
1.0860339,-1.4246045,-14.9757395,0.28107864,0.75385463,0.13302238,0.57879454
1.1746855,1.512222,-14.600823,0.2923037,0.6994263,-0.4752851,0.44661567
1.0837959,-1.4264003,-14.975729,0.28116462,0.7540356,0.13303702,0.5785136
1.1807706,1.5943146,-14.600824,0.2928954,0.70000345,-0.4746616,0.44598633
1.0821476,-1.4277228,-14.975722,0.2811776,0.7541687,0.13308671,0.5783223
1.1896774,1.6722507,-14.600824,0.2936962,0.70030516,-0.4742244,0.44545087
1.0809383,-1.4266135,-14.975717,0.28108057,0.7543922,0.13312848,0.5780683
1.183769,1.7493556,-14.608514,0.2945705,0.70067,-0.47353697,0.44503105
1.0780624,-1.4277631,-14.975713,0.28106204,0.75460625,0.13316394,0.57778966
1.1825873,1.8339839,-14.610051,0.29547778,0.70108217,-0.47273004,0.44463813
1.0796609,-1.4286393,-14.975709,0.28117865,0.7546044,0.13315295,0.577738
1.1900406,1.9124271,-14.610359,0.296387,0.70144105,-0.47181416,0.44443974
1.0790545,-1.4293367,-14.975707,0.28116024,0.7547475,0.1329895,0.5775977
1.199221,1.997323,-14.610421,0.2972637,0.7017956,-0.47099027,0.4441684
1.078591,-1.4280847,-14.975706,0.28101626,0.7548695,0.1328371,0.5775432
1.2087468,2.07582,-14.618123,0.298328,0.70209813,-0.46994036,0.44408864
1.0782324,-1.4254206,-14.975705,0.28073663,0.7550864,0.1324971,0.5774738
1.2183417,2.176106,-14.611973,0.298899,0.7025438,-0.46917975,0.44380406
1.0779518,-1.426558,-14.9740925,0.28068113,0.75509524,0.1324427,0.5775018
1.23564,2.257681,-14.618434,0.29990008,0.7028059,-0.46808314,0.44387165
1.0803715,-1.4253913,-14.973237,0.28045607,0.7551462,0.13225882,0.57758665
1.256709,2.429515,-14.619984,0.30163762,0.7034939,-0.46580157,0.44400454
1.0797833,-1.4249599,-14.972135,0.28038964,0.7552021,0.13211511,0.57757866
1.2740723,2.5159845,-14.627725,0.3023852,0.703887,-0.46440586,0.444335
1.0807924,-1.4245864,-14.971178,0.2802971,0.75525546,0.13198274,0.5775841
1.2929244,2.6101756,-14.629273,0.30303892,0.7040691,-0.46326867,0.44478807
1.0801569,-1.4242874,-14.971856,0.2802331,0.75530964,0.13185927,0.5775726
1.2966948,2.698221,-14.629583,0.30397415,0.7043191,-0.46190852,0.4451685
1.0810493,-1.4240364,-14.971,0.2802377,0.7552848,0.13174747,0.57762814
1.320518,2.7850375,-14.637335,0.3047964,0.70441246,-0.46073803,0.44567108
1.0817766,-1.4224668,-14.970302,0.28018394,0.7552745,0.13164447,0.57769126
1.3329724,2.871608,-14.6388855,0.30583817,0.7044763,-0.4595465,0.44608653
1.0810281,-1.423864,-14.969696,0.2802206,0.75526744,0.13162243,0.57768774
1.343153,2.9658191,-14.639195,0.3067944,0.70450854,-0.45840585,0.44655234
1.0817288,-1.4223813,-14.970514,0.28016105,0.7552292,0.1315301,0.5777877
1.3605684,3.053869,-14.646946,0.30771017,0.7044597,-0.45738694,0.44704372
1.0823039,-1.4224089,-14.971185,0.28010386,0.75517505,0.1314956,0.577894
1.3717412,3.140686,-14.648498,0.30888775,0.70434874,-0.45617104,0.44764858
1.0827795,-1.4224318,-14.97174,0.28013355,0.75515693,0.13148876,0.5779047
1.3970449,3.3810508,-14.664187,0.3106664,0.7042578,-0.45425057,0.44851285
1.0820526,-1.4224509,-14.972202,0.2801664,0.7551596,0.13148342,0.57788664
1.417485,3.4983313,-14.667325,0.3118478,0.7041889,-0.45259044,0.4494785
1.0803759,-1.4224669,-14.97259,0.28012794,0.75526613,0.13147861,0.5777672
1.4369525,3.5909948,-14.675642,0.31267956,0.70397437,-0.4513956,0.45043728
1.0796312,-1.423404,-14.973196,0.28016067,0.75532615,0.13146625,0.5776755
1.4585421,3.7731798,-14.677638,0.314292,0.7036517,-0.44912034,0.45209044
1.0793388,-1.423327,-14.973434,0.28017756,0.7553548,0.13147064,0.57762897
1.4759228,3.938173,-14.685393,0.3153273,0.703336,-0.44776845,0.45320043
1.0790874,-1.4232608,-14.973639,0.28017947,0.7553728,0.13142782,0.5776142
1.4870886,4.040379,-14.694634,0.31659153,0.7030899,-0.4463455,0.45410383
1.0788702,-1.4232036,-14.973816,0.28023013,0.7553619,0.13141145,0.5776077
1.4970114,4.1377172,-14.704174,0.31790677,0.70263875,-0.4452589,0.45494905
1.0786816,-1.4231539,-14.973969,0.28022984,0.7553928,0.13138849,0.5775725
1.5066857,4.218703,-14.706081,0.31918702,0.7022958,-0.44381484,0.45599198
1.0783727,-1.4230727,-14.97422,0.28021455,0.7554061,0.13132906,0.57757616
1.5336146,4.41654,-14.715766,0.32089964,0.7016002,-0.44180775,0.45780632
1.0789183,-1.4230392,-14.973652,0.2801947,0.7553757,0.13129398,0.57763356
1.5447651,4.589745,-14.723779,0.3220768,0.70129704,-0.44013757,0.45905128
1.0794002,-1.4230098,-14.973148,0.28014413,0.75537926,0.13120994,0.57767254
1.554685,4.7089725,-14.725382,0.32307336,0.701035,-0.43882513,0.46000665
1.0792067,-1.4229816,-14.972667,0.28010738,0.75539213,0.13111742,0.5776945
1.5643587,4.802026,-14.733391,0.3238789,0.70071626,-0.43733233,0.46134552
1.0797232,-1.422953,-14.972178,0.28003845,0.75539416,0.13105719,0.57773894
1.5662934,4.9052234,-14.742683,0.32462358,0.7003223,-0.43635434,0.46234524
1.0795002,-1.4222504,-14.971749,0.27998167,0.75540525,0.13099527,0.5777658
1.57437,5.00276,-14.752232,0.32533985,0.69986045,-0.43538895,0.46345
1.0792865,-1.4222755,-14.971337,0.2799363,0.75542283,0.13093677,0.5777782
1.583675,5.1145434,-14.754141,0.3258166,0.6994673,-0.43443114,0.46460593
1.0790806,-1.4222996,-14.970941,0.27989393,0.75544167,0.1308809,0.5777867
1.5932257,5.213797,-14.762212,0.32628313,0.69879144,-0.4337302,0.46594858
1.0796531,-1.4223235,-14.97055,0.27986547,0.7554374,0.13082744,0.5778182
1.5951359,5.302855,-14.771517,0.327393,0.69802666,-0.43260968,0.46735585
1.0802133,-1.4223468,-14.970165,0.27982774,0.7554267,0.1307816,0.5778608
1.595518,5.405254,-14.781068,0.32858256,0.6973544,-0.4314738,0.46857315
1.0799148,-1.4215822,-14.970617,0.27975526,0.75545484,0.13072377,0.5778722
1.603284,5.5103197,-14.790668,0.32910636,0.6967521,-0.43049377,0.4700008
1.0796545,-1.4216609,-14.971011,0.2797081,0.75546604,0.13067037,0.57789254
1.6048372,5.6928167,-14.800277,0.32978603,0.6962698,-0.4290068,0.47159606
1.0794263,-1.4210213,-14.971356,0.2796454,0.755489,0.13061449,0.5779055
1.6128377,5.8062134,-14.817578,0.33042324,0.6960007,-0.4273723,0.47302905
1.0792255,-1.4204587,-14.971661,0.2795947,0.755501,0.13055682,0.57792735
1.6144377,5.9134793,-14.821039,0.33049697,0.69607943,-0.42608237,0.47402433
1.0790482,-1.4206008,-14.971929,0.279542,0.75551486,0.13051297,0.5779446
1.6224474,6.0195193,-14.82942,0.33051014,0.69626653,-0.42515108,0.47457623
1.0788909,-1.4201194,-14.972167,0.2795008,0.7555277,0.13047451,0.57795644
1.6471184,6.279108,-14.846476,0.3309598,0.6968835,-0.42322692,0.4750769
1.0787508,-1.4202679,-14.97238,0.27947325,0.7555354,0.13044697,0.57796586
1.6597424,6.4079227,-14.857577,0.3313276,0.697567,-0.4213021,0.4755281
1.0786258,-1.4198526,-14.9725685,0.27941966,0.75555694,0.13039051,0.5779764
1.6699569,6.5028934,-14.867487,0.33219486,0.69786465,-0.4195677,0.47601947
1.0790346,-1.4200011,-14.972737,0.27940303,0.75554013,0.13035503,0.57801443
1.6796894,6.5910945,-14.877157,0.33282846,0.698282,-0.41792607,0.4764088
1.0789071,-1.41964,-14.97289,0.27933532,0.7555455,0.13032334,0.57804734
1.6893256,6.6933217,-14.879092,0.3334602,0.69872963,-0.41641703,0.47663197
1.079135,-1.4194669,-14.973151,0.27927226,0.75550085,0.13021855,0.5781597
1.7177833,6.896257,-14.887246,0.3337418,0.6994379,-0.4141454,0.47737476
1.0790212,-1.4191808,-14.972839,0.2792092,0.75550354,0.130143,0.5782037
1.7353929,7.0465627,-14.90418,0.33457145,0.6995344,-0.41203943,0.4784737
1.0793209,-1.4193239,-14.972557,0.2791645,0.75548565,0.1300692,0.57826525
1.7542943,7.1535215,-14.907565,0.3349798,0.6996653,-0.41022348,0.4795558
1.0795937,-1.4194541,-14.972299,0.27910098,0.7554612,0.1299762,0.57834876
1.7657644,7.2364306,-14.915933,0.335599,0.69944465,-0.4086087,0.48082176
1.0794787,-1.419573,-14.972064,0.2790004,0.75545996,0.12991197,0.57841325
1.7911273,7.3452888,-14.917605,0.33495474,0.6995827,-0.4073809,0.48211032
1.0797297,-1.4193258,-14.97184,0.2788337,0.755465,0.12977828,0.57851714
1.8038898,7.413199,-14.933321,0.3358216,0.69938934,-0.40520656,0.48361775
1.0800104,-1.4190495,-14.971589,0.2786697,0.75544107,0.12963462,0.5786596
1.814132,7.511367,-14.944153,0.33601815,0.6995306,-0.40330258,0.48486677
1.0803117,-1.419223,-14.97132,0.2785567,0.7553377,0.12956648,0.57886404
1.8392495,7.6694155,-14.954009,0.33630395,0.69966173,-0.40054515,0.48676157
1.0806342,-1.4188795,-14.971031,0.27841467,0.75526077,0.12948002,0.5790522
1.867342,7.83944,-14.97136,0.3366218,0.6996977,-0.39685914,0.4895016
1.0809672,-1.4191029,-14.970735,0.27831808,0.75512266,0.12946245,0.5792827
1.8729606,7.942652,-14.982519,0.33713278,0.69994205,-0.39374578,0.4913114
1.0813105,-1.4186991,-14.970428,0.27813184,0.75499415,0.129431,0.5795466
1.881774,8.040192,-14.992441,0.33684838,0.7002008,-0.39148664,0.49294052
1.0816531,-1.4189738,-14.970122,0.27805278,0.75485986,0.12938705,0.5797692
1.8912264,8.105838,-15.002115,0.33739322,0.7002894,-0.38873026,0.4946204
1.0819956,-1.4185196,-14.969816,0.27791396,0.7547328,0.1292844,0.58002394
1.9008065,8.180485,-15.01174,0.33737376,0.70025647,-0.3868262,0.49617067
1.0815927,-1.4181093,-14.969539,0.27781665,0.7546812,0.12925346,0.5801445
1.9027226,8.256932,-15.013665,0.33678627,0.7006982,-0.3849186,0.4974281
1.081915,-1.4177485,-14.969973,0.27761948,0.7545846,0.12919521,0.5803776
1.9184852,8.426016,-15.037119,0.33634984,0.7015886,-0.38139695,0.49917808
1.0822237,-1.4180999,-14.969691,0.2775432,0.7544067,0.12918684,0.5806471
1.9370171,8.50597,-15.04181,0.33588094,0.7021037,-0.37916252,0.5004701
1.0824955,-1.4177474,-14.970105,0.27741978,0.7542625,0.12914602,0.5809025
1.9407234,8.56041,-15.050438,0.33551672,0.7028221,-0.37709236,0.5012694
1.0827572,-1.4180926,-14.969819,0.27734172,0.75407565,0.12909186,0.58119434
1.9414647,8.609746,-15.052163,0.33535594,0.70348865,-0.3753707,0.50173396
1.0830104,-1.4184268,-14.9695425,0.27728808,0.7538568,0.12911515,0.58149856
1.941613,8.665751,-15.052508,0.33506617,0.7042393,-0.37437212,0.5016206
1.0832591,-1.4179983,-14.969271,0.2770778,0.75374407,0.12903456,0.58176273
1.9493324,8.700022,-15.052577,0.33451915,0.7048956,-0.37324053,0.501907
1.0843698,-1.4175535,-14.968987,0.27691087,0.7534454,0.1289059,0.5822575
1.9508762,8.714565,-15.06797,0.3348271,0.7052933,-0.37142104,0.5024924
1.0854933,-1.4171035,-14.968701,0.27663535,0.7532371,0.12875447,0.58269125
1.9511851,8.748233,-15.063358,0.33461088,0.7059449,-0.370479,0.50241685
1.0866014,-1.4166597,-14.96842,0.27640122,0.7530621,0.12860483,0.58306146
1.9666263,8.762656,-15.062436,0.33450952,0.7061761,-0.37000182,0.50251114
1.0876693,-1.4162322,-14.968148,0.27612677,0.7529775,0.12838364,0.5833495
1.954335,8.773231,-15.062252,0.334736,0.7067219,-0.36915037,0.5022192
1.0899206,-1.4170403,-14.967887,0.27602568,0.7526514,0.1281853,0.5838616
1.9518768,8.790725,-15.062216,0.3347354,0.7071997,-0.36848292,0.50203705
1.0906954,-1.4152335,-14.9676485,0.27560192,0.7525654,0.12791349,0.58423215
1.9513851,8.786533,-15.062209,0.3350859,0.70754325,-0.36789528,0.50175
1.0935093,-1.4131794,-14.96723,0.2749184,0.7522296,0.12733376,0.5851126
1.9512672,8.777839,-15.062206,0.3371009,0.70757735,-0.3659926,0.5017436
1.0954158,-1.4131478,-14.967046,0.27474144,0.75190306,0.12716468,0.58565193
1.9589529,8.776267,-15.062206,0.33822006,0.70747966,-0.36463752,0.5021147
1.0971478,-1.4131192,-14.965211,0.2745304,0.7516007,0.12690276,0.58619565
1.9604901,8.768263,-15.062206,0.3395477,0.7075555,-0.3627878,0.50245166
1.0986334,-1.4113632,-14.965367,0.2742428,0.7514125,0.12651005,0.5866562
1.945418,8.758972,-15.062206,0.34106556,0.70783716,-0.36010963,0.5029533
1.1017514,-1.4116716,-14.965504,0.27413583,0.7509911,0.12638599,0.58727217
1.9424037,8.764804,-15.062206,0.34236178,0.7079981,-0.35780188,0.50349283
1.1044662,-1.4119402,-14.9636545,0.2741434,0.750632,0.12624797,0.5877573
1.9494905,8.750591,-15.062206,0.34406814,0.70788956,-0.3553845,0.50419384
1.1067712,-1.4100662,-14.962084,0.2738968,0.7504266,0.12616427,0.58815217
1.9432182,8.747748,-15.062206,0.34517244,0.708062,-0.3532708,0.5046822
1.1083758,-1.4095861,-14.959885,0.27388707,0.74992675,0.12585816,0.5888595
1.934023,8.748604,-15.062206,0.34735355,0.70874107,-0.3480473,0.5058604
1.1077441,-1.4082692,-14.961199,0.2737025,0.7498945,0.1257817,0.5890027
1.9324349,8.739661,-15.062206,0.34800804,0.70927733,-0.34607688,0.5060107
1.1072712,-1.4072832,-14.962182,0.2734133,0.7498773,0.1255683,0.58920443
1.939807,8.722493,-15.069897,0.34894606,0.7093103,-0.34419405,0.50660247
1.1088234,-1.4064982,-14.962965,0.27333874,0.74967337,0.12545808,0.5895219
1.9412816,8.734439,-15.071433,0.34881997,0.70987624,-0.34310824,0.5066331
1.1081699,-1.405902,-14.96356,0.27333498,0.7496866,0.12529019,0.5895425
1.9492661,8.736829,-15.064053,0.34849027,0.7103959,-0.34240144,0.50660986
1.1095011,-1.4054092,-14.964051,0.27314603,0.74961054,0.12524594,0.5897362
1.9277939,8.737306,-15.062576,0.34877968,0.71132326,-0.3410928,0.5059918
1.1105452,-1.4068453,-14.9644375,0.2730161,0.74965596,0.12514319,0.58976054
1.9234993,8.737402,-15.062281,0.34870687,0.7130745,-0.3393254,0.50476384
1.111406,-1.4061749,-14.964755,0.272676,0.74961394,0.12513746,0.5899724
1.9226406,8.729731,-15.069911,0.34885898,0.7140256,-0.337889,0.5042777
1.1103041,-1.405661,-14.964999,0.27240947,0.74983376,0.12490052,0.5898664
1.914779,8.720508,-15.071437,0.34921476,0.7150083,-0.33649555,0.50357026
1.1111654,-1.4052416,-14.965198,0.27231982,0.7498033,0.12471093,0.58998656
1.9055171,8.726352,-15.071742,0.34920698,0.71621996,-0.33579534,0.50231963
1.1118817,-1.4048928,-14.9653635,0.272153,0.7498665,0.12466823,0.58999234
1.9113544,8.735211,-15.064114,0.34886307,0.7170936,-0.33528107,0.50165534
1.1124731,-1.4046048,-14.965499,0.27219838,0.7498606,0.12453993,0.59000593
1.9125218,8.736982,-15.062588,0.3490279,0.71767807,-0.33486292,0.5009837
1.1129584,-1.4043685,-14.965611,0.272187,0.7498986,0.12453106,0.58996475
1.9127554,8.737337,-15.062283,0.3493223,0.7184774,-0.33430418,0.50000495
1.1133547,-1.4041754,-14.965703,0.2721695,0.7499382,0.1244249,0.5899449
1.912802,8.745097,-15.062222,0.34935853,0.7194843,-0.33349642,0.49907026
1.1107577,-1.405591,-14.964149,0.27233836,0.7499654,0.12464914,0.589785
1.9036188,8.736164,-15.063803,0.3513741,0.72092324,-0.3317848,0.496714
1.1114625,-1.4052228,-14.96447,0.27218962,0.7499213,0.12463358,0.58991295
1.8957384,8.737155,-15.062548,0.35226724,0.72240263,-0.33072028,0.49463758
1.1120261,-1.4049283,-14.964727,0.27214903,0.74987984,0.12450642,0.59001136
1.8940521,8.737368,-15.062281,0.35308194,0.7235986,-0.32968405,0.4929977
1.1129146,-1.4044641,-14.965132,0.27205354,0.7497561,0.12463864,0.5901846
1.8844793,8.737423,-15.0696535,0.3545227,0.7254674,-0.32800975,0.4903268
1.1132593,-1.404284,-14.965289,0.27198252,0.74974245,0.12452152,0.59025943
1.876705,8.737425,-15.071318,0.3549161,0.7263806,-0.32742506,0.4890795
1.1135498,-1.4041321,-14.965422,0.27194926,0.7497278,0.1246603,0.59026414
1.8822101,8.730148,-15.071696,0.35535702,0.72694176,-0.3270539,0.48817295
1.1137937,-1.4040047,-14.965533,0.27187276,0.74966604,0.12478109,0.59035224
1.8692083,8.728409,-15.078946,0.35598046,0.72781366,-0.32621282,0.48698094
1.1124579,-1.403904,-14.965621,0.27195916,0.74970007,0.12475126,0.59027547
1.8800815,8.72797,-15.073698,0.35610387,0.72828907,-0.32601258,0.48631364
1.1113906,-1.4038235,-14.965692,0.27206773,0.7497222,0.12460107,0.5902291
1.8758755,8.734927,-15.072314,0.35615063,0.7290015,-0.32587343,0.48530415
1.1105299,-1.4037585,-14.965748,0.27201843,0.7497736,0.12457214,0.5901926
1.8678358,8.729785,-15.078904,0.35674557,0.72956973,-0.32520097,0.48446366
1.1098297,-1.4037057,-14.965794,0.27194232,0.7498027,0.124585465,0.59018797
1.8656255,8.728371,-15.073824,0.35682285,0.730143,-0.32480958,0.48380515
1.1105005,-1.4036623,-14.965831,0.27183795,0.74981815,0.124593504,0.5902147
1.8718843,8.734856,-15.072388,0.3569828,0.7303781,-0.32481566,0.483328
1.109872,-1.4036263,-14.965863,0.2717645,0.7500043,0.12456801,0.5900173
1.8668504,8.729884,-15.071986,0.35713154,0.7311616,-0.32457232,0.4821957
1.1093485,-1.4047203,-14.965889,0.27180713,0.7501445,0.1246695,0.58979803
1.858681,8.728439,-15.071869,0.35710645,0.73188144,-0.3241244,0.4814229
1.1089094,-1.4045705,-14.965911,0.271826,0.7501997,0.12469832,0.58971304
1.8629183,8.73471,-15.071834,0.35678282,0.7323085,-0.32426676,0.48091736
1.1095527,-1.4044439,-14.96593,0.27184632,0.7501808,0.12475216,0.5897163
1.8575081,8.743285,-15.065136,0.3562474,0.7329675,-0.32433856,0.48026142
1.1096514,-1.4042444,-14.965958,0.27191815,0.7501612,0.12483093,0.58969146
1.8640636,8.74668,-15.069113,0.3552955,0.7334344,-0.32472587,0.479992
1.110136,-1.4041654,-14.96597,0.27192852,0.7501287,0.124886364,0.58971626
1.8645308,8.740408,-15.070947,0.35504386,0.7335872,-0.3245641,0.48005405
1.1105926,-1.4040909,-14.965981,0.27202323,0.75006944,0.12498069,0.589728
1.8646797,8.738409,-15.06509,0.35469532,0.73367405,-0.32463646,0.48013
1.1110351,-1.4040186,-14.965028,0.27205983,0.75005364,0.12504062,0.58971846
1.8647288,8.744197,-15.063156,0.3540791,0.7338471,-0.32476464,0.4802338
1.1104981,-1.4039569,-14.964213,0.27213693,0.7500575,0.12511972,0.5896612
1.8647448,8.739715,-15.062528,0.35379967,0.73392653,-0.32473332,0.48033947

