ICVP Direct Stim Program 4.0.1+v4.0.1 - RelativeLocations
Updated at: 2022-08-22--21-00-00
Subject ID: CKT
Tester ID: kstipp
Direct Stimulation Input from the UI

UserID ; Time ; Electrodes ; Frequency (Hz) ; Cathodic Phase Duration (us) ; Train Length (ms) ; Duty On (ms); Duty Off (ms) ; Inter-train Length (ms) ; Amplitude (uA) ; Sent to Gateway ; Response ; Response Latency (ms) ; Response Duration (ms) ; Comments
kstipp ; 2022-08-22--21-00-00 ; 5B0F-5B0C , 5B0F-5B0C-5B03-5B07 ; 200 ; 200 ; 1000 ; 1000 ; 0 ; 0 ; 40 ; True ;  ;  ;  ; couldnt differentiate

Position t,Position u,Position v,Orientation w,Orientation x,Orientation y,Orientation z
0.6878566,-1.2866849,-15.214625,0.12733468,0.8463964,0.27693427,0.4366996
0.9344483,-0.48274544,-14.9467535,0.6456455,0.55699205,-0.48105523,0.20368546
0.687143,-1.285591,-15.2148075,0.12741113,0.84663016,0.27645913,0.4365251
0.934776,-0.48307028,-14.946757,0.6456577,0.5569455,-0.481059,0.20376486
0.6877908,-1.284648,-15.214965,0.12749258,0.8468076,0.27596432,0.43647024
0.93507385,-0.48296854,-14.946762,0.64562994,0.5569152,-0.48113266,0.20376162
0.68709654,-1.285088,-15.215099,0.12768254,0.8469747,0.27556708,0.43634143
0.934968,-0.4832529,-14.946766,0.64565754,0.55690306,-0.4810917,0.20380421
0.68646806,-1.284183,-15.215221,0.12785436,0.8471853,0.27515346,0.43614328
0.93487144,-0.4827961,-14.94677,0.64564705,0.55690664,-0.48111928,0.2037628
0.6859333,-1.2846957,-15.215326,0.1278362,0.8469769,0.2751545,0.43655264
0.93478316,-0.48305887,-14.946773,0.64565223,0.55695355,-0.48104557,0.203792
0.6879305,-1.2838992,-15.215411,0.12787479,0.846742,0.27510923,0.43702513
0.93470216,-0.48265314,-14.946776,0.64565134,0.55700034,-0.48101038,0.20374992
0.687238,-1.2832046,-15.215487,0.12775214,0.8466097,0.27510202,0.43732187
0.9346279,-0.48289487,-14.946779,0.64567876,0.5570475,-0.48089918,0.20379633
0.6866474,-1.2838006,-15.21555,0.12768397,0.8464484,0.2751953,0.43759513
0.9342678,-0.48282543,-14.946781,0.6457001,0.55710727,-0.48081213,0.2037709
0.68730706,-1.2831455,-15.215605,0.12765755,0.8461895,0.27531627,0.4380272
0.9342133,-0.48248428,-14.946784,0.6456918,0.5571442,-0.48078954,0.20374951
0.68785757,-1.2837093,-15.215651,0.12759632,0.8459269,0.2755637,0.43839657
0.934163,-0.48269615,-14.946786,0.6457006,0.5571887,-0.48069566,0.20382151
0.6872239,-1.2830874,-15.215692,0.12750036,0.84571356,0.27575207,0.43871763
0.9341161,-0.48264128,-14.946788,0.6456801,0.55722165,-0.48068452,0.2038227
0.68883705,-1.2847104,-15.215726,0.12745792,0.84543276,0.27603468,0.43909332
0.93407184,-0.48258948,-14.946791,0.6456674,0.55723846,-0.48067218,0.20384644
0.6901986,-1.2850616,-15.215755,0.12739252,0.84516275,0.27625284,0.43949446
0.9342633,-0.4825415,-14.946792,0.64562696,0.5572619,-0.4806849,0.20388044
0.69038737,-1.28536,-15.21578,0.1273126,0.8449614,0.27643365,0.43979114
0.93421996,-0.48249704,-14.946793,0.64561987,0.55726165,-0.4806828,0.20390846
0.6923872,-1.2865342,-15.215801,0.12725598,0.84472126,0.27665034,0.44013238
0.93416655,-0.48299912,-14.946795,0.64563644,0.55725944,-0.4806362,0.20397171
0.693232,-1.2857963,-15.215818,0.12714021,0.8445237,0.27681094,0.44044387
0.93411726,-0.4826688,-14.946797,0.64561415,0.5572676,-0.4806622,0.20395873
0.6939617,-1.2859887,-15.215834,0.12706949,0.8443422,0.2770023,0.440692
0.93406546,-0.48318002,-14.9468,0.64564794,0.5572363,-0.4806246,0.20402555
0.69459504,-1.2861557,-15.215848,0.12700027,0.844184,0.277151,0.4409214
0.9342897,-0.4831072,-14.946801,0.6456374,0.55721486,-0.4806627,0.20402765
0.6951474,-1.2870501,-15.215859,0.12696052,0.8440241,0.27731526,0.44113562
0.9342383,-0.48303995,-14.946802,0.6456223,0.55721736,-0.4806659,0.20406114
0.6963426,-1.2871222,-15.215871,0.1269289,0.8438706,0.27745187,0.44135252
0.93419075,-0.4829778,-14.946803,0.6456274,0.55717987,-0.48070025,0.20406678
0.69739395,-1.2871858,-15.215879,0.12689118,0.8437384,0.27753717,0.4415625
0.93437994,-0.4829203,-14.946805,0.64558595,0.5571487,-0.48078483,0.20408382
0.6976806,-1.2865999,-15.215888,0.12681541,0.84362876,0.27761662,0.4417436
0.93455535,-0.4830885,-14.946806,0.64557165,0.557096,-0.4808439,0.20413363
0.69732475,-1.2866904,-15.215895,0.12678538,0.8435509,0.2776725,0.44186583
0.9347182,-0.48303416,-14.946807,0.6455264,0.55703,-0.4809793,0.20413801
0.698167,-1.2861913,-15.2159,0.12671363,0.8434799,0.27764392,0.44203997
0.9350694,-0.48298368,-14.946808,0.6454479,0.5568232,-0.48131296,0.20416391
0.69836843,-1.2862964,-15.215907,0.12668724,0.84341973,0.2776455,0.44216123
0.9354936,-0.483416,-14.94681,0.6454112,0.55658305,-0.48160902,0.20423633
0.6985489,-1.2858676,-15.215912,0.12664296,0.84337693,0.2775866,0.44229257
0.9359111,-0.48334318,-14.946811,0.64534694,0.5563657,-0.48193341,0.20426644
0.698711,-1.2854823,-15.215916,0.126587,0.84334326,0.2775269,0.44241026
0.9363449,-0.48326752,-14.946812,0.6452847,0.5561311,-0.48227522,0.20429535
0.698857,-1.2846633,-15.21592,0.1265301,0.84332335,0.2774441,0.4425162
0.9368779,-0.48351035,-14.946813,0.6452298,0.5558273,-0.48266697,0.20437004
0.69900155,-1.2843438,-15.215924,0.12649085,0.8433113,0.2773331,0.44262007
0.93737227,-0.48309007,-14.946815,0.64516723,0.55548847,-0.48314267,0.20436499
0.69967186,-1.2840204,-15.215929,0.12647454,0.84327614,0.27723712,0.44275185
0.9384662,-0.48341718,-14.946816,0.64510167,0.5550817,-0.4836373,0.20450716
0.6997881,-1.2836968,-15.215934,0.12646154,0.8432869,0.2770884,0.44282824
0.9396341,-0.48277935,-14.946818,0.64499253,0.5546606,-0.48424703,0.20455125
0.7004957,-1.2833719,-15.215939,0.12643027,0.84328395,0.27695107,0.4429286
0.94034725,-0.48322272,-14.946821,0.64496964,0.554164,-0.48477435,0.2047199
0.70185286,-1.2830422,-15.215943,0.12640582,0.8432702,0.2767759,0.44307134
0.9418722,-0.483734,-14.946823,0.6448593,0.55366,-0.4854262,0.20488662
0.7025217,-1.2827144,-15.215946,0.12638542,0.8433064,0.27657366,0.44313446
0.9434753,-0.4834748,-14.946827,0.64473665,0.55312955,-0.48615515,0.20497686
0.7032304,-1.2815908,-15.215951,0.12632847,0.8433705,0.27629662,0.4432015
0.94504845,-0.48236793,-14.946831,0.6446543,0.5526334,-0.48681307,0.2050128
0.70310414,-1.2813311,-15.215955,0.12625961,0.84347606,0.27606344,0.4431655
0.9456639,-0.48310536,-14.946833,0.6446822,0.5521163,-0.4872853,0.20519629
0.7029791,-1.2802268,-15.215959,0.12617233,0.8435911,0.27578363,0.4431457
0.94533116,-0.48374942,-14.9468355,0.64475197,0.55169415,-0.48763904,0.20527233
0.70378727,-1.2791167,-15.215961,0.12608504,0.8437082,0.27550504,0.44312087
0.9469078,-0.4834374,-14.946837,0.64465356,0.5513115,-0.48817608,0.20533283
0.7035723,-1.2780613,-15.215965,0.125998,0.84383523,0.27521405,0.44308454
0.94850177,-0.48526403,-14.94684,0.64470243,0.550912,-0.4884421,0.20561893
0.7033701,-1.277069,-15.215969,0.12600791,0.84412265,0.27455446,0.44294327
0.94999546,-0.4847167,-14.946842,0.6447766,0.55012906,-0.4889996,0.20615685
0.7030292,-1.2762908,-15.215976,0.12606545,0.8446243,0.2733861,0.44269338
0.9527613,-0.48844332,-14.946847,0.64492,0.5486504,-0.48984995,0.20762451
0.70158005,-1.2734894,-15.215981,0.12602419,0.8452233,0.2719952,0.44241863
0.95656216,-0.4889308,-14.946852,0.644913,0.54740715,-0.49066153,0.20900726
0.70159304,-1.2729112,-15.215983,0.12607272,0.8455408,0.27130622,0.442221
0.9573,-0.49066016,-14.946853,0.64493585,0.54678786,-0.4909867,0.20979273
0.7004387,-1.2724128,-15.215985,0.12603162,0.8459049,0.270622,0.44195566
0.95956016,-0.49058637,-14.946854,0.6448429,0.54617286,-0.4915526,0.21035416
0.6993662,-1.2707175,-15.215988,0.12597953,0.8462406,0.26995337,0.44173673
0.96155655,-0.4922247,-14.946856,0.6448491,0.54572856,-0.49178672,0.21094008
0.6984466,-1.2704759,-15.215989,0.12591262,0.8465178,0.26943776,0.44153938
0.9632773,-0.4936368,-14.9468565,0.64490944,0.5453528,-0.49191508,0.21142773
0.6976528,-1.2702672,-15.21599,0.1258508,0.8467514,0.26896468,0.44139752
0.96473104,-0.49482977,-14.946857,0.6449092,0.545048,-0.49210966,0.21176144
0.69569576,-1.2688401,-15.215991,0.12581752,0.8470234,0.26850107,0.44116712
0.9640712,-0.49576777,-14.946858,0.64492476,0.5448589,-0.4921906,0.21201277
0.69357795,-1.2664759,-15.215994,0.1257573,0.84737563,0.26783708,0.4409115
0.9648984,-0.49570855,-14.946858,0.6449341,0.5445376,-0.49239978,0.21232371
0.69471943,-1.2654499,-15.215995,0.12575988,0.8474368,0.26752833,0.4409808
0.9659344,-0.49306858,-14.946858,0.6448481,0.5444654,-0.49263325,0.21222849
0.6943628,-1.2659014,-15.215996,0.12583147,0.84747833,0.26740843,0.44095328
0.9668098,-0.49599943,-14.946858,0.6449177,0.54434615,-0.49249092,0.21265274
0.6940659,-1.2662774,-15.215997,0.12590794,0.8475447,0.26724935,0.4409001
0.9692131,-0.49328473,-14.946858,0.6447592,0.5443019,-0.49282435,0.2124744
0.69500446,-1.2665882,-15.215997,0.12591107,0.84759134,0.26714852,0.44087073
0.969499,-0.4961499,-14.946858,0.64488447,0.54428047,-0.492531,0.2128287
0.6946279,-1.2656376,-15.215997,0.12580314,0.8477222,0.26688588,0.44080922
0.9681032,-0.49515074,-14.946858,0.64498705,0.5443126,-0.49244508,0.2126345
0.69556034,-1.2647856,-15.215997,0.1257432,0.84780097,0.2665689,0.44086647
0.96700054,-0.49436143,-14.946858,0.64505184,0.544501,-0.4922206,0.21247546
0.69508564,-1.2640239,-15.215997,0.12552056,0.84795624,0.26631755,0.44078326
0.9661206,-0.4937316,-14.946858,0.6450464,0.54465216,-0.4921519,0.2122634
0.69466484,-1.2633485,-15.215997,0.12544066,0.8480039,0.26618797,0.44079262
0.96680003,-0.49461246,-14.946858,0.6451017,0.54472613,-0.49197513,0.21231529
0.6943209,-1.264072,-15.215997,0.1254259,0.84800005,0.26612762,0.44084066
0.967357,-0.4940045,-14.946858,0.64517003,0.5447795,-0.49189442,0.21215796
0.69403756,-1.2646681,-15.215997,0.12538674,0.84800726,0.26612046,0.44084218
0.9665463,-0.49604145,-14.946858,0.6453544,0.5448133,-0.49159253,0.21221
0.6938023,-1.2651632,-15.215997,0.12527013,0.8479889,0.26619625,0.44086492
0.9658651,-0.49775335,-14.946858,0.6454903,0.544898,-0.4913353,0.21217485
0.69236493,-1.2631878,-15.215997,0.12501653,0.8480576,0.26602015,0.44091102
0.9664849,-0.4968117,-14.946858,0.6454751,0.5449158,-0.4914124,0.2119968
0.69348717,-1.2638636,-15.215997,0.12500083,0.8479718,0.26603657,0.4410706
0.967044,-0.4972006,-14.946858,0.6454578,0.5450009,-0.49128616,0.21212327
0.69443333,-1.263324,-15.215997,0.12509587,0.84792817,0.26594365,0.44118363
0.96750677,-0.49516973,-14.946858,0.6453766,0.54501706,-0.4914837,0.21187061
0.69528186,-1.2628402,-15.215997,0.12509634,0.8478981,0.26588354,0.4412774
0.96677494,-0.49571165,-14.946858,0.64540017,0.54506725,-0.49138683,0.21189474
0.69571567,-1.262017,-15.215997,0.12527952,0.84805006,0.26571774,0.4410331
0.96762955,-0.49448767,-14.946858,0.645273,0.5451556,-0.4915201,0.21174546
0.695272,-1.2616727,-15.215997,0.12526041,0.8481481,0.26567498,0.4408758
0.96796674,-0.4940372,-14.946858,0.6452864,0.5451418,-0.49153817,0.21169852
0.6960141,-1.2624974,-15.215997,0.1254471,0.8481359,0.2656473,0.44086292
0.9682763,-0.49466467,-14.946858,0.64525425,0.545147,-0.4915809,0.21168374
0.6945244,-1.2621338,-15.215997,0.12549582,0.8482501,0.26560682,0.4406538
0.96855,-0.49418718,-14.946858,0.6452062,0.54517496,-0.4916503,0.21159668
0.6952942,-1.2618173,-15.215997,0.12551431,0.84801954,0.26580983,0.4409697
0.9687996,-0.4948063,-14.946858,0.6451478,0.54506093,-0.4917722,0.21178526
0.6949653,-1.2625306,-15.215997,0.12551664,0.8478905,0.265958,0.44112784
0.9690262,-0.4953684,-14.946858,0.64511293,0.54488885,-0.4919649,0.2118867
0.6946805,-1.2622014,-15.215997,0.12541124,0.8477977,0.26604486,0.44128367
0.9692233,-0.49480405,-14.946858,0.64502084,0.5447904,-0.4921514,0.21198727
0.6941772,-1.2616199,-15.215997,0.12505156,0.8475266,0.266243,0.4417867
0.96863025,-0.4948221,-14.946858,0.6450745,0.54456156,-0.49225128,0.21218005
0.695873,-1.261379,-15.215997,0.12486481,0.8473018,0.26631424,0.4422277
0.9688512,-0.49532634,-14.946858,0.645053,0.5445299,-0.49220064,0.21244386
0.69645345,-1.2611604,-15.215997,0.1247697,0.8471296,0.26631337,0.44258484
0.97001946,-0.49384212,-14.946858,0.64491963,0.5444653,-0.49240255,0.21254666
0.69786173,-1.2618852,-15.215085,0.124670826,0.84691024,0.26648116,0.44293118
0.97010124,-0.4944502,-14.946858,0.6448776,0.54443294,-0.4923888,0.21278882
0.6982063,-1.2616422,-15.215168,0.12452969,0.84673804,0.26653364,0.44326848
0.97017103,-0.4931148,-14.946858,0.6448589,0.5444471,-0.49241742,0.21274288
0.6993852,-1.2614213,-15.215242,0.124390304,0.8465272,0.26663437,0.44364938
0.97121716,-0.49379912,-14.946858,0.64484185,0.544475,-0.49229932,0.212996
0.7004903,-1.2612143,-15.215313,0.1242313,0.8463223,0.266659,0.44406992
0.9711792,-0.49252206,-14.946858,0.6447981,0.54448485,-0.4923996,0.21287155
0.7006035,-1.2610226,-15.215378,0.12402301,0.8461316,0.2667802,0.44441873
0.9711464,-0.49319845,-14.946858,0.6448665,0.5444982,-0.49223515,0.21301062
0.70070785,-1.2608457,-15.215438,0.12387667,0.8458949,0.26691273,0.4448304
0.9720256,-0.49200687,-14.946858,0.64481425,0.54453343,-0.492297,0.21293592
0.70175934,-1.260681,-15.215494,0.12371102,0.8456576,0.26700643,0.44527122
0.9719147,-0.49184173,-14.946858,0.6448611,0.5445381,-0.49220517,0.21299426
0.70175195,-1.2605313,-15.215544,0.12358541,0.84543926,0.26710516,0.4456614
0.9718163,-0.49169517,-14.946858,0.6448402,0.5445592,-0.4921839,0.2130528
0.7028254,-1.2592994,-15.215596,0.12339739,0.8452183,0.26715985,0.44609958
0.9709068,-0.49074405,-14.946858,0.6448791,0.54459727,-0.49213234,0.21295682
0.7037907,-1.2592868,-15.215642,0.12322487,0.8450217,0.267249,0.44646603
0.9709001,-0.4914845,-14.946858,0.64492714,0.544566,-0.4920453,0.2130925
0.7047241,-1.2580794,-15.216882,0.12302739,0.8448068,0.2673543,0.44686404
0.97015023,-0.49213058,-14.946858,0.6450549,0.5445086,-0.49191567,0.21315184
0.70553845,-1.2582169,-15.217963,0.12280408,0.84459054,0.2674899,0.44725293
0.9701999,-0.49128312,-14.947566,0.6450768,0.5444625,-0.49198544,0.21304199
0.7062163,-1.2594625,-15.2188635,0.12273661,0.8443715,0.267644,0.44759268
0.9702436,-0.49188027,-14.948188,0.6451332,0.54435736,-0.49199343,0.2131215
0.7057097,-1.2594318,-15.219618,0.12263364,0.84419817,0.26772597,0.44789883
0.97028214,-0.49240792,-14.948738,0.6451827,0.5442034,-0.49206966,0.2131889
0.7052822,-1.259406,-15.220255,0.122581184,0.8440425,0.26778975,0.44816822
0.9703164,-0.49226987,-14.949226,0.64521146,0.5440474,-0.49223483,0.21311851
0.70488924,-1.2583319,-15.22084,0.12249538,0.8439173,0.26783928,0.4483978
0.9697711,-0.4932985,-14.949084,0.6453124,0.54381704,-0.49230865,0.2132304
0.70736563,-1.2585149,-15.221859,0.12262029,0.8436842,0.26778233,0.44883624
0.9698848,-0.49244884,-14.949882,0.64516115,0.54342115,-0.49298197,0.21314192
0.70785475,-1.257403,-15.222326,0.122583315,0.8437138,0.267613,0.44889164
0.9699331,-0.49332157,-14.949726,0.64521563,0.54309344,-0.4931739,0.2133681
0.7082616,-1.2587501,-15.221579,0.12278221,0.84370065,0.26752403,0.44891518
0.97051203,-0.49315056,-14.950098,0.64511424,0.54275876,-0.4936868,0.21333982
0.7086024,-1.2587993,-15.222032,0.12281374,0.8436895,0.2674121,0.44899395
0.97111726,-0.49355793,-14.949901,0.6450597,0.5424219,-0.49402297,0.21358354
0.70991516,-1.2598662,-15.222414,0.12300543,0.84366506,0.26728323,0.4490642
0.97174096,-0.49397773,-14.949698,0.64508134,0.5420245,-0.4943011,0.21388297
0.71005523,-1.2597976,-15.221764,0.12309406,0.8436715,0.26716077,0.4491007
0.9723892,-0.49513057,-14.949487,0.6452,0.5415333,-0.4945615,0.21416734
0.71018845,-1.2587014,-15.222177,0.123103194,0.8436939,0.2669331,0.4491915
0.9730047,-0.49475494,-14.949286,0.64516205,0.54109645,-0.495118,0.21410017
0.71030796,-1.2587539,-15.222547,0.12312766,0.8436702,0.26682112,0.44929588
0.97362727,-0.4959853,-14.949083,0.64524347,0.5405963,-0.4953758,0.21452145
0.7104208,-1.2577074,-15.222897,0.12310873,0.84370744,0.26653594,0.44940037
0.9733998,-0.49629745,-14.948902,0.6452926,0.54022026,-0.49571854,0.21452935
0.7105305,-1.2554879,-15.223236,0.12294103,0.84379494,0.26609126,0.4495455
0.97402614,-0.49746734,-14.948721,0.64536506,0.53978497,-0.49580806,0.21519874
0.71063006,-1.2547206,-15.223545,0.12289168,0.8438626,0.265705,0.44966048
0.9745939,-0.4968254,-14.949408,0.64534765,0.5394216,-0.4961527,0.21536763
0.70952696,-1.2552717,-15.2238,0.122845344,0.84392047,0.26552975,0.4496679
0.9760716,-0.4961937,-14.950083,0.64530724,0.53910327,-0.4964662,0.21556325
0.7108606,-1.2557305,-15.224012,0.12288099,0.8438842,0.26539946,0.44980308
0.9765089,-0.4975208,-14.94976,0.64541423,0.5388574,-0.49643412,0.21593162
0.71090925,-1.2561156,-15.224191,0.12292224,0.8439109,0.26518303,0.44986954
0.9768955,-0.49680212,-14.950421,0.6453983,0.5387156,-0.49664593,0.21584573
0.71201175,-1.2546219,-15.224515,0.12289409,0.8438755,0.26490405,0.45010775
0.9784954,-0.49550468,-14.951614,0.6452454,0.53852445,-0.497052,0.21584506
0.7119221,-1.2539887,-15.224652,0.12283744,0.8438771,0.26482064,0.4501695
0.9786955,-0.49595055,-14.951123,0.645397,0.5383165,-0.49701223,0.21600218
0.7131185,-1.2534015,-15.224781,0.12273974,0.84385175,0.26474068,0.4502906
0.97887224,-0.4953689,-14.951667,0.6453573,0.5383014,-0.49709472,0.21596856
0.7141277,-1.2541512,-15.224889,0.12270194,0.8437854,0.26476276,0.4504123
0.97903126,-0.49679875,-14.951179,0.6453964,0.5382359,-0.49700284,0.21622612
0.71376246,-1.2535608,-15.224982,0.12258561,0.84377426,0.2646744,0.45051673
0.97917366,-0.4971059,-14.950741,0.64546597,0.53824383,-0.49682802,0.21640036
0.7134315,-1.2517349,-15.225067,0.12244491,0.8437622,0.26453513,0.4506593
0.98032665,-0.49637568,-14.951349,0.64537096,0.53826964,-0.49691802,0.21641311
0.7131466,-1.2514467,-15.22514,0.12231373,0.84373444,0.26446733,0.4507867
0.98033834,-0.49775052,-14.950877,0.6455114,0.5382982,-0.4966126,0.21662433
0.71517164,-1.2509589,-15.225263,0.12219683,0.8436556,0.26435086,0.45103428
0.9803573,-0.49720263,-14.951054,0.6455848,0.53845274,-0.49630964,0.21671574
0.7160511,-1.2492739,-15.225317,0.1221619,0.8436276,0.26416653,0.45120403
0.9803652,-0.49746215,-14.951589,0.64564776,0.538486,-0.49616688,0.21677253
0.7147934,-1.2493541,-15.225395,0.12203391,0.8437147,0.26395,0.45120236
0.9813787,-0.49876526,-14.950679,0.6456219,0.5386066,-0.49592468,0.21710391
0.71432495,-1.2493839,-15.225425,0.12200822,0.84375596,0.26388094,0.45117256
0.9812857,-0.4979209,-14.951252,0.64550227,0.53872526,-0.49596626,0.21707033
0.7152201,-1.2494102,-15.2254505,0.12198845,0.8437228,0.26384953,0.45125827
0.9812043,-0.49902612,-14.95083,0.6455833,0.53877556,-0.49569952,0.2173135
0.71471006,-1.2494318,-15.2254715,0.12186942,0.84375435,0.26360294,0.45137572
0.9811344,-0.4982235,-14.9513445,0.6456057,0.5389369,-0.49548203,0.2173426
0.7155288,-1.2494509,-15.225491,0.1218151,0.8437333,0.2634501,0.4515189
0.98107404,-0.49753058,-14.951788,0.64568686,0.53907645,-0.4952261,0.21733905
0.7149631,-1.2481825,-15.225507,0.121493466,0.84380937,0.2632585,0.4515752
0.98101985,-0.49854416,-14.952187,0.6457268,0.5392021,-0.49492106,0.21760349
0.7144975,-1.2483596,-15.22552,0.12152505,0.84378314,0.263136,0.4516871
0.98096913,-0.4994932,-14.952559,0.6457574,0.5393036,-0.49469456,0.21777627
0.71537346,-1.2472129,-15.225533,0.12144829,0.84376466,0.26304355,0.45179605
0.980923,-0.4995225,-14.952899,0.64580864,0.53941494,-0.49445465,0.21789323
0.71547383,-1.2452646,-15.2255535,0.12158804,0.84381896,0.26255533,0.45194104
0.98011786,-0.49881747,-14.95345,0.6459874,0.5395606,-0.49411765,0.2177668
0.7135829,-1.245856,-15.225562,0.12170345,0.8438974,0.26244038,0.45183024
0.9794266,-0.49960777,-14.953675,0.646103,0.539574,-0.49392974,0.21781686
0.71203285,-1.2463408,-15.225569,0.12178045,0.84402233,0.2622206,0.45170376
0.9788189,-0.50030273,-14.953873,0.6461829,0.5395939,-0.4938054,0.21781273
0.71194184,-1.2455516,-15.2255745,0.12187605,0.84413207,0.26188248,0.45166904
0.9789275,-0.49898058,-14.954047,0.6461281,0.5396596,-0.49390197,0.21759357
0.7107359,-1.2448946,-15.225579,0.12182864,0.8442967,0.26160908,0.4515326
0.97902375,-0.49842182,-14.954203,0.6460682,0.53969413,-0.49397376,0.21752281
0.70972496,-1.2443439,-15.225583,0.121821985,0.8444385,0.26135907,0.4514138
0.9791094,-0.49792483,-14.95434,0.6460408,0.5396875,-0.49404752,0.21745269
0.7101158,-1.2434746,-15.225589,0.121753216,0.84443426,0.26132968,0.45145735
0.9787312,-0.4986583,-14.954574,0.64616156,0.53963464,-0.49388453,0.21759565
0.71024185,-1.2431004,-15.225592,0.12177138,0.8443721,0.2614566,0.45149532
0.9783206,-0.4992185,-14.954672,0.6462606,0.5396255,-0.49370596,0.21772948
0.71035767,-1.2427564,-15.225594,0.12173033,0.84436744,0.2614988,0.4514906
0.9779507,-0.49877438,-14.954761,0.6462625,0.539657,-0.49364755,0.21777816
0.71046335,-1.2424426,-15.225596,0.12173917,0.844286,0.26160395,0.4515796
0.97761667,-0.49927452,-14.954841,0.64634115,0.53961736,-0.49353534,0.21789728
0.7105592,-1.2421577,-15.225598,0.12173334,0.8442549,0.26165316,0.45161077
0.97774225,-0.49972734,-14.954485,0.6463667,0.53958577,-0.4934716,0.21804409
0.7106398,-1.2429677,-15.225599,0.12186564,0.84417915,0.26171657,0.45168003
0.9782629,-0.49932504,-14.95457,0.64630014,0.53954667,-0.49358806,0.21807443
0.7107083,-1.2426548,-15.225601,0.12191116,0.8441623,0.26163462,0.45174676
0.97835034,-0.49895903,-14.954646,0.64625585,0.53952974,-0.49367452,0.21805204
0.70980465,-1.2423854,-15.225602,0.12188841,0.84419936,0.26168013,0.4516573
0.97843003,-0.49935934,-14.9543495,0.6462739,0.5394709,-0.49364662,0.21820702
0.7108612,-1.2430695,-15.225603,0.121952154,0.8441123,0.26174763,0.45176363
0.97850287,-0.49937642,-14.954078,0.64623433,0.5394632,-0.4936445,0.21834801
0.7117992,-1.2427797,-15.225604,0.12187025,0.8440548,0.2617007,0.4519203
0.97890246,-0.49905947,-14.954162,0.6461481,0.53945816,-0.49373877,0.2184027
0.71268964,-1.2425046,-15.225605,0.121810764,0.8439479,0.26172653,0.45212102
0.97895294,-0.49876878,-14.954238,0.6461013,0.53945893,-0.49379927,0.21840215
0.71166795,-1.2422688,-15.225607,0.12160472,0.84395957,0.2617339,0.4521504
0.97899926,-0.49880198,-14.954008,0.6461031,0.5394427,-0.4937643,0.21851602
0.71163386,-1.2420568,-15.225607,0.121486165,0.8438865,0.26178473,0.45228925
0.979045,-0.49914026,-14.95378,0.6461555,0.5394025,-0.49366695,0.21868041
0.7116024,-1.241861,-15.225607,0.121385,0.84382844,0.26179314,0.45241982
0.979087,-0.49887082,-14.953861,0.6460976,0.53943646,-0.49371466,0.21865995
0.7125016,-1.2416779,-15.225607,0.12135071,0.84366155,0.26187238,0.45269436
0.9791257,-0.4986226,-14.953937,0.646097,0.5394208,-0.49377248,0.21856992
0.7133415,-1.2415067,-15.225607,0.121180244,0.84352344,0.26199993,0.45292348
0.9791631,-0.49893135,-14.953734,0.64612573,0.5394178,-0.49370992,0.2186332
0.7131475,-1.2422726,-15.225607,0.12108011,0.84342635,0.26215512,0.4530411
0.9789371,-0.49921632,-14.9535475,0.6461724,0.5394552,-0.4935855,0.21868414
0.71369207,-1.2418761,-15.225607,0.12084034,0.84302074,0.26284033,0.45346302
0.97901154,-0.49900532,-14.953458,0.64607054,0.5396323,-0.49354693,0.21863537
0.71430725,-1.2425325,-15.225607,0.120792754,0.8428162,0.26320654,0.4536434
0.9788212,-0.4992479,-14.953303,0.64608437,0.5396816,-0.49346793,0.21865088
0.71487904,-1.2423102,-15.225607,0.12069226,0.84262687,0.26349166,0.45385638
0.9786446,-0.49904856,-14.953374,0.6460597,0.539751,-0.49347115,0.21854545
0.7154775,-1.2411234,-15.225607,0.12055068,0.8424443,0.2637063,0.45410812
0.9786822,-0.49906495,-14.953238,0.646046,0.5397852,-0.493432,0.21858986
0.7159896,-1.2419205,-15.225607,0.12055086,0.8422265,0.2640643,0.45430398
0.9783329,-0.49908027,-14.953302,0.64610773,0.5398149,-0.49334577,0.21852863
0.71742433,-1.2417272,-15.225607,0.12047502,0.84200686,0.26430666,0.4545903
0.97837496,-0.498903,-14.953366,0.64611113,0.53983533,-0.4933503,0.21845786
0.7171762,-1.2430974,-15.225607,0.12037322,0.8416864,0.2648919,0.4548699
0.9778838,-0.499132,-14.953297,0.64616597,0.5398433,-0.49329418,0.2184026
0.71667856,-1.2436459,-15.225607,0.120290786,0.8415788,0.26511174,0.45496264
0.97793484,-0.49914598,-14.953168,0.6461546,0.53985494,-0.4932956,0.21840431
0.7170188,-1.2441229,-15.225607,0.1203175,0.8414491,0.26522028,0.45513222
0.97817713,-0.4989674,-14.953234,0.64609015,0.5398656,-0.4933703,0.2183999
0.71805036,-1.2438052,-15.225607,0.12027144,0.8412858,0.26521885,0.455447
0.9782223,-0.49879244,-14.953298,0.6460541,0.53984404,-0.49344796,0.21838434
0.7198395,-1.2442728,-15.225607,0.12035165,0.84104323,0.26526362,0.4558476
0.9780744,-0.49881318,-14.953169,0.6460268,0.53983897,-0.49347445,0.2184179
0.72081345,-1.24388,-15.225607,0.12031446,0.84090865,0.26531354,0.45607656
0.97812164,-0.49883354,-14.953042,0.6459702,0.53982645,-0.4935457,0.2184551
0.721734,-1.2444202,-15.225607,0.120341465,0.8407903,0.26493233,0.45650905
0.97816795,-0.49866125,-14.95311,0.64593136,0.53974533,-0.49369916,0.21842349
0.72165614,-1.2439994,-15.225607,0.12023546,0.8408255,0.26452643,0.45670757
0.97821337,-0.49887687,-14.952985,0.645886,0.53966016,-0.4938373,0.21845606
0.7225738,-1.2435819,-15.225608,0.12013102,0.84082234,0.26419476,0.45693278
0.97845006,-0.4990882,-14.953053,0.6458369,0.53954774,-0.49401507,0.21847697
0.72240424,-1.2432134,-15.225608,0.120100446,0.8408585,0.26381144,0.45709565
0.9784898,-0.49891078,-14.953122,0.6458085,0.53942436,-0.49422368,0.21839368
0.7233273,-1.2417511,-15.225608,0.11996006,0.84085244,0.26343128,0.45736298
0.978721,-0.49873695,-14.953189,0.6457803,0.53918964,-0.49453327,0.21835576
0.72413534,-1.24263,-15.225608,0.120058365,0.8407806,0.2633229,0.45753136
0.97894764,-0.49895108,-14.953255,0.6457854,0.53888035,-0.49478614,0.2185312
0.72377884,-1.2412729,-15.225608,0.12000837,0.8408187,0.26313937,0.45758012
0.9789774,-0.4989687,-14.953319,0.6458456,0.5385694,-0.49503636,0.21855344
0.7245648,-1.2411203,-15.225608,0.120176405,0.8407651,0.2629402,0.45774907
0.9791989,-0.4987937,-14.9533825,0.64580774,0.5382094,-0.49548498,0.2185354
0.7252916,-1.2409794,-15.225608,0.12025954,0.8407371,0.26284727,0.45783204
0.9797229,-0.4990664,-14.953461,0.64577997,0.53785455,-0.49580455,0.21876621
0.7247837,-1.2408618,-15.225608,0.12028512,0.8407959,0.26269126,0.4578068
0.98003894,-0.4990898,-14.953553,0.64572674,0.53753746,-0.49616662,0.21888183
0.72549605,-1.239557,-15.225608,0.12029715,0.84082454,0.26247787,0.4578735
0.98005056,-0.4988318,-14.953638,0.6456994,0.53720456,-0.4966343,0.2187188
0.7261376,-1.2396091,-15.225609,0.1203708,0.840849,0.26237524,0.45786816
0.98038274,-0.498865,-14.953413,0.6456369,0.53686476,-0.49704543,0.21880363
0.7255036,-1.2396523,-15.225609,0.1203907,0.84092796,0.26226464,0.45778108
0.9803845,-0.4992139,-14.953197,0.645671,0.5365285,-0.4973621,0.21880834
0.72497433,-1.2396882,-15.225609,0.12041925,0.8409811,0.2621608,0.45773542
0.98073524,-0.49888745,-14.953316,0.6455818,0.5362322,-0.4978444,0.21870148
0.72560215,-1.2397194,-15.225609,0.12048198,0.8409698,0.26210034,0.45777434
0.9811237,-0.4993277,-14.953047,0.6455225,0.5359101,-0.49821335,0.21882553
0.726177,-1.239748,-15.225609,0.12056518,0.8409121,0.26205236,0.45788586
0.9815494,-0.4998101,-14.952752,0.64559007,0.5356057,-0.4984365,0.2188633
0.72669935,-1.2397741,-15.225609,0.12067771,0.8408668,0.2619944,0.45797265
0.9819724,-0.4993328,-14.952938,0.64553183,0.53539175,-0.498807,0.21871443
0.7271359,-1.2408936,-15.225609,0.12075747,0.840791,0.26208463,0.45803916
0.9824195,-0.4998924,-14.9526005,0.6455977,0.53513587,-0.49887764,0.21898489
0.7275387,-1.2396395,-15.225609,0.120508455,0.8406787,0.2620959,0.4583044
0.9823153,-0.49938372,-14.9528055,0.64565724,0.5350174,-0.49895588,0.21892059
0.7279004,-1.239679,-15.225609,0.12041102,0.84046596,0.26225507,0.45862898
0.98274416,-0.49994153,-14.952476,0.6456621,0.53489745,-0.4989746,0.21915664
0.72822356,-1.2397141,-15.225609,0.120356634,0.8403202,0.2623425,0.45886025
0.9838481,-0.4999343,-14.952736,0.64547795,0.53476435,-0.49929458,0.21929492
0.72851115,-1.2397455,-15.225609,0.12017169,0.84014916,0.26248664,0.45913938
0.9850559,-0.5006606,-14.953021,0.6454295,0.5346807,-0.4993592,0.21949439
0.72876614,-1.2397733,-15.225609,0.1201669,0.83988553,0.26262864,0.45954156
0.9854571,-0.50136626,-14.953298,0.6454295,0.53458005,-0.4994341,0.2195692
0.72931725,-1.2398168,-15.226779,0.11990716,0.8393847,0.2629298,0.4603516
0.98695695,-0.4995561,-14.9538145,0.6451472,0.534653,-0.49981424,0.21935615
0.7307473,-1.2398363,-15.227896,0.11980243,0.8389427,0.26314196,0.46106282
0.9864371,-0.49804524,-14.954026,0.64504784,0.5348875,-0.49978396,0.21914539
0.7320797,-1.2398545,-15.228936,0.119521,0.83863676,0.2632968,0.46160376
0.98671067,-0.49890852,-14.954212,0.6450086,0.5350049,-0.49955976,0.21948527
0.7332931,-1.239871,-15.229883,0.11930612,0.83832705,0.26333266,0.46220103
0.9869528,-0.49827838,-14.954376,0.64498544,0.535123,-0.4994865,0.21943222
0.7343761,-1.2398859,-15.230729,0.11906782,0.838143,0.26344714,0.46253088
0.9871806,-0.49909994,-14.954531,0.645073,0.5351695,-0.49922788,0.21964985
0.7353413,-1.2382878,-15.2314825,0.118766874,0.8378762,0.26345462,0.4630871
0.9873961,-0.49987698,-14.954677,0.6451875,0.5351785,-0.49896583,0.21988682
0.7361644,-1.2385759,-15.232125,0.11877159,0.8375828,0.26360694,0.4635297
0.9875918,-0.49916473,-14.954809,0.64525664,0.53526294,-0.4988039,0.219846
0.738738,-1.2370175,-15.232712,0.11867838,0.83727056,0.26357198,0.46413723
0.987776,-0.49993515,-14.954933,0.6453994,0.53527635,-0.49849904,0.22008568
0.739006,-1.2338924,-15.233194,0.11839892,0.8372448,0.26326373,0.4644299
0.9879378,-0.4985588,-14.955043,0.64536166,0.53541183,-0.49843618,0.22000907
0.7392142,-1.2350131,-15.233569,0.11891092,0.8375193,0.2624446,0.46426776
0.9880852,-0.49998984,-14.955142,0.64547324,0.53529733,-0.49838063,0.22008613
0.74129105,-1.2340941,-15.233895,0.119154505,0.8375586,0.26193154,0.46442392
0.98821884,-0.49932528,-14.955233,0.645475,0.53526545,-0.49847755,0.21993913
0.7410649,-1.2333629,-15.234155,0.11920808,0.83764493,0.2616557,0.46441007
0.9883447,-0.5000212,-14.955318,0.6455175,0.5351891,-0.4984812,0.21999171
0.74089205,-1.2345886,-15.234352,0.11934564,0.8375637,0.26179895,0.46444055
0.9884586,-0.4993665,-14.955396,0.64550024,0.5352068,-0.49856785,0.21980286
0.7407539,-1.2338167,-15.234511,0.11931411,0.83745027,0.26194483,0.46457085
0.9885665,-0.49939796,-14.955468,0.64551497,0.5352041,-0.49854624,0.2198152
0.7406414,-1.233188,-15.23464,0.119172424,0.8373976,0.26198307,0.4646807
0.98804235,-0.50004566,-14.955533,0.6455793,0.53521806,-0.49843642,0.21984138
0.74054956,-1.2326748,-15.234746,0.11906397,0.8374033,0.2619629,0.4647096
0.98816526,-0.4994437,-14.95559,0.64557415,0.53521734,-0.4984755,0.21976961
0.7423045,-1.2322316,-15.234838,0.11896091,0.83731616,0.26212254,0.46480304
0.9882772,-0.5000379,-14.955644,0.64557344,0.5352501,-0.49840364,0.21985488
0.7437042,-1.2336862,-15.23491,0.11905276,0.83723295,0.26216924,0.46490303
0.98837936,-0.4994718,-14.955691,0.64557034,0.53527147,-0.49841896,0.21977706
0.744886,-1.2330341,-15.234971,0.119109616,0.8370974,0.26221377,0.46510747
0.98794436,-0.49949148,-14.955733,0.645609,0.53532046,-0.49831346,0.21978329
0.74400294,-1.232536,-15.235018,0.11904778,0.83706933,0.2622912,0.46513003
0.98805386,-0.49950913,-14.955772,0.64562774,0.535319,-0.49826872,0.21983334
0.7433199,-1.2338473,-15.235054,0.119004264,0.83697313,0.26244566,0.46522716
0.98767734,-0.4990499,-14.955808,0.64563423,0.53533596,-0.49826118,0.21979
0.74278563,-1.2348732,-15.235083,0.11895642,0.8369109,0.26259074,0.46526948
0.98778874,-0.49953794,-14.955839,0.6456432,0.5353421,-0.4981934,0.21990237
0.7438946,-1.2341529,-15.235105,0.11898678,0.83672327,0.26274794,0.4655104
0.9878896,-0.4991222,-14.955868,0.64562035,0.535376,-0.49818838,0.21989867
0.74486756,-1.2335211,-15.235125,0.11899869,0.83657146,0.2628586,0.46571752
0.98798746,-0.49915433,-14.955894,0.6456075,0.5353753,-0.4981948,0.21992351
0.7456672,-1.2345773,-15.235141,0.11906384,0.8363991,0.26302108,0.46591887
0.9880826,-0.50007254,-14.955921,0.6456216,0.535343,-0.4981488,0.2200646
0.74633014,-1.2354529,-15.235155,0.11914727,0.83633274,0.26307777,0.4659846
0.98816884,-0.4992193,-14.955946,0.6455983,0.53536475,-0.49818075,0.22000784
0.7469,-1.234602,-15.235167,0.1190906,0.8363031,0.2630687,0.46605733
0.98824984,-0.4996599,-14.955968,0.6455729,0.5353216,-0.4982262,0.22008428
0.7458276,-1.2354519,-15.235176,0.119060434,0.8362874,0.26309898,0.4660761
0.9883293,-0.49966744,-14.955991,0.6455489,0.5352268,-0.49836504,0.22007102
0.74497026,-1.2361314,-15.235183,0.11914353,0.83623165,0.2632141,0.4660899
0.98799825,-0.5000775,-14.955608,0.6455866,0.5351917,-0.49833563,0.22011243
0.74565345,-1.2366798,-15.235189,0.11923,0.8361388,0.26326665,0.46620476
0.98808,-0.5004507,-14.955642,0.64554393,0.53515935,-0.49839085,0.22019105
0.7462096,-1.2371262,-15.235194,0.11922331,0.8360433,0.26333138,0.46634114
0.9881546,-0.5000633,-14.955674,0.6454759,0.5351147,-0.4985551,0.22012725
0.7466865,-1.237509,-15.235198,0.11923817,0.8360088,0.26336715,0.46637905
0.988228,-0.5004267,-14.955705,0.64548683,0.5350299,-0.4985734,0.22025998
0.7485509,-1.2378702,-15.235202,0.1193888,0.8359541,0.26344675,0.46639356
0.9883025,-0.50079536,-14.955736,0.64550424,0.5349321,-0.49864268,0.22028938
0.7473744,-1.2368194,-15.235206,0.11935395,0.83607984,0.2632671,0.46627852
0.98837036,-0.5003845,-14.955764,0.6454677,0.53484964,-0.49883583,0.2201594
0.7476893,-1.2372371,-15.235208,0.11931366,0.8361564,0.26335874,0.46609974
0.98843765,-0.50074774,-14.955792,0.6454507,0.5347869,-0.49888062,0.22026016
0.7479562,-1.2363437,-15.23521,0.11940653,0.8362223,0.26322725,0.466032
0.98850596,-0.5011159,-14.955822,0.64551663,0.5346813,-0.49888334,0.22031713
0.74819165,-1.2355558,-15.235212,0.11945661,0.83631754,0.2630368,0.4659558
0.98856807,-0.5006775,-14.955848,0.6455415,0.5346015,-0.4989766,0.2202268
0.7483989,-1.2348621,-15.235213,0.11944071,0.8364247,0.2629581,0.4658119
0.98862875,-0.50103664,-14.9558735,0.64557034,0.5345297,-0.49897352,0.2203235
0.7485732,-1.2355222,-15.235215,0.11956113,0.83646494,0.26299232,0.46568942
0.9883099,-0.5013638,-14.955896,0.6456264,0.5344457,-0.4989799,0.22034846
0.74872637,-1.234847,-15.235216,0.119570754,0.83655965,0.26284662,0.4655991
0.98872966,-0.5005963,-14.955918,0.6455018,0.5344171,-0.49919674,0.220292
0.74885505,-1.235493,-15.235217,0.11956504,0.83660865,0.2627932,0.4655426
0.9887787,-0.5009251,-14.955939,0.6455752,0.53429675,-0.49919325,0.22037669
0.7478093,-1.2371818,-15.235218,0.119697206,0.8366353,0.26280662,0.4654533
0.9892622,-0.50130355,-14.955962,0.64558846,0.5341593,-0.4992748,0.22048587
0.74802995,-1.2364038,-15.23522,0.11964093,0.83669055,0.2626765,0.46544182
0.9892954,-0.5008357,-14.955983,0.6456052,0.5339737,-0.49950534,0.22036439
0.7482157,-1.2357489,-15.23522,0.119570225,0.83671474,0.26264977,0.46543154
0.98932624,-0.50079465,-14.956003,0.64562064,0.53381276,-0.49970168,0.220264
0.7483735,-1.2351927,-15.23522,0.119358666,0.83660233,0.2628677,0.46556485
0.9898217,-0.5012092,-14.956026,0.64556617,0.5333351,-0.5002455,0.22034623
0.74851775,-1.234684,-15.23522,0.119284205,0.8364832,0.26303247,0.46570492
0.9903449,-0.50113595,-14.956049,0.6455224,0.53278285,-0.50094205,0.22022778
0.74864215,-1.2352188,-15.23522,0.11923758,0.8363704,0.26320398,0.4658225
0.9909061,-0.5016363,-14.956075,0.64553547,0.53229856,-0.50138277,0.22035766
0.74875057,-1.235685,-15.23522,0.11916102,0.8363282,0.26330706,0.46585956
0.9914951,-0.5021614,-14.956102,0.64559126,0.5318012,-0.5017886,0.22047117
0.74988467,-1.2361425,-15.23522,0.1191304,0.83626026,0.26334956,0.46596536
0.9920458,-0.5013559,-14.956127,0.6455177,0.53141546,-0.50240827,0.22020572
0.74987036,-1.2365377,-15.23522,0.1190601,0.83620316,0.26350206,0.46599957
0.9926135,-0.5026751,-14.956153,0.64559436,0.5311682,-0.5024853,0.2204019
0.7498579,-1.2368817,-15.23522,0.11897242,0.83608246,0.26370654,0.46612287
0.9931817,-0.5032207,-14.956179,0.6454661,0.5311727,-0.50253725,0.22064781
0.7498468,-1.2362367,-15.23522,0.118888095,0.8360056,0.26385126,0.46620035
0.9936779,-0.5014888,-14.956201,0.6453,0.53129476,-0.5027473,0.22036117
0.74983734,-1.2374886,-15.23522,0.11895057,0.8358773,0.26409882,0.46627447
0.9941464,-0.5021115,-14.956222,0.6453456,0.5312916,-0.5026043,0.22056128
0.74982923,-1.2377094,-15.23522,0.11896498,0.8358097,0.26429597,0.46628025
0.9946077,-0.5035289,-14.956243,0.64541435,0.5313967,-0.50226665,0.22087596
0.7490081,-1.2379004,-15.23522,0.1189313,0.8358083,0.2644751,0.46618965
0.9950386,-0.5032136,-14.956263,0.6454317,0.5315487,-0.50211674,0.22080036
0.74906754,-1.237293,-15.23522,0.11881936,0.8357852,0.26456064,0.46621117
0.9946345,-0.50216097,-14.956279,0.6454863,0.5318193,-0.50183594,0.22062744
0.74911934,-1.2374972,-15.23522,0.1187255,0.83579826,0.26467654,0.46614584
0.9942816,-0.5042007,-14.956294,0.6456889,0.53193253,-0.5013339,0.22090256
0.7491649,-1.2369784,-15.23522,0.118597396,0.8358303,0.26466885,0.4661255
0.99397224,-0.5038812,-14.956307,0.6457788,0.5321463,-0.50102216,0.22083245
0.749205,-1.2371845,-15.23522,0.11855069,0.8358451,0.26470912,0.4660879
0.9936998,-0.50293237,-14.956319,0.64585245,0.5323541,-0.50082034,0.22057393
0.74924064,-1.2373676,-15.23522,0.11846825,0.8358772,0.26474142,0.46603286
0.993459,-0.5027277,-14.956329,0.6459055,0.5325638,-0.5005434,0.22054096
0.7492738,-1.2369076,-15.23522,0.1183218,0.83593017,0.2647762,0.46595532
0.99324524,-0.5031486,-14.956339,0.6459815,0.5327283,-0.5002553,0.2205746
0.74930423,-1.2371044,-15.23522,0.118298456,0.8359381,0.26479158,0.4659383
0.9936273,-0.5023787,-14.956347,0.64590985,0.5328784,-0.5002492,0.22043583
0.7500454,-1.2373153,-15.23522,0.118235655,0.835931,0.26480013,0.46596205
0.99342495,-0.5022346,-14.956354,0.6459143,0.533016,-0.50014013,0.22033755
0.75002384,-1.2368135,-15.23522,0.11810399,0.8359591,0.26481697,0.46593553
0.992727,-0.50262195,-14.95636,0.64595604,0.53317,-0.49992326,0.22033478
0.75000405,-1.2363536,-15.23522,0.11808693,0.8360245,0.26475877,0.46585545
0.99259025,-0.50297016,-14.956367,0.6459671,0.5332968,-0.4997512,0.22038573
0.74998647,-1.2366,-15.23522,0.118174724,0.8360955,0.2646907,0.46574447
0.992467,-0.50281787,-14.95637,0.6459519,0.5334158,-0.49963558,0.22040416
0.7493476,-1.236195,-15.23522,0.11817406,0.8362286,0.26459435,0.46556047
0.9923556,-0.50268024,-14.956375,0.6459431,0.533478,-0.49960932,0.22033891
0.74937224,-1.2364271,-15.23522,0.11828837,0.8363255,0.26442787,0.465452
0.9922546,-0.5021348,-14.95638,0.64592946,0.533527,-0.49958786,0.22030894
0.7488317,-1.2360717,-15.23522,0.118336,0.8364697,0.26426357,0.46527392
0.9925626,-0.50243866,-14.956384,0.6459215,0.5335487,-0.49953365,0.22040285
0.748422,-1.2354685,-15.23522,0.118346766,0.8367562,0.26399353,0.46490926
0.9927335,-0.5022464,-14.95639,0.6458652,0.5335632,-0.49954465,0.2205078
0.7480063,-1.2361763,-15.23522,0.118437655,0.8368642,0.26394054,0.4647218
0.9926378,-0.5025029,-14.956393,0.645901,0.53353864,-0.49948218,0.2206038
0.7480892,-1.2363569,-15.23522,0.11845902,0.8369706,0.26385972,0.4645705
0.9925501,-0.502738,-14.956395,0.6459476,0.5335224,-0.49940646,0.22067827
0.74816424,-1.2365202,-15.23522,0.11856445,0.83706546,0.2637345,0.4644439
0.9921603,-0.5023352,-14.956398,0.64596295,0.5335139,-0.49942568,0.22060992
0.74740535,-1.2362549,-15.23522,0.11861276,0.837198,0.2636345,0.4642494
0.99180204,-0.5022586,-14.9564,0.64598876,0.5334971,-0.49939895,0.22063561
0.7471082,-1.2364066,-15.23522,0.11874084,0.8372959,0.26357082,0.4640761
0.99175113,-0.5024672,-14.956403,0.6459923,0.53348655,-0.49937746,0.22069946
0.7468375,-1.2365447,-15.23522,0.11882358,0.8374126,0.26347926,0.46389633
0.99196935,-0.5026597,-14.956405,0.64598465,0.5334556,-0.49940047,0.22074465
0.7462358,-1.2366709,-15.23522,0.11896433,0.83752686,0.26338726,0.46370617
0.99166715,-0.50233364,-14.956408,0.6459838,0.53345513,-0.49942675,0.22068854
0.74602205,-1.2367862,-15.23522,0.11904915,0.8376461,0.26328945,0.4635246
0.9916269,-0.5025106,-14.9564085,0.64598745,0.53343916,-0.4994226,0.22072609
0.74582607,-1.236892,-15.23522,0.11913891,0.8377707,0.263196,0.4633293
0.9918169,-0.5029019,-14.956409,0.64599997,0.533423,-0.49938306,0.22081769
0.74576926,-1.2364889,-15.23522,0.119382896,0.8380569,0.2630558,0.46282822
0.9917403,-0.50256366,-14.956411,0.64599377,0.5334751,-0.4993345,0.22081976
0.74533415,-1.2365881,-15.23522,0.11955944,0.83823544,0.26309082,0.4624393
0.99170595,-0.50270313,-14.956413,0.6460103,0.5335268,-0.4992534,0.22083035
0.74493265,-1.2369403,-15.234959,0.119743474,0.83841133,0.26321736,0.4620006
0.9916728,-0.5030302,-14.956414,0.64602804,0.5335716,-0.49916342,0.22087353
0.74456155,-1.2370181,-15.234966,0.11989683,0.8385842,0.2632378,0.46163532
0.9916403,-0.50296617,-14.956415,0.6460239,0.533637,-0.4991028,0.22086456
0.74445325,-1.2370901,-15.234972,0.12006989,0.8386992,0.26329952,0.4613461
0.9916085,-0.50309575,-14.956416,0.64601064,0.5336783,-0.4990757,0.22086477
0.74404687,-1.237174,-15.234698,0.12020428,0.8388311,0.2633504,0.46104214
0.9915773,-0.5028382,-14.956418,0.6459938,0.53372,-0.49907643,0.22081125
0.74392164,-1.2372633,-15.234715,0.12034789,0.83892685,0.2633775,0.460815
0.99154675,-0.50277805,-14.956419,0.6459794,0.533744,-0.4990718,0.22080615
0.74335754,-1.237377,-15.234331,0.12044207,0.83901995,0.26348546,0.4605591
0.99132454,-0.50310355,-14.95642,0.64599234,0.5337599,-0.4990297,0.22082523
0.74321353,-1.2374926,-15.234371,0.12051951,0.83903855,0.26353985,0.4604738
0.99129903,-0.5032304,-14.956421,0.6459949,0.53377086,-0.49900797,0.2208403
0.7425067,-1.2376304,-15.233883,0.120621994,0.8390248,0.26369768,0.4603818
0.991274,-0.5033546,-14.956423,0.64598465,0.53377146,-0.4990139,0.22085522
0.74236816,-1.2377666,-15.233399,0.120748,0.83896625,0.2637958,0.46039903
0.9912495,-0.50328416,-14.956424,0.6459854,0.5337659,-0.49902347,0.22084455
0.74223083,-1.2379017,-15.232921,0.12078297,0.8389092,0.26383543,0.4604711
0.99122554,-0.50302285,-14.956425,0.64596105,0.5337666,-0.4990612,0.22082897
0.74266964,-1.2385833,-15.232494,0.12086754,0.83884525,0.26389837,0.4605294
0.991202,-0.5027668,-14.956426,0.64594775,0.5337544,-0.49909952,0.22081092
0.74251676,-1.2386667,-15.232079,0.12091182,0.83883655,0.2639039,0.4605306
0.9913712,-0.5027081,-14.956427,0.64592874,0.53374153,-0.49913412,0.22081962
0.7423634,-1.2387501,-15.231662,0.120937794,0.8388141,0.2638832,0.46057656
0.991537,-0.50265056,-14.956236,0.64591384,0.53372836,-0.49916396,0.22082746
0.74221087,-1.2388333,-15.231248,0.1209,0.8388164,0.26388627,0.46058044
0.9916995,-0.5027864,-14.956048,0.6458979,0.5337093,-0.49919167,0.22085758
0.74127924,-1.2389234,-15.230799,0.12085771,0.8388845,0.2638941,0.460463
0.9918587,-0.5029195,-14.955864,0.6458863,0.5336835,-0.4992226,0.220884
0.7403055,-1.2390177,-15.2303295,0.1208778,0.83892906,0.2638485,0.4604026
0.99182254,-0.50304997,-14.955685,0.6458764,0.53366035,-0.49925214,0.22090213
0.7402896,-1.2391052,-15.229894,0.120915085,0.83894765,0.2637504,0.4604151
0.99197936,-0.5031778,-14.955508,0.6458593,0.5336266,-0.49930292,0.22091857
0.73929,-1.2391932,-15.229456,0.12091571,0.8390478,0.26359415,0.46032202
0.99194074,-0.5031109,-14.955527,0.6458355,0.5335982,-0.49936572,0.22091483
0.73736566,-1.2405301,-15.228613,0.12076537,0.8392516,0.26348174,0.46005428
0.9920657,-0.5036374,-14.955105,0.64582646,0.533549,-0.49939862,0.22098567
0.7364879,-1.2404575,-15.228228,0.12062414,0.8393676,0.26336664,0.4599455
0.9920155,-0.50354254,-14.955139,0.64582753,0.53352827,-0.49941987,0.22098453
0.7369355,-1.240397,-15.227906,0.120627455,0.8393847,0.2632883,0.45995829
0.9921964,-0.50322723,-14.955171,0.64580035,0.5335286,-0.499459,0.22097494
0.7361082,-1.2403413,-15.227611,0.12054894,0.83945847,0.26317486,0.45990926
0.9923642,-0.5029348,-14.9552,0.64577544,0.5335334,-0.49949148,0.22096276
0.73535657,-1.2402905,-15.227342,0.12044029,0.8395415,0.26309738,0.45983055
0.9921095,-0.50286853,-14.955227,0.6457897,0.53354454,-0.49946782,0.22094768
0.73596716,-1.2402489,-15.227121,0.1203896,0.8395614,0.26308313,0.45981556
0.9920677,-0.5030019,-14.955056,0.64579475,0.5335739,-0.4994165,0.2209779
0.73525125,-1.2402115,-15.226923,0.12028053,0.83968496,0.26294383,0.4596981
0.99202734,-0.50313073,-14.954892,0.64580214,0.5336194,-0.4993455,0.22100675
0.73460746,-1.2401779,-15.226745,0.12018889,0.83978575,0.2628776,0.45957574
0.99218386,-0.5032601,-14.954926,0.6457959,0.5336596,-0.49929234,0.22104818
0.7340346,-1.240148,-15.226586,0.12011136,0.8399302,0.26275665,0.45940134
0.9921412,-0.50319153,-14.954956,0.64579356,0.53371847,-0.4992338,0.221045
0.73355734,-1.2388171,-15.226454,0.1199264,0.8401058,0.26252997,0.45925808
0.9919071,-0.5029321,-14.954987,0.6457923,0.5337871,-0.49917275,0.221021
0.73313445,-1.238977,-15.2263365,0.11992924,0.8402175,0.26244754,0.45910007
0.9916777,-0.5026778,-14.955015,0.64579463,0.53385735,-0.4990941,0.22102214
0.7340608,-1.2391077,-15.22624,0.1199315,0.8403147,0.262316,0.45899686
0.99164516,-0.5026208,-14.955045,0.645805,0.5339283,-0.49899015,0.22105539
0.73225576,-1.2392253,-15.226154,0.119893454,0.8405009,0.2622015,0.4587312
0.99161327,-0.5029495,-14.954881,0.64583415,0.5340295,-0.49880534,0.22114252
0.7320142,-1.2393283,-15.226079,0.11980688,0.8406567,0.2620672,0.4585449
0.99138975,-0.50307935,-14.954912,0.6458827,0.5341925,-0.49852484,0.22123946
0.7318036,-1.239418,-15.226014,0.11980947,0.8408134,0.261865,0.45837256
0.9911707,-0.5030144,-14.954944,0.645939,0.5344108,-0.49818778,0.22130723
0.731631,-1.2381972,-15.22596,0.11978197,0.84099203,0.26163116,0.45818534
0.99114823,-0.5027585,-14.954974,0.6459453,0.53474253,-0.49779186,0.22137837
0.73011255,-1.2370862,-15.22591,0.11967529,0.8411761,0.26149458,0.4579534
0.9909341,-0.5026999,-14.955005,0.64601505,0.5351345,-0.49724677,0.22145297
0.7287264,-1.2375197,-15.225866,0.119648986,0.84136635,0.26120627,0.45777503
0.9905319,-0.5028348,-14.954842,0.64612514,0.53559434,-0.496435,0.22184071
0.7275113,-1.2364055,-15.225826,0.11955766,0.84151924,0.26081622,0.45774043
0.99033004,-0.50277466,-14.954682,0.6462253,0.5360072,-0.49570003,0.22219513
0.7293754,-1.2355117,-15.225795,0.11955453,0.84145737,0.2605656,0.45799762
0.99012035,-0.50291604,-14.954517,0.6462914,0.53628325,-0.4950834,0.2227112
0.72953624,-1.2361364,-15.225768,0.119515955,0.84139794,0.2604157,0.45820218
0.9898566,-0.50309384,-14.9543085,0.6463359,0.536528,-0.49455956,0.22315572
0.7309487,-1.2366467,-15.225747,0.11957011,0.8413035,0.2602442,0.4584587
0.98953867,-0.50330806,-14.954057,0.64632964,0.53670055,-0.494203,0.22354855
0.73211163,-1.2358496,-15.22573,0.1194862,0.84127617,0.2600012,0.45866868
0.9891695,-0.5035569,-14.953765,0.64636695,0.5367106,-0.49404135,0.223774
0.7319204,-1.2363447,-15.225716,0.11952266,0.84123546,0.25986278,0.45881206
0.98880625,-0.50340194,-14.953877,0.6462202,0.53681475,-0.49407667,0.22386968
0.7317606,-1.2356598,-15.225704,0.119379394,0.84118843,0.25975263,0.45899808
0.9884134,-0.50323427,-14.9535475,0.6461355,0.5368182,-0.4941445,0.22395617
0.73058265,-1.2350838,-15.225695,0.11928096,0.84115344,0.25970775,0.4591132
0.9879846,-0.50356805,-14.953189,0.6460531,0.53681004,-0.49416524,0.22416776
0.7315677,-1.2355871,-15.225686,0.11928974,0.8410301,0.2597101,0.45933542
0.98809886,-0.5038932,-14.952839,0.6459174,0.5367631,-0.4943311,0.22430557
0.732407,-1.236016,-15.225679,0.119326845,0.8409527,0.25968128,0.45948386
0.9882125,-0.50477654,-14.952491,0.6458488,0.536718,-0.49438605,0.22448963
0.7322315,-1.2354889,-15.225674,0.119264886,0.84091485,0.25962463,0.45960125
0.98831815,-0.5044923,-14.952167,0.64571065,0.5367466,-0.49455172,0.22445393
0.73208034,-1.2350347,-15.225668,0.119261116,0.840863,0.25960252,0.45970958
0.9884127,-0.5042378,-14.952401,0.64559734,0.53677666,-0.49473244,0.22430994
0.73194945,-1.2338339,-15.225663,0.11912781,0.84084594,0.25954962,0.45980513
0.98849756,-0.5035106,-14.952114,0.64546037,0.53686714,-0.494916,0.22408198
0.73260254,-1.2335562,-15.225659,0.11908081,0.8408022,0.2595103,0.45991954
0.9881004,-0.50285566,-14.952329,0.6454157,0.53692484,-0.49496078,0.22397362
0.7331735,-1.2333132,-15.225656,0.11901485,0.8407705,0.25946245,0.4600216
0.9881917,-0.50271386,-14.952073,0.6454182,0.5369109,-0.4949672,0.22398561
0.7329826,-1.2330999,-15.225653,0.118893504,0.8407494,0.25944182,0.46010312
0.9877878,-0.5025637,-14.951802,0.64544594,0.5369976,-0.49484193,0.22397475
0.7321565,-1.232912,-15.22565,0.1187712,0.84073263,0.25947434,0.46014696
0.98736614,-0.5029583,-14.951518,0.6455148,0.537053,-0.4946749,0.22401261
0.7332998,-1.2321209,-15.225648,0.11866166,0.8406676,0.25944445,0.4603109
0.9869316,-0.5033649,-14.951225,0.6455659,0.53715277,-0.49447447,0.22406816
0.73312825,-1.2326051,-15.225645,0.118622996,0.8405983,0.25952706,0.46040085
0.98648983,-0.5037784,-14.950929,0.6456184,0.5371899,-0.4943218,0.22416504
0.7335392,-1.232473,-15.225643,0.1185631,0.8405381,0.25955245,0.46051165
0.9867299,-0.50416046,-14.950654,0.6456232,0.5372046,-0.49426568,0.22423972
0.73390675,-1.2323548,-15.225642,0.118534714,0.8405085,0.25949904,0.46060303
0.9863267,-0.50326717,-14.951028,0.6456418,0.5372424,-0.4942644,0.2240986
0.7342365,-1.23174,-15.22564,0.118477456,0.84050196,0.25941205,0.4606788
0.9865533,-0.503058,-14.95136,0.6456517,0.53715456,-0.4943122,0.22417475
0.7345331,-1.2316701,-15.225639,0.11844606,0.8404803,0.25935745,0.46075708
0.9861872,-0.5034402,-14.951091,0.64573807,0.53704965,-0.4942541,0.22430557
0.7343414,-1.2320664,-15.225638,0.11843867,0.8404775,0.25931776,0.46078634
0.98581487,-0.5038289,-14.950817,0.6458617,0.5369321,-0.49416435,0.22442856
0.7346043,-1.2319887,-15.225637,0.118443884,0.8404631,0.25927126,0.4608375
0.98544055,-0.5042196,-14.9505415,0.6459189,0.53685194,-0.49409124,0.22461684
0.73525727,-1.2319182,-15.225636,0.11846202,0.84041715,0.2592236,0.4609435
0.98575324,-0.50457394,-14.950292,0.64584607,0.53676766,-0.49422017,0.22474413
0.735457,-1.2314603,-15.225635,0.11844847,0.84041065,0.25914174,0.46100485
0.9854103,-0.504268,-14.95069,0.6458289,0.5366929,-0.49434307,0.22470136
0.73563904,-1.2310432,-15.225634,0.118413895,0.8404085,0.25903857,0.46107566
0.9856946,-0.5045851,-14.951045,0.64583635,0.53654027,-0.49450868,0.22468026
0.73544985,-1.2310176,-15.225633,0.11839969,0.84040165,0.25895154,0.46114078
0.9859481,-0.50374866,-14.951361,0.64575976,0.5364472,-0.49475092,0.22458939
0.7356143,-1.2306567,-15.225631,0.118380316,0.84038454,0.25887156,0.46122178
0.98617494,-0.5030003,-14.951643,0.6457158,0.53634834,-0.49495807,0.22449537
0.7354444,-1.2306466,-15.22563,0.11841446,0.8403714,0.25880313,0.46127546
0.98587346,-0.5028338,-14.951897,0.64571655,0.5362378,-0.49510694,0.2244291
0.7356029,-1.2303116,-15.225954,0.11837565,0.8403427,0.2587255,0.46138114
0.98608196,-0.5026839,-14.952126,0.64568865,0.5361324,-0.49523488,0.2244789
0.7357828,-1.2299317,-15.22594,0.11832532,0.84031457,0.2586452,0.4614903
0.9862701,-0.50300443,-14.951876,0.6456932,0.53601575,-0.49532354,0.22454853
0.73594695,-1.2299474,-15.22629,0.11830821,0.84023017,0.25864884,0.46164626
0.98600733,-0.50372756,-14.95165,0.64579105,0.5358842,-0.4952737,0.22469102
0.736097,-1.229962,-15.226265,0.11827122,0.8401427,0.25870034,0.4617861
0.985769,-0.5043835,-14.951444,0.64584476,0.5357632,-0.49527282,0.22482732
0.7359072,-1.2299753,-15.22657,0.1182611,0.8400744,0.25874224,0.46188933
0.98594296,-0.5045892,-14.951648,0.6458762,0.5356883,-0.49526972,0.22492236
0.7360619,-1.2296374,-15.226887,0.11821103,0.8398802,0.25880215,0.46222165
0.98610157,-0.5047767,-14.951835,0.6458514,0.535509,-0.49544573,0.22503251
0.73623705,-1.2292546,-15.226831,0.118163876,0.8397035,0.2588581,0.4625234
0.9862464,-0.5049479,-14.951652,0.6458431,0.5353378,-0.4955912,0.22514349
0.73679477,-1.2293,-15.227178,0.1181542,0.83950394,0.25891188,0.46285793
0.98671407,-0.50476956,-14.951485,0.64577186,0.53522694,-0.49576712,0.2252242
0.73695517,-1.2288888,-15.227564,0.11808784,0.8393506,0.25894397,0.46313494
0.9868245,-0.5052426,-14.951331,0.6457557,0.5351123,-0.49585983,0.22533838
0.7376808,-1.2284266,-15.227998,0.11804986,0.839186,0.2589664,0.46343017
0.98722833,-0.5053747,-14.951191,0.64571846,0.5350313,-0.49595043,0.22543819
0.7378143,-1.2285314,-15.227867,0.117987156,0.83908075,0.25907654,0.46357515
0.9873174,-0.5055031,-14.951055,0.64569974,0.5350098,-0.49597237,0.22549473
0.73846406,-1.2286305,-15.227744,0.11802647,0.8389143,0.25914228,0.46382973
0.9874096,-0.5056362,-14.950912,0.6456723,0.534959,-0.49602994,0.22556713
0.7390922,-1.2287264,-15.227626,0.117988236,0.8387935,0.2591553,0.46405038
0.98751336,-0.50616366,-14.950753,0.64566046,0.5349171,-0.49605724,0.22564025
0.73915625,-1.2282348,-15.228094,0.11790132,0.8386871,0.2591865,0.46424735
0.98799187,-0.5062928,-14.9506,0.64562535,0.53487355,-0.4961158,0.2257154
0.7398188,-1.2283673,-15.22794,0.117890574,0.8385036,0.2592706,0.4645346
0.9884636,-0.5064202,-14.950448,0.64554197,0.53487206,-0.49618578,0.2258036
0.7404578,-1.2284951,-15.227789,0.1178338,0.8383549,0.25936964,0.464762
0.98853785,-0.5070122,-14.95028,0.64554775,0.53487563,-0.4961413,0.22587621
0.7411507,-1.2279166,-15.228344,0.117773265,0.8381348,0.259553,0.4650718
0.9890756,-0.50712967,-14.950114,0.6455161,0.5348953,-0.4961475,0.22590655
0.74278593,-1.227272,-15.228962,0.11768836,0.83792293,0.25978276,0.46534675
0.9891291,-0.50778484,-14.949936,0.64553577,0.5349053,-0.49608785,0.22595772
0.7434093,-1.2275479,-15.228662,0.11768172,0.8377844,0.25998223,0.4654864
0.98918164,-0.50787944,-14.949761,0.64553386,0.5349291,-0.49605379,0.2259815
0.743987,-1.2278036,-15.22926,0.11765865,0.8376045,0.26015005,0.46572208
0.9892286,-0.5074433,-14.950125,0.6455144,0.53498024,-0.49602857,0.22597128
0.7445235,-1.228041,-15.229816,0.11763409,0.8375118,0.26032037,0.46579996
0.9887761,-0.5075462,-14.950451,0.64556473,0.53503263,-0.49592984,0.22591998
0.744135,-1.2282457,-15.2294445,0.11764291,0.8374458,0.26049447,0.46581906
0.9888384,-0.507639,-14.950746,0.64557254,0.53507525,-0.49588707,0.22589059
0.7446192,-1.2284275,-15.229943,0.117656186,0.8373577,0.2605854,0.46592322
0.9888946,-0.5072762,-14.951013,0.64559,0.53513736,-0.4958362,0.22580522
0.7442515,-1.2285852,-15.229588,0.11767223,0.8373744,0.26065066,0.4658527
0.98894554,-0.5069476,-14.951253,0.6455736,0.53518736,-0.49582618,0.22575575
0.74469244,-1.2287271,-15.230041,0.11776221,0.83730376,0.2607909,0.46587846
0.98899186,-0.5066492,-14.951472,0.645572,0.53521806,-0.49584758,0.22564057
0.74432963,-1.2280915,-15.2304535,0.11774203,0.83725643,0.26090518,0.46590453
0.98903394,-0.50637764,-14.951672,0.64557725,0.53523517,-0.49586472,0.22554731
0.74565744,-1.2282913,-15.230875,0.11783737,0.8371381,0.26102933,0.4660235
0.9890724,-0.50612986,-14.951854,0.6455717,0.53525394,-0.49587956,0.22548611
0.74602747,-1.2284778,-15.231269,0.11787596,0.8370597,0.26115254,0.46608558
0.98876196,-0.50624895,-14.95202,0.6455981,0.53525555,-0.49584788,0.22547625
0.7463721,-1.2286515,-15.231635,0.117896646,0.83699745,0.2612598,0.466132
0.98847765,-0.506358,-14.952172,0.6456147,0.53526586,-0.49582148,0.22546218
0.7466692,-1.2296476,-15.231951,0.11792486,0.83690625,0.26142114,0.46619806
0.9882168,-0.50614625,-14.952312,0.64561427,0.5353019,-0.49579272,0.22544117
0.7478978,-1.229716,-15.232267,0.11796015,0.836803,0.26153296,0.46631178
0.98827326,-0.5059516,-14.95244,0.6456028,0.5353295,-0.49578133,0.22543351
0.7491135,-1.2297834,-15.232581,0.117912374,0.8367569,0.26153633,0.4664047
0.98832524,-0.5060538,-14.952277,0.64560634,0.5353485,-0.49575457,0.22543731
0.749182,-1.2288043,-15.232867,0.11786863,0.83677804,0.26153314,0.4663797
0.9883732,-0.5061481,-14.9521265,0.6456092,0.5353768,-0.49572724,0.22542189
0.74924296,-1.2289717,-15.233122,0.11789146,0.83669585,0.26166534,0.4664472
0.9881635,-0.5062352,-14.952242,0.64561886,0.535415,-0.49568218,0.22540255
0.74929726,-1.2291207,-15.233348,0.1178569,0.83661073,0.26186648,0.4664956
0.98821086,-0.5063157,-14.952106,0.6456054,0.5354573,-0.49566197,0.22538495
0.74934566,-1.2292536,-15.23355,0.117846735,0.83656025,0.2619938,0.4665174
0.9882547,-0.5063903,-14.952211,0.64560467,0.5354986,-0.49563283,0.22535303
0.7493889,-1.2293721,-15.23373,0.11785617,0.8365206,0.26213628,0.466506
0.9882953,-0.5064594,-14.95209,0.6456036,0.53553826,-0.49561062,0.22531089
0.749428,-1.228427,-15.233893,0.117760025,0.83652943,0.2621468,0.46650854
0.9883331,-0.50610983,-14.952185,0.6456242,0.5355715,-0.49559513,0.22520682
0.75062585,-1.2274997,-15.234055,0.1177566,0.8364875,0.26211375,0.4666032
0.98817164,-0.50598145,-14.952272,0.6456661,0.5355975,-0.49556062,0.22510087
0.75052303,-1.227833,-15.234191,0.11779969,0.83650255,0.2621341,0.46655366
0.9882092,-0.5058584,-14.952357,0.64570034,0.53561014,-0.49554193,0.22501373
0.7504368,-1.2291796,-15.234305,0.11786671,0.8364967,0.26219395,0.4665138
0.98824596,-0.5059301,-14.952439,0.64574164,0.53561246,-0.49551922,0.22493948
0.75036395,-1.2293034,-15.234403,0.11789545,0.83634126,0.26235572,0.46669424
0.9880898,-0.5058081,-14.95252,0.64578015,0.5356017,-0.495521,0.22485067
0.75135016,-1.2294184,-15.234493,0.11801703,0.8361649,0.26252383,0.466885
0.98793674,-0.5056886,-14.952599,0.64582276,0.5355811,-0.49553636,0.22474352
0.75117904,-1.229518,-15.2345705,0.11807967,0.8360681,0.26258105,0.46701023
0.987979,-0.5053792,-14.952676,0.64585316,0.53554076,-0.4955927,0.22462775
0.7500597,-1.2305768,-15.234636,0.11820647,0.83603275,0.26270318,0.46697277
0.9880204,-0.505076,-14.952752,0.64590514,0.53548497,-0.49564642,0.22449288
0.7500295,-1.2305552,-15.234693,0.118320785,0.83596903,0.2627775,0.4670161
0.98806095,-0.5047788,-14.9528265,0.64595866,0.5354322,-0.49570358,0.22433837
0.75000364,-1.2305367,-15.234741,0.118436664,0.83591104,0.26284903,0.46705037
0.9881007,-0.50467986,-14.952899,0.6460443,0.535335,-0.49577168,0.22417319
0.7508536,-1.23052,-15.234784,0.118535176,0.8358842,0.26283994,0.4670784
0.98794746,-0.5047751,-14.9529705,0.64620024,0.5352086,-0.4957843,0.22399777
0.74992824,-1.2305055,-15.234822,0.118552834,0.8359957,0.26273546,0.46693325
0.98779726,-0.50506073,-14.953041,0.6463659,0.5350548,-0.49580935,0.22383197
0.7499133,-1.2304928,-15.234855,0.11858258,0.83604723,0.26271972,0.46684223
0.9876501,-0.5053406,-14.953109,0.6465324,0.5348787,-0.4958609,0.22365732
0.7499002,-1.2312307,-15.234884,0.11871999,0.83602726,0.2627443,0.4668292
0.98750585,-0.50542265,-14.953176,0.6467107,0.5347248,-0.4958893,0.22344707
0.7514664,-1.2319481,-15.234912,0.11890368,0.8359637,0.26269507,0.46692395
0.9875567,-0.50550306,-14.953241,0.64681435,0.5345604,-0.4960267,0.2232352
0.75133216,-1.2310736,-15.234937,0.118922584,0.8359798,0.26256257,0.4669648
0.9876066,-0.50538963,-14.953306,0.64690465,0.53438973,-0.49617475,0.22305301
0.751212,-1.231019,-15.234959,0.11893893,0.83597213,0.26256695,0.466972
0.9876554,-0.5050862,-14.953369,0.646989,0.5342641,-0.49633387,0.22275524
0.7511037,-1.2309697,-15.234979,0.118883505,0.8359318,0.26256448,0.46705955
0.9877033,-0.5047888,-14.953431,0.64705163,0.53414613,-0.49648747,0.22251353
0.75176936,-1.23092,-15.234999,0.11868841,0.8356133,0.26280236,0.467545
0.98755795,-0.5046897,-14.953685,0.64724183,0.53406143,-0.49643412,0.22228292
0.7524351,-1.230027,-15.235019,0.1183568,0.8353526,0.26292795,0.4680241
0.9876184,-0.50433856,-14.953985,0.6474004,0.53398407,-0.49639452,0.22209518
0.7530821,-1.2300575,-15.235038,0.118030615,0.83509433,0.26312432,0.46845695
0.987393,-0.50419706,-14.954366,0.6475936,0.53391135,-0.49628553,0.2219505
0.7527735,-1.2291957,-15.235944,0.11779554,0.8348634,0.2632072,0.46888098
0.98710155,-0.50361127,-14.954857,0.6477314,0.53391117,-0.49617255,0.22180094
0.75342536,-1.2283586,-15.235872,0.11752803,0.83461386,0.26339725,0.46928543
0.98724985,-0.50293773,-14.955421,0.64786434,0.5338792,-0.49608603,0.22168334
0.7530793,-1.2285461,-15.235811,0.117398255,0.8343665,0.2635867,0.4696512
0.98685735,-0.50275874,-14.956037,0.64809006,0.53379273,-0.49593154,0.22157764
0.75367576,-1.2287177,-15.235756,0.11723726,0.8340248,0.26380637,0.47017476
0.9870409,-0.5025903,-14.956061,0.648309,0.5337131,-0.49578857,0.22144878
0.7542354,-1.2288787,-15.235703,0.117214985,0.83360374,0.26414642,0.47073582
0.9866801,-0.50296474,-14.956083,0.6486491,0.5335636,-0.49553463,0.22138143
0.75475717,-1.2290288,-15.235654,0.11717101,0.83336055,0.26428944,0.4710968
0.9857477,-0.50278044,-14.956107,0.6490273,0.53347605,-0.49527824,0.22105733
0.7552659,-1.2281125,-15.236669,0.11709938,0.8330923,0.2643798,0.47153828
0.98544693,-0.50315773,-14.956128,0.6492926,0.5332751,-0.49525145,0.22082287
0.75691205,-1.2283815,-15.236495,0.11712087,0.83275217,0.26455656,0.47203428
0.9845967,-0.5035232,-14.956148,0.6496074,0.53306156,-0.49520296,0.22052121
0.75846946,-1.2286361,-15.236331,0.1173035,0.8323914,0.26487654,0.4724457
0.9843595,-0.50386083,-14.956166,0.6498457,0.5327866,-0.4952518,0.22037385
0.7585831,-1.2288556,-15.236189,0.11729748,0.8321102,0.26516846,0.4727786
0.98412603,-0.5036209,-14.956185,0.649924,0.5325907,-0.49548575,0.22009082
0.75994253,-1.2303095,-15.236062,0.1175576,0.83171964,0.26553658,0.47319445
0.98389727,-0.50338584,-14.9562025,0.6500247,0.5323552,-0.49573135,0.2198096
0.7612309,-1.2289438,-15.237314,0.11736839,0.83156025,0.2654962,0.4735441
0.9842597,-0.50317645,-14.95622,0.6500708,0.5321478,-0.49596715,0.21964361
0.764073,-1.2276001,-15.238546,0.117324725,0.8311961,0.26567596,0.47409305
0.9845837,-0.5029892,-14.956233,0.6501358,0.53188473,-0.4962888,0.2193618
0.7666671,-1.2280922,-15.239671,0.117476,0.8308178,0.26584077,0.474626
0.9848743,-0.50282127,-14.956246,0.6501199,0.5316905,-0.49662268,0.21912414
0.767065,-1.2301431,-15.240564,0.11936789,0.83011734,0.2662871,0.47512928
0.98516303,-0.50265443,-14.956796,0.6506408,0.53099084,-0.49680313,0.21886513
0.7691517,-1.2319226,-15.241339,0.12083492,0.8296063,0.26641694,0.47557798
0.98488677,-0.5030512,-14.957338,0.6511758,0.5304769,-0.49668345,0.21879186
0.7691198,-1.2333378,-15.241955,0.1215743,0.8294168,0.2665101,0.47566783
0.9846318,-0.50396836,-14.95784,0.6516296,0.5300094,-0.49652463,0.2189343
0.76909405,-1.2344795,-15.242451,0.12211729,0.829329,0.26643255,0.47572535
0.9849267,-0.5053131,-14.958289,0.6520558,0.5296171,-0.4962895,0.21914783
0.7708147,-1.2354742,-15.242884,0.122375086,0.8292734,0.26641065,0.47576812
0.98468566,-0.5065669,-14.958708,0.65241057,0.52933294,-0.49605992,0.21929839
0.77048993,-1.2362648,-15.243228,0.12248128,0.8292277,0.26623,0.4759217
0.98443455,-0.50673693,-14.959145,0.65251464,0.52927697,-0.49609265,0.21904932
0.7719664,-1.2351861,-15.243521,0.122551665,0.82910377,0.26602685,0.47623295
0.9841811,-0.506299,-14.959584,0.65248203,0.5293465,-0.496212,0.21870796
0.77321285,-1.2360864,-15.243769,0.12251437,0.8289828,0.26593554,0.47650427
0.98392737,-0.5058606,-14.960025,0.6525185,0.5293248,-0.49630728,0.2184355
0.77425116,-1.2368363,-15.243975,0.122639015,0.82880217,0.26585227,0.47683242
0.98434263,-0.5054516,-14.960435,0.6524769,0.52939016,-0.49635562,0.21829161
0.77510655,-1.2374542,-15.244145,0.122689806,0.82855743,0.26591954,0.47720715
0.98409086,-0.50570893,-14.960179,0.65248215,0.52948844,-0.4962188,0.21834826
0.77580494,-1.2379586,-15.244285,0.12267821,0.82846373,0.26596245,0.47734892
0.98445576,-0.50711507,-14.959953,0.6525845,0.52950984,-0.4959623,0.21857317
0.77637064,-1.2383672,-15.244397,0.122726545,0.82825655,0.26618028,0.47757456
0.984222,-0.5072505,-14.95975,0.6526381,0.52961856,-0.49578452,0.21855327
0.7768262,-1.2386961,-15.244488,0.12266739,0.82809305,0.26633197,0.4777886
0.9840128,-0.50737166,-14.959569,0.6526995,0.52968633,-0.49566978,0.21846591
0.7792978,-1.2389718,-15.244564,0.122766584,0.82790184,0.2663119,0.4781056
0.98381525,-0.5069551,-14.959929,0.65274745,0.52969545,-0.49569046,0.21825318
0.77915007,-1.2371917,-15.24462,0.12242346,0.8278907,0.26633477,0.47820008
0.9841553,-0.50656646,-14.960265,0.65271825,0.5297021,-0.495793,0.21809128
0.78109884,-1.2377892,-15.244667,0.122464895,0.8276875,0.26657596,0.4784068
0.98447704,-0.5061987,-14.960583,0.6526753,0.52971506,-0.495893,0.21796153
0.7786162,-1.236267,-15.244702,0.12203575,0.8277495,0.26670873,0.47833523
0.9842675,-0.50636697,-14.960369,0.652705,0.52980894,-0.49578118,0.21789847
0.78047884,-1.236986,-15.244728,0.12212828,0.8274589,0.26689672,0.47870937
0.9840787,-0.50699216,-14.960177,0.6527807,0.52978337,-0.4956982,0.21792264
0.7800801,-1.2362756,-15.244763,0.122003175,0.82711214,0.2672773,0.479128
0.98368555,-0.50773984,-14.960815,0.65274197,0.52954215,-0.4960536,0.21781613
0.78148574,-1.2352495,-15.244777,0.12197401,0.8270174,0.26714587,0.47937226
0.98403436,-0.50835997,-14.960577,0.652771,0.5291849,-0.4963784,0.21785751
0.7826837,-1.2343751,-15.244787,0.12191188,0.8270596,0.2670868,0.47934812
0.98434746,-0.50841635,-14.960363,0.6527193,0.52888954,-0.49673572,0.21791522
0.78369284,-1.2336385,-15.244796,0.12180972,0.8271586,0.26700756,0.4792474
0.9846295,-0.5079917,-14.960647,0.65265733,0.5286521,-0.4971173,0.21780716
0.78453463,-1.233024,-15.244804,0.12174516,0.8271964,0.26691684,0.47924897
0.9848842,-0.5080599,-14.96045,0.6526752,0.52842915,-0.49729556,0.21788721
0.7873679,-1.2336034,-15.244816,0.12146726,0.8272694,0.26705524,0.47911644
0.9849164,-0.5085885,-14.960113,0.6528494,0.5281631,-0.49729487,0.21801206
0.787527,-1.2348279,-15.24482,0.12140131,0.8272554,0.26736152,0.47898653
0.98512316,-0.5090102,-14.959966,0.6528878,0.5280569,-0.49731308,0.21811266
0.78764915,-1.2375249,-15.243066,0.12150382,0.82713604,0.2678084,0.4789171
0.98531175,-0.5093946,-14.959832,0.65295905,0.5280051,-0.4972137,0.21825151
0.7860741,-1.2379488,-15.241703,0.12153679,0.82719517,0.26793024,0.47873828
0.985484,-0.50904685,-14.96006,0.65296793,0.5279963,-0.49731126,0.21802399
0.7867016,-1.2370383,-15.242632,0.12159138,0.8275449,0.26787996,0.47814775
0.98610747,-0.5093942,-14.959822,0.65320224,0.52779895,-0.49728072,0.2178694
0.78549236,-1.2374741,-15.24296,0.12173341,0.8277503,0.26773354,0.47783795
0.9862304,-0.5093957,-14.960016,0.6533815,0.5274304,-0.49762383,0.21744022
0.7845146,-1.2364664,-15.243225,0.1217353,0.82791317,0.26757205,0.47764567
0.9863499,-0.509698,-14.959905,0.65355545,0.52702326,-0.4979165,0.21723488
0.78242517,-1.2356446,-15.243443,0.121648304,0.8281055,0.26746106,0.47739667
0.9864856,-0.5103939,-14.959779,0.65370053,0.52666885,-0.4981102,0.2172139
0.78316194,-1.2361963,-15.243621,0.12165522,0.8281719,0.2673603,0.4773362
0.9866099,-0.5103608,-14.959664,0.653679,0.52636397,-0.49859187,0.21691251
0.78260636,-1.2366534,-15.243769,0.12164228,0.8283275,0.26713833,0.47719386
0.9867525,-0.51111996,-14.959532,0.6537148,0.52585393,-0.49909043,0.21689485
0.7821426,-1.2359272,-15.242784,0.12162078,0.8284629,0.2669523,0.47706825
0.986899,-0.5114726,-14.959395,0.65375715,0.5253574,-0.49960804,0.21677867
0.7824229,-1.2348005,-15.242256,0.12158736,0.82858187,0.26653925,0.47710112
0.98754257,-0.5113049,-14.95916,0.653776,0.52446926,-0.5007498,0.21623762
0.7820434,-1.2343609,-15.242511,0.12152266,0.82866895,0.26637706,0.47705704
0.98814243,-0.5121644,-14.959027,0.65383047,0.52407235,-0.5010765,0.21627812
0.7826208,-1.2339847,-15.242729,0.121533014,0.8286964,0.26622954,0.47708893
0.9886841,-0.5115844,-14.958907,0.6536477,0.5238089,-0.5017293,0.21595533
0.78311783,-1.2336608,-15.242916,0.12148266,0.8287131,0.26607484,0.47715905
0.9891745,-0.5110593,-14.958798,0.6535787,0.5234688,-0.5023227,0.21560912
0.78273356,-1.2333806,-15.24308,0.121412046,0.82874024,0.2659584,0.47719488
0.989629,-0.51140577,-14.958697,0.65348107,0.5232143,-0.5026566,0.21574435
0.7831731,-1.2331368,-15.243221,0.12141902,0.8287681,0.26582593,0.47721866
0.9896465,-0.511324,-14.958605,0.6534556,0.5230028,-0.5030256,0.21547438
0.7828221,-1.232924,-15.243345,0.12137471,0.8287996,0.2656978,0.4772465
0.9900427,-0.51086926,-14.95852,0.6532433,0.52281284,-0.50363195,0.21516244
0.78251415,-1.2327372,-15.243453,0.12129426,0.82882804,0.2656546,0.4772416
0.99050915,-0.5117324,-14.958421,0.653285,0.5225948,-0.50367534,0.21546352
0.78224283,-1.2325726,-15.243547,0.121220015,0.82885855,0.2655696,0.47725478
0.9909346,-0.5111791,-14.958777,0.65311134,0.52254736,-0.5040632,0.21519771
0.7820029,-1.2324271,-15.243632,0.12116721,0.82886255,0.2655571,0.47726816
0.99191254,-0.5110865,-14.958654,0.65292776,0.52251303,-0.50429666,0.2152918
0.781037,-1.2321827,-15.244344,0.12112591,0.82888407,0.26557976,0.47722867
0.9922319,-0.51201004,-14.958981,0.65282243,0.52288294,-0.5037498,0.21599188
0.7803588,-1.23208,-15.244911,0.12113784,0.82885253,0.265631,0.47725192
0.9920975,-0.51244396,-14.959418,0.6528633,0.52335334,-0.5030699,0.21631368
0.78026396,-1.2325009,-15.244907,0.121191345,0.82879364,0.2657535,0.47727227
0.99197674,-0.5122671,-14.959811,0.65281725,0.523787,-0.5025915,0.21651462
0.7796911,-1.232392,-15.245391,0.12119653,0.82876194,0.26581058,0.47729433
0.9918689,-0.511571,-14.960162,0.652732,0.524181,-0.5023134,0.21646358
0.7801009,-1.2327569,-15.245364,0.121244796,0.8286756,0.26591855,0.47737178
0.9917664,-0.51253444,-14.960495,0.6528547,0.52442354,-0.5017654,0.21677682
0.7800314,-1.2326468,-15.245339,0.1212361,0.82860434,0.26602882,0.47743633
0.9916655,-0.51291764,-14.960823,0.65283805,0.52469105,-0.50144476,0.2169215
0.7803864,-1.232547,-15.245317,0.12123227,0.82850105,0.2661251,0.4775627
0.9910386,-0.51165044,-14.961117,0.6527704,0.5249456,-0.5013512,0.21672569
0.78070897,-1.2328534,-15.245297,0.12126007,0.8283463,0.266301,0.47772604
0.99047637,-0.5115334,-14.961381,0.65277725,0.52512455,-0.5011506,0.2167355
0.7810083,-1.2331378,-15.245278,0.12128922,0.828151,0.26650766,0.477942
0.98997056,-0.51191235,-14.961133,0.6527603,0.5253055,-0.5009519,0.2168075
0.78132224,-1.2330161,-15.245259,0.12127117,0.82791615,0.26673526,0.4782264
0.98997426,-0.51225424,-14.96137,0.6527327,0.52539665,-0.5008432,0.21692048
0.7816492,-1.2328894,-15.24524,0.1212237,0.8276409,0.26699382,0.47857058
0.9904148,-0.5116893,-14.961585,0.6525753,0.52553725,-0.50092316,0.21686898
0.7819744,-1.233241,-15.24522,0.121084034,0.82720745,0.26739857,0.47912902
0.990399,-0.51159227,-14.96178,0.65246433,0.52565956,-0.500923,0.21690667
0.7823341,-1.233074,-15.245753,0.12088838,0.826716,0.26770237,0.47985646
0.9907791,-0.5111096,-14.961957,0.65231526,0.5257868,-0.5009822,0.21690987
0.7834418,-1.2335672,-15.246377,0.120835364,0.82615036,0.26804972,0.4806494
0.9907507,-0.5110446,-14.962118,0.6522002,0.5258753,-0.501007,0.21698405
0.7881222,-1.2318552,-15.247952,0.11912249,0.82338864,0.26996022,0.4847294
0.99144477,-0.5105303,-14.962427,0.6517075,0.5252196,-0.50252175,0.21654941
0.7906501,-1.2316583,-15.248803,0.11858018,0.8222968,0.27069896,0.4863012
0.9923312,-0.51095414,-14.962609,0.65151256,0.524851,-0.50318897,0.21648023
0.7954732,-1.2296984,-15.252012,0.11718012,0.82088727,0.27111405,0.4887843
0.994279,-0.5096753,-14.963008,0.650998,0.52405536,-0.5047987,0.2162077
0.79953164,-1.228012,-15.25428,0.11645218,0.82022506,0.27118522,0.490029
0.9953465,-0.50965875,-14.963227,0.6507898,0.5235092,-0.50562054,0.21623765
0.8067812,-1.2252706,-15.257968,0.11569665,0.81905335,0.2713301,0.49208325
0.99849176,-0.5089394,-14.963693,0.65028393,0.52253234,-0.5071428,0.21655707
0.80917484,-1.2242126,-15.259391,0.11538496,0.818613,0.2714317,0.4928325
1.0006131,-0.5089918,-14.963941,0.6500156,0.52211684,-0.50779915,0.21682666
0.8135247,-1.2233479,-15.260554,0.11504267,0.81807905,0.27157494,0.4937195
1.0015651,-0.50904137,-14.964177,0.649824,0.5217601,-0.50823367,0.21724139
0.81693935,-1.2201673,-15.261467,0.114724614,0.81759113,0.2714965,0.4946441
1.0037038,-0.507904,-14.965599,0.6495519,0.5214347,-0.50877047,0.21757935
0.8195393,-1.2203208,-15.262161,0.11443709,0.8171455,0.27158517,0.49539784
1.0044107,-0.50809926,-14.965661,0.64939994,0.5211446,-0.5090771,0.21801044
0.8215066,-1.2177751,-15.265349,0.1141246,0.81685954,0.27127036,0.49611336
1.0050501,-0.5070122,-14.966981,0.6492771,0.52081335,-0.50944686,0.21830389
0.82030094,-1.2159845,-15.267591,0.11384327,0.816628,0.27122167,0.4965856
1.0056238,-0.50603664,-14.968165,0.6490465,0.5205265,-0.50984794,0.2187373
0.8194361,-1.2147001,-15.2692,0.113722645,0.8163073,0.27122286,0.4971396
1.0061332,-0.50651205,-14.969216,0.6489964,0.52015674,-0.51008946,0.219202
0.81880784,-1.213767,-15.270369,0.11367422,0.8160057,0.27110487,0.49770993
1.0065818,-0.50555766,-14.970142,0.64885277,0.5197134,-0.5106172,0.21945006
0.82091427,-1.2130576,-15.271257,0.11373861,0.8156739,0.27082193,0.4983926
1.006973,-0.5061223,-14.970949,0.64873487,0.51920027,-0.51104844,0.22000845
0.82612455,-1.214044,-15.269811,0.11402326,0.81416136,0.27072385,0.50084794
1.0119591,-0.50862086,-14.970786,0.6477683,0.51708126,-0.51368076,0.2217099
0.8315393,-1.2132443,-15.268233,0.11405261,0.81316954,0.27063513,0.5024977
1.0164888,-0.50876325,-14.969972,0.64690316,0.51543415,-0.5159676,0.22275868
0.8355561,-1.2126511,-15.267063,0.11408317,0.81270206,0.270434,0.50335467
1.0224375,-0.50706196,-14.969232,0.64581066,0.5140884,-0.5183302,0.22355191
0.8413624,-1.2122073,-15.266189,0.11408274,0.81235474,0.27002066,0.50413674
1.0274836,-0.5075371,-14.966685,0.6450054,0.51270723,-0.5203974,0.22424495
0.8456055,-1.2089939,-15.265549,0.114129454,0.8122994,0.26944828,0.5045215
1.0316899,-0.5079332,-14.964562,0.64439225,0.51162493,-0.52210873,0.22450183
0.84861344,-1.2096441,-15.265096,0.114135705,0.81217253,0.26927808,0.5048151
1.0351354,-0.5082576,-14.962824,0.6437348,0.5107846,-0.5236284,0.22476204
0.8506643,-1.2072163,-15.261916,0.11402841,0.8120314,0.26906916,0.5051776
1.0379144,-0.50851935,-14.961422,0.64334387,0.5101442,-0.5247246,0.2247792
0.854999,-1.2083917,-15.259673,0.114229344,0.8117448,0.26892132,0.50567126
1.0424107,-0.5065076,-14.960276,0.64271194,0.5095955,-0.5260811,0.22466113
0.8551385,-1.2036049,-15.258156,0.11373232,0.8117619,0.2685227,0.5059676
1.0436486,-0.50719166,-14.95939,0.64239675,0.5091184,-0.5269676,0.22456643
0.85811526,-1.2029802,-15.259921,0.1135974,0.81139505,0.26831093,0.50669825
1.046955,-0.50773555,-14.958685,0.64191985,0.50888085,-0.52772784,0.22468333
0.85735875,-1.2025601,-15.25835,0.11367498,0.81111175,0.2680675,0.5072629
1.0471368,-0.50586295,-14.95816,0.64174736,0.5086032,-0.5284028,0.22421807
0.8596037,-1.2022569,-15.257218,0.11366466,0.8106695,0.26774108,0.50814384
1.047274,-0.50670254,-14.957765,0.6416184,0.50836194,-0.52887535,0.22401999
0.8612104,-1.2020401,-15.256408,0.1137067,0.81028855,0.26726073,0.50899416
1.0496918,-0.505051,-14.957454,0.64136016,0.50817454,-0.52949494,0.2237207
0.86533964,-1.1989383,-15.258749,0.113452464,0.8099623,0.26669335,0.50986713
1.0515633,-0.50377274,-14.957213,0.6411295,0.5081595,-0.52995646,0.22332299
0.8652651,-1.1939335,-15.260346,0.11299761,0.8098427,0.2658842,0.5105801
1.050658,-0.5028437,-14.957038,0.6409215,0.50824606,-0.53020126,0.22314197
0.8681798,-1.1873702,-15.261494,0.11148625,0.8103044,0.26121962,0.5125837
1.0546362,-0.5021078,-14.954552,0.63982415,0.5077661,-0.532528,0.22183904
0.8702348,-1.1827428,-15.262302,0.111053474,0.8106738,0.259181,0.51312804
1.0577263,-0.50153625,-14.952622,0.6394448,0.5072765,-0.53374624,0.22112398
0.87166256,-1.1795279,-15.262864,0.11105654,0.8108998,0.25833943,0.5131947
1.0601012,-0.50109696,-14.953613,0.6394293,0.5067707,-0.5345394,0.22041175
0.8696529,-1.1774334,-15.26323,0.1113446,0.8111196,0.25805506,0.51292795
1.0618464,-0.49587244,-14.954342,0.63935274,0.5065104,-0.5352749,0.21944524
0.8682988,-1.1760222,-15.263476,0.111774124,0.8114271,0.2580496,0.51235056
1.0607489,-0.4968352,-14.954861,0.6397449,0.50603944,-0.53531563,0.21928933
0.86420196,-1.1861318,-15.263754,0.11380879,0.8123793,0.25942698,0.50969124
1.0572242,-0.5001902,-14.955513,0.6406355,0.5057072,-0.5347172,0.21891549
0.8619818,-1.187601,-15.263832,0.1147316,0.8130834,0.25997418,0.5080802
1.0572474,-0.5001141,-14.95775,0.6408861,0.50572246,-0.53461456,0.21839684
0.8580853,-1.1909658,-15.263887,0.11564656,0.81371343,0.26054585,0.5065691
1.0553321,-0.5000571,-14.959426,0.641228,0.5057883,-0.534423,0.21770851
0.8552786,-1.1955973,-15.263927,0.11648714,0.814267,0.26103383,0.50523394
1.0538784,-0.50185,-14.960698,0.64154893,0.50584775,-0.53396046,0.21775964
0.8532248,-1.196889,-15.263957,0.11697128,0.81475574,0.26136112,0.5041639
1.0527612,-0.5049723,-14.961676,0.64181465,0.5060324,-0.5334143,0.21788631
0.84970677,-1.1978483,-15.263978,0.11733713,0.8152191,0.2617607,0.5031215
1.0518924,-0.50740016,-14.962436,0.64192206,0.5064862,-0.5328881,0.217803
0.84705746,-1.2004638,-15.263994,0.11792325,0.81546175,0.26219743,0.5023632
1.0512094,-0.50773466,-14.963033,0.6418923,0.5069563,-0.5325736,0.21756601
0.8450363,-1.2024592,-15.264007,0.11829154,0.8157346,0.26248595,0.5016825
1.0506668,-0.5080005,-14.963508,0.6419434,0.5074887,-0.53221065,0.21706186
0.84176695,-1.2040001,-15.264016,0.11852183,0.8159542,0.26277798,0.5011178
1.0488107,-0.5067929,-14.963889,0.6419123,0.5081255,-0.53188634,0.21645802
0.8392132,-1.2035806,-15.264024,0.11868027,0.8161253,0.2629102,0.50073224
1.0459584,-0.50581527,-14.964198,0.64187056,0.5088196,-0.53149724,0.21590617
0.8387386,-1.2063334,-15.262487,0.11887651,0.81618434,0.26314765,0.50046456
1.0461937,-0.5050169,-14.96445,0.641605,0.5095439,-0.5313461,0.21535882
0.8383602,-1.2070642,-15.261263,0.11899048,0.8161788,0.26335606,0.5003369
1.0451692,-0.5031415,-14.963439,0.6413391,0.5103792,-0.53116024,0.21462986
0.8380554,-1.2076526,-15.260276,0.118828304,0.81608236,0.2637176,0.5003424
1.0443193,-0.5015857,-14.9626,0.6409705,0.5114475,-0.5308917,0.21385112
0.8417739,-1.2081306,-15.259475,0.11824659,0.81508005,0.26450017,0.5016992
1.0447085,-0.50028557,-14.959701,0.64002824,0.51308596,-0.5309548,0.21258834
0.8435647,-1.2072663,-15.258818,0.11770493,0.8142341,0.2650814,0.50289184
1.045036,-0.49710298,-14.958305,0.639272,0.51432216,-0.5311862,0.21129426
0.8462368,-1.2077457,-15.258275,0.11731821,0.81344235,0.2655446,0.5040179
1.044321,-0.49639234,-14.957124,0.63882625,0.51525515,-0.53109723,0.2105918
0.8484602,-1.2081445,-15.257824,0.1169544,0.8127214,0.2659795,0.5050353
1.0446545,-0.49484435,-14.956118,0.63843966,0.5159517,-0.53116167,0.20989512
0.85140014,-1.207402,-15.257445,0.11660832,0.81209946,0.26633987,0.505925
1.0440449,-0.493518,-14.955255,0.63819194,0.51649344,-0.53116184,0.20931496
0.8528573,-1.2067757,-15.257127,0.11623664,0.8115547,0.2667008,0.5066941
1.0435196,-0.4923753,-14.954513,0.63800806,0.51693505,-0.53110856,0.20892029
0.8540942,-1.2072157,-15.256856,0.11587226,0.8109805,0.2670698,0.50750184
1.0430648,-0.49219403,-14.953869,0.6379139,0.5172387,-0.53096795,0.2088136
0.8551505,-1.2066683,-15.257548,0.1154045,0.8103748,0.26750162,0.50834787
1.0419014,-0.49203625,-14.954077,0.6378663,0.51749355,-0.53082705,0.20868593
0.85704666,-1.2061687,-15.258179,0.11497417,0.80977,0.2679802,0.5091562
1.0416136,-0.49116898,-14.954259,0.637728,0.51771533,-0.5308081,0.20860654
0.85786617,-1.2056947,-15.258779,0.11455882,0.80922866,0.2684876,0.5098428
1.0406682,-0.4904076,-14.954418,0.63768095,0.51784575,-0.53077704,0.20850568
0.8597641,-1.2052237,-15.259374,0.11418005,0.80859494,0.26903936,0.51064175
1.0398347,-0.4890782,-14.954559,0.6376031,0.5179831,-0.5308046,0.20833232
0.86037624,-1.2059021,-15.2599125,0.11390892,0.80803186,0.26977345,0.5112061
1.0390973,-0.48915237,-14.954683,0.6375948,0.5180397,-0.53076917,0.20830715
0.8621489,-1.2065487,-15.260425,0.11372274,0.8073914,0.27053088,0.5118589
1.0384423,-0.48921826,-14.954794,0.6375641,0.5180495,-0.5308125,0.20826657
0.862516,-1.20712,-15.260879,0.11360127,0.80678636,0.27137718,0.5123914
1.0378584,-0.489277,-14.954892,0.6375764,0.5180081,-0.53087276,0.20817822
0.86413306,-1.2076517,-15.261301,0.11365796,0.8061255,0.2722432,0.51295924
1.0373362,-0.4893295,-14.954981,0.6375815,0.5179685,-0.53090364,0.20818208
0.86561006,-1.2081375,-15.261687,0.1136576,0.8054085,0.27324438,0.513553
1.0373772,-0.4893766,-14.955059,0.6374822,0.5179645,-0.5310391,0.2081508
0.87173945,-1.2117274,-15.260517,0.11435395,0.8036639,0.27553856,0.5149039
1.037898,-0.489419,-14.954646,0.637193,0.5180778,-0.5311602,0.20844498
0.8756529,-1.2116218,-15.261143,0.114235826,0.80206746,0.27688873,0.51669204
1.0383677,-0.48945725,-14.954733,0.6369912,0.51794714,-0.5314212,0.20872104
0.87909627,-1.2133399,-15.261693,0.11414131,0.8007777,0.27794743,0.51814306
1.0387927,-0.48949182,-14.954811,0.636776,0.5178245,-0.53170353,0.2089631
0.8820379,-1.2148076,-15.262162,0.114023395,0.79991364,0.27844945,0.51923287
1.0387633,-0.48952317,-14.954469,0.63663125,0.5177342,-0.5318817,0.20917428
0.8844918,-1.216032,-15.262554,0.11395699,0.79930365,0.27834386,0.5202424
1.0391357,-0.48915255,-14.954552,0.6363448,0.51754373,-0.5323466,0.20933437
0.8864405,-1.2130343,-15.262865,0.1135889,0.79900914,0.27790707,0.5210083
1.0390899,-0.48877117,-14.954638,0.6361291,0.5173609,-0.5327351,0.20945345
0.890162,-1.2126194,-15.263125,0.11342795,0.7987155,0.2776376,0.5216369
1.0395209,-0.48836356,-14.954729,0.6358673,0.5172243,-0.53310984,0.20963237
0.89099026,-1.2122915,-15.263331,0.11304277,0.79864943,0.27744073,0.5219264
1.0394533,-0.48845235,-14.954813,0.6357057,0.51708525,-0.5333348,0.20989309
0.8916416,-1.2120336,-15.263494,0.11269724,0.79851604,0.2773807,0.522237
1.0393916,-0.4885334,-14.954889,0.63558066,0.5169386,-0.53353095,0.21013458
0.89436954,-1.211826,-15.265827,0.11234386,0.7983117,0.27720135,0.5227205
1.0397766,-0.48861125,-14.954962,0.63537717,0.51677865,-0.53384316,0.21035045
0.8965239,-1.2116622,-15.265411,0.11207117,0.7981418,0.27709448,0.523095
1.0401888,-0.48819596,-14.95504,0.63512737,0.5166678,-0.53419137,0.21049304
0.8981753,-1.2092742,-15.265094,0.11164547,0.7979985,0.27693823,0.5234873
1.0406222,-0.48775926,-14.955122,0.63493884,0.51655287,-0.5344937,0.21057609
0.90185046,-1.2097291,-15.26484,0.11152221,0.7975988,0.27706856,0.5240535
1.0410305,-0.48790073,-14.9552,0.6348066,0.5164434,-0.53475165,0.21058875
0.9022587,-1.2077446,-15.264652,0.11121999,0.79734856,0.2771401,0.5244605
1.0414169,-0.48803455,-14.955274,0.6345628,0.5164387,-0.53500247,0.21069786
0.90256494,-1.2062562,-15.264511,0.11109289,0.79700667,0.277467,0.5248341
1.0412208,-0.48759416,-14.955345,0.63441414,0.51648784,-0.53515637,0.21063434
0.90279055,-1.2029369,-15.264407,0.11087607,0.7966911,0.27752954,0.5253258
1.0416412,-0.48714232,-14.954796,0.6342061,0.5165537,-0.5354007,0.21047825
0.90526193,-1.202598,-15.264325,0.11085369,0.79633176,0.2778458,0.52570814
1.0420674,-0.4866842,-14.95424,0.6340245,0.5166142,-0.53556347,0.21046288
0.9110404,-1.2038735,-15.261824,0.11079796,0.79531616,0.27879468,0.52675384
1.042161,-0.48579863,-14.953164,0.6339,0.5172815,-0.53520846,0.2101015
0.91155833,-1.2032955,-15.2600155,0.11058881,0.7949831,0.27907994,0.5271494
1.0411748,-0.48611766,-14.952709,0.6340838,0.51762503,-0.53471017,0.20996952
0.914381,-1.2028472,-15.258614,0.11063108,0.7945953,0.27930716,0.52760476
1.0416334,-0.48573154,-14.952299,0.6340659,0.51785433,-0.5345471,0.20987338
0.91653556,-1.2025051,-15.257544,0.11047267,0.7942784,0.2796629,0.5279264
1.042053,-0.48604077,-14.951925,0.634091,0.5179657,-0.5343668,0.20998187
0.91569954,-1.2022607,-15.259154,0.11036511,0.79402894,0.27987933,0.52820945
1.04244,-0.48632595,-14.951579,0.6339805,0.5179669,-0.5344342,0.21014093
0.9150885,-1.2020822,-15.260331,0.11044845,0.79388946,0.27999556,0.52834004
1.0428302,-0.48590344,-14.95123,0.63390934,0.51786953,-0.5346084,0.21015218
0.91941935,-1.2043483,-15.261265,0.11074583,0.79353136,0.2801635,0.5287266
1.0431876,-0.4862187,-14.9509115,0.63379717,0.5177162,-0.5348181,0.21033509
0.9179278,-1.2036743,-15.26193,0.110774025,0.79364395,0.28025112,0.5285052
1.044264,-0.48652303,-14.950603,0.6336406,0.5175049,-0.5351141,0.21057393
0.91908807,-1.2031566,-15.262442,0.110887855,0.79356253,0.28027833,0.5285891
1.0445442,-0.4860435,-14.9503,0.63341385,0.5173093,-0.535487,0.21078809
0.9199657,-1.2050595,-15.262828,0.11129905,0.79360014,0.28027135,0.52844995
1.045619,-0.48639432,-14.950011,0.6332145,0.516999,-0.5359072,0.21108058
0.91842055,-1.2064357,-15.263107,0.11171035,0.7937712,0.28026778,0.52810806
1.0457869,-0.4866996,-14.950527,0.63307047,0.51663595,-0.53630066,0.21140201
0.91806436,-1.2065675,-15.263479,0.112214595,0.7942675,0.27966627,0.5275735
1.0476921,-0.4865385,-14.9506645,0.6326,0.5158953,-0.53729945,0.2120818
0.91706955,-1.2074912,-15.263597,0.11250014,0.794549,0.279356,0.52725327
1.048619,-0.48596817,-14.950299,0.6323774,0.5155185,-0.53780156,0.21238902
0.91822416,-1.2082286,-15.26369,0.11262821,0.79482216,0.27900642,0.5269992
1.0495242,-0.48541138,-14.949943,0.6320831,0.5151745,-0.5383374,0.21274169
0.92119163,-1.2068212,-15.261753,0.11189854,0.79374474,0.279678,0.52842057
1.0515796,-0.48484448,-14.948445,0.63138986,0.5155907,-0.53863245,0.21304491
0.9258463,-1.2056339,-15.2601185,0.1114691,0.7927052,0.28027555,0.5297536
1.0522982,-0.48431537,-14.947047,0.6308826,0.5160534,-0.53870416,0.21324603
0.92732555,-1.2047011,-15.258834,0.11114876,0.79188305,0.28067914,0.5308356
1.0529587,-0.48382887,-14.945763,0.63046646,0.51653856,-0.53870404,0.2133024
0.9308027,-1.2039458,-15.257794,0.11093196,0.79105735,0.2810968,0.5318901
1.0549548,-0.48336902,-14.944549,0.6300966,0.5169266,-0.5387018,0.21346076
0.933528,-1.2056956,-15.256979,0.1108555,0.7902952,0.2814623,0.5328449
1.0553106,-0.48151842,-14.943458,0.6297759,0.51737684,-0.5386629,0.21341482
0.9356371,-1.2046537,-15.256349,0.11077184,0.78975797,0.28166357,0.53355193
1.0556257,-0.47987965,-14.942491,0.62956905,0.5177416,-0.53859544,0.21331058

