ICVP Direct Stim Program 4.0.1+v4.0.1 - RelativeLocations
Updated at: 2022-08-22--20-14-45
Subject ID: CKT
Tester ID: kstipp
Direct Stimulation Input from the UI

UserID ; Time ; Electrodes ; Frequency (Hz) ; Cathodic Phase Duration (us) ; Train Length (ms) ; Duty On (ms); Duty Off (ms) ; Inter-train Length (ms) ; Amplitude (uA) ; Sent to Gateway ; Response ; Response Latency (ms) ; Response Duration (ms) ; Comments
kstipp ; 2022-08-22--20-14-45 ; 1C03 , 1C03-1C00 ; 200 ; 200 ; 1000 ; 1000 ; 0 ; 0 ; 40 ; True ;  ;  ;  ; unsure

Position t,Position u,Position v,Orientation w,Orientation x,Orientation y,Orientation z
0.6447478,-1.3106823,-15.200001,0.12811832,0.82284325,0.31727305,0.45370975
0.8501197,-0.5068501,-14.927227,0.6814331,0.5098651,-0.51825255,0.08426652
0.6464104,-1.3103735,-15.200576,0.12808733,0.8226088,0.31724083,0.45416588
0.85221994,-0.50721383,-14.927284,0.6811904,0.50968415,-0.51871675,0.08446675
0.6470575,-1.3100934,-15.2010975,0.12799205,0.82239896,0.31723773,0.45457488
0.8526803,-0.50752866,-14.927334,0.6810467,0.5095367,-0.5190404,0.0845267
0.64850205,-1.3098395,-15.20157,0.12792127,0.82218647,0.31720963,0.45499852
0.8544807,-0.50920063,-14.927377,0.68097067,0.50945854,-0.5191541,0.08491176
0.6506656,-1.3096094,-15.201998,0.127888,0.82196325,0.31716096,0.45544493
0.85462326,-0.5078634,-14.927414,0.68077713,0.5095725,-0.5192951,0.08491802
0.65178245,-1.3093998,-15.202388,0.12779304,0.82176805,0.31707588,0.45588285
0.8561486,-0.50809354,-14.927447,0.68067586,0.5095989,-0.51934123,0.08528819
0.6528008,-1.3092088,-15.202744,0.12770152,0.8215637,0.31699395,0.4563335
0.8560514,-0.5082895,-14.927474,0.6808186,0.50952154,-0.5191979,0.085484065
0.6537554,-1.3081502,-15.203076,0.12761344,0.8213617,0.31690517,0.4567832
0.857373,-0.50705296,-14.927498,0.68073136,0.50942415,-0.5193905,0.08558908
0.65550107,-1.3080679,-15.20338,0.12757981,0.82113874,0.3168532,0.45722932
0.8585201,-0.5074081,-14.927519,0.68075866,0.5093063,-0.51942945,0.08583584
0.65686834,-1.3070204,-15.203911,0.12740749,0.82081014,0.31665352,0.4580052
0.8577035,-0.50658154,-14.92755,0.68081963,0.50928175,-0.51936185,0.085906655
0.65655935,-1.3061266,-15.204146,0.12726597,0.8206935,0.3165236,0.45834315
0.8573891,-0.5069861,-14.927563,0.68082,0.50929534,-0.51932555,0.08604295
0.65721023,-1.305299,-15.204365,0.1271683,0.820571,0.3163967,0.45867705
0.85712147,-0.5073303,-14.927573,0.6807975,0.50933766,-0.51927584,0.086269654
0.65685713,-1.3045446,-15.204564,0.12708946,0.82047457,0.31626415,0.45896268
0.85689914,-0.5063149,-14.928884,0.6807497,0.5093378,-0.51934993,0.08620081
0.6574976,-1.3038511,-15.204747,0.1270377,0.82035273,0.31617793,0.45925424
0.85671073,-0.5054543,-14.928718,0.68068993,0.50943154,-0.5193174,0.086315006
0.65805715,-1.3041825,-15.205844,0.1270148,0.82023823,0.3161081,0.45951295
0.8565492,-0.50723857,-14.9285755,0.68075365,0.50940615,-0.5192072,0.08662391
0.6585724,-1.3035314,-15.205898,0.12700315,0.8201456,0.31602857,0.45973632
0.8564096,-0.50752616,-14.9284525,0.68067217,0.5094902,-0.51921266,0.08673776
0.65903884,-1.302942,-15.206908,0.12696066,0.8200538,0.31592706,0.45998144
0.8575442,-0.50652057,-14.929603,0.6804653,0.5096384,-0.51935655,0.08662923
0.6594465,-1.3033603,-15.207791,0.12695108,0.8199483,0.31592184,0.46017575
0.8560946,-0.5068834,-14.9293585,0.68045646,0.50976175,-0.5192554,0.086579666
0.6598217,-1.3027939,-15.207652,0.12694891,0.81989837,0.3158067,0.46034428
0.8560205,-0.50603426,-14.929151,0.6803432,0.5098832,-0.5193158,0.08639142
0.65949035,-1.3008034,-15.207408,0.12701756,0.8199876,0.3153786,0.46045995
0.858151,-0.5068348,-14.928796,0.6801345,0.5095336,-0.5198561,0.08684608
0.65988165,-1.3004727,-15.207302,0.12709299,0.8199988,0.31518352,0.4605527
0.8590379,-0.50593984,-14.928648,0.6800208,0.50938046,-0.52014786,0.08688819
0.66023576,-1.3001735,-15.207206,0.12717178,0.8200267,0.3149957,0.46060982
0.85982597,-0.5063959,-14.928516,0.6799444,0.5092109,-0.5203992,0.08697532
0.6605556,-1.2999033,-15.207119,0.12728095,0.8200205,0.3148409,0.46069643
0.85927516,-0.5080001,-14.928405,0.6799817,0.5090126,-0.5205136,0.08715889
0.6608438,-1.2996597,-15.20704,0.1273538,0.82005686,0.3146654,0.46073157
0.8613183,-0.5081911,-14.928303,0.67984307,0.5087444,-0.52094036,0.087257005
0.661103,-1.2994406,-15.206969,0.12744462,0.820073,0.31451187,0.46078244
0.8618238,-0.5083588,-14.928213,0.6798418,0.50846946,-0.52120495,0.08728858
0.6602804,-1.2981851,-15.206906,0.12748536,0.82011425,0.31433764,0.46081674
0.8622651,-0.50980335,-14.928136,0.6799589,0.50812435,-0.5213453,0.08754806
0.66060644,-1.2981247,-15.206849,0.1275642,0.8201482,0.31414288,0.46086723
0.8626496,-0.5097543,-14.928068,0.679905,0.5076933,-0.5218292,0.087584406
0.6608973,-1.2980708,-15.206799,0.12766197,0.8201779,0.31398073,0.4608979
0.8643545,-0.5110697,-14.928007,0.6799045,0.5072983,-0.52220106,0.087661006
0.6601098,-1.2980239,-15.206754,0.1277404,0.8202374,0.31381613,0.46088222
0.86445856,-0.51084006,-14.927954,0.67984724,0.507044,-0.5225342,0.087591015
0.6604491,-1.297982,-15.206714,0.12783445,0.8202662,0.31363395,0.46092895
0.8645478,-0.51064306,-14.92791,0.6798653,0.5066542,-0.5228801,0.08764202
0.660747,-1.2979451,-15.207706,0.12792197,0.8202901,0.31344637,0.4609897
0.8659441,-0.507835,-14.9291935,0.67945105,0.5063222,-0.52374196,0.08762749
0.66100955,-1.2979127,-15.208582,0.12799655,0.8202779,0.31333548,0.4610661
0.8658282,-0.50936013,-14.928982,0.6794406,0.5058753,-0.5241399,0.08790927
0.6612328,-1.2988483,-15.208363,0.12809503,0.82026684,0.31325322,0.46111444
0.8657303,-0.5093711,-14.930081,0.6793444,0.5054821,-0.52461725,0.08806754
0.6604958,-1.298731,-15.209103,0.12816128,0.82027644,0.31313702,0.4611579
0.8656469,-0.50938046,-14.931017,0.67930454,0.5052034,-0.5249305,0.08810743
0.66169584,-1.2986248,-15.209773,0.12824339,0.82023036,0.3130565,0.46127152
0.8655753,-0.5106271,-14.931819,0.67931324,0.50483143,-0.52523524,0.088356316
0.6618448,-1.2985293,-15.210375,0.12829274,0.820208,0.31299523,0.46133915
0.86551356,-0.5117023,-14.932511,0.67928904,0.5045861,-0.52545714,0.08862383
0.6610712,-1.2984453,-15.209999,0.12831467,0.8201789,0.31294355,0.46141985
0.86672676,-0.51267296,-14.931868,0.6792106,0.5039518,-0.5261298,0.08884323
0.66127557,-1.2983692,-15.209659,0.12836498,0.82010204,0.31288505,0.46158212
0.8677694,-0.51099443,-14.932571,0.6789614,0.5034945,-0.5268935,0.08881418
0.66450256,-1.2963778,-15.210879,0.12829342,0.81977916,0.312724,0.4622842
0.87090975,-0.51306283,-14.931304,0.67871517,0.5020998,-0.52835107,0.08992675
0.6654023,-1.2954774,-15.2114315,0.12818998,0.819558,0.31259117,0.4627946
0.87286687,-0.5125344,-14.932172,0.6785623,0.5013454,-0.52919155,0.09034621
0.6662316,-1.2946475,-15.211941,0.12809785,0.81931114,0.31247795,0.46333337
0.8746007,-0.51352185,-14.9329405,0.6784154,0.50074095,-0.5298726,0.09080821
0.66699016,-1.2938883,-15.212407,0.12804115,0.8190718,0.31236044,0.46385103
0.87611806,-0.514386,-14.933613,0.6781873,0.5003813,-0.53042,0.09129731
0.66767925,-1.2931987,-15.21283,0.12797675,0.81883806,0.3122396,0.46436265
0.87895906,-0.51206416,-14.934193,0.6777423,0.50010085,-0.5312309,0.091423444
0.6683012,-1.2925763,-15.21321,0.12788491,0.8186288,0.31214997,0.46481693
0.87982714,-0.51319695,-14.934688,0.6776885,0.49967757,-0.53167015,0.09158297
0.670055,-1.2920127,-15.213556,0.12784499,0.8184215,0.3120169,0.46528217
0.8822137,-0.51418847,-14.935121,0.6775816,0.4993451,-0.5320721,0.09185273
0.6715634,-1.2926966,-15.213854,0.12785393,0.81822735,0.3119206,0.46568555
0.8825671,-0.5133907,-14.935478,0.6775376,0.49901083,-0.5324643,0.091721445
0.67292815,-1.2921115,-15.214122,0.1278433,0.8180001,0.31188607,0.46611053
0.882862,-0.51434577,-14.935777,0.67760086,0.49884546,-0.532522,0.09181841
0.67415357,-1.2915863,-15.214364,0.12777257,0.8178173,0.31185177,0.4664737
0.88310635,-0.51675254,-14.936025,0.67765355,0.498777,-0.5324375,0.09229043
0.6739851,-1.2911264,-15.214575,0.12760377,0.81766003,0.3118226,0.46681482
0.8849534,-0.51550496,-14.9362335,0.6773925,0.499096,-0.53248405,0.09221419
0.67647606,-1.2893757,-15.216094,0.12748656,0.81740326,0.31178084,0.46732414
0.88652885,-0.5161282,-14.936412,0.6772047,0.4994234,-0.53237224,0.092465915
0.6773097,-1.2891877,-15.216082,0.1274489,0.8171999,0.3117454,0.4677136
0.8878363,-0.5149468,-14.93656,0.6771182,0.49947742,-0.5324199,0.092533246
0.67940855,-1.2890223,-15.21607,0.12740587,0.8170034,0.31173572,0.4680749
0.8889338,-0.5156869,-14.936684,0.67711014,0.49950835,-0.53238255,0.09263996
0.6798415,-1.288881,-15.2174225,0.12731007,0.81686825,0.31166878,0.46838126
0.88984793,-0.5163034,-14.936787,0.67706484,0.4994983,-0.5324134,0.09284805
0.68160623,-1.2887574,-15.217217,0.12725712,0.81671315,0.3115781,0.46872643
0.8905905,-0.5150548,-14.936872,0.67699224,0.49942747,-0.532593,0.092727914
0.680399,-1.2886566,-15.218374,0.1271454,0.8166372,0.31147513,0.46895736
0.8895057,-0.5140846,-14.936937,0.67704,0.49922067,-0.53273064,0.09270284
0.6793973,-1.2885728,-15.219336,0.1270298,0.81654507,0.31140703,0.4691943
0.8886533,-0.5133222,-14.936989,0.6770363,0.49913734,-0.53281814,0.092675455
0.67852616,-1.2872211,-15.220171,0.1268999,0.8165104,0.3112753,0.46937728
0.889532,-0.5142772,-14.937032,0.6770187,0.49890465,-0.53302014,0.09289503
0.6783915,-1.2863076,-15.221524,0.12695257,0.81640995,0.31119898,0.46958822
0.88931614,-0.51436144,-14.937098,0.6769821,0.498022,-0.53388846,0.09291092
0.6783145,-1.2843131,-15.222558,0.12717022,0.8164853,0.3109426,0.4695681
0.89097154,-0.5169552,-14.937142,0.67697155,0.49671733,-0.5350298,0.09340588
0.67890114,-1.2834784,-15.22299,0.12731223,0.8165298,0.31082717,0.4695287
0.89482635,-0.51732016,-14.937161,0.67675596,0.49590915,-0.5360013,0.09369131
0.6794086,-1.2827563,-15.221994,0.12748022,0.8165932,0.31071365,0.46944806
0.89814574,-0.51589334,-14.937178,0.6765115,0.49519575,-0.53698283,0.09360937
0.67852026,-1.2847717,-15.221182,0.12774217,0.81667554,0.31067297,0.4692605
0.8991406,-0.51647645,-14.93719,0.67647296,0.49452826,-0.5376529,0.09357134
0.6790273,-1.2851902,-15.221752,0.12792379,0.8166946,0.3105932,0.4692305
0.89996415,-0.51695913,-14.9372015,0.6764823,0.49404496,-0.53804696,0.093791366
0.6782722,-1.2855369,-15.221049,0.12809418,0.816785,0.31047025,0.4691081
0.90254235,-0.519248,-14.93721,0.6763999,0.49320042,-0.5388599,0.09416248
0.6787586,-1.2869419,-15.220463,0.12845223,0.81681716,0.31035206,0.46903238
0.9046788,-0.5192091,-14.937219,0.6762078,0.49185294,-0.5403403,0.09410693
0.679167,-1.2870615,-15.219971,0.12876159,0.8168739,0.31017116,0.46896833
0.90643024,-0.52116406,-14.937224,0.676014,0.49022368,-0.54201114,0.094391435
0.68076265,-1.2882053,-15.2192,0.12922457,0.8169727,0.30988708,0.46885684
0.9127914,-0.5203427,-14.937235,0.67551297,0.48827,-0.54437387,0.09450835
0.6800142,-1.2881882,-15.218898,0.12933512,0.8170587,0.30973092,0.46877968
0.91500914,-0.5179188,-14.937239,0.6752757,0.48777103,-0.5451264,0.09444304
0.6802424,-1.288173,-15.218628,0.12946959,0.8170795,0.30966333,0.46875092
0.9146059,-0.5202528,-14.937241,0.6754616,0.48738748,-0.54515386,0.09493389
0.6806381,-1.2881467,-15.21816,0.12970997,0.81710124,0.3094246,0.46880415
0.91608554,-0.51938415,-14.937243,0.67541003,0.48720035,-0.54533243,0.09523486
0.6799453,-1.2881359,-15.217967,0.12980074,0.81707096,0.30946118,0.46880767
0.9175227,-0.5213817,-14.937244,0.67537045,0.48713338,-0.5453638,0.09567789
0.6810502,-1.2881258,-15.217788,0.12996984,0.81699735,0.30937713,0.4689447
0.92086536,-0.52302116,-14.937245,0.6753769,0.4870972,-0.5453547,0.095867835
0.6811845,-1.2872015,-15.217617,0.13000417,0.8169661,0.30933627,0.4690165
0.92129374,-0.5242947,-14.937247,0.67550313,0.48722592,-0.5450488,0.09606337
0.6822449,-1.2872818,-15.217461,0.12997974,0.8167533,0.3093121,0.46940964
0.9195491,-0.5231719,-14.937247,0.6754451,0.4882623,-0.5442053,0.0959927
0.6832242,-1.2873558,-15.217315,0.12996167,0.816428,0.30933982,0.4699618
0.91824687,-0.52429056,-14.937247,0.6754295,0.48909575,-0.5433917,0.096467115
0.68516034,-1.287426,-15.217177,0.1299702,0.81605256,0.30938554,0.47058114
0.9172616,-0.5214191,-14.937247,0.67517763,0.4896878,-0.5431893,0.0963667
0.6870539,-1.2863932,-15.218144,0.1299098,0.8156894,0.30942008,0.47120434
0.91650665,-0.52098477,-14.937247,0.6751041,0.49002087,-0.54292965,0.096651666
0.68878865,-1.2865866,-15.21789,0.12996113,0.8152736,0.30952165,0.47184265
0.9176263,-0.52235943,-14.937247,0.6749763,0.49015346,-0.5429229,0.09690861
0.6904259,-1.285549,-15.21887,0.12990734,0.81488484,0.3095289,0.47252378
0.91856366,-0.52351016,-14.937247,0.6748954,0.490237,-0.5429088,0.09712913
0.6906392,-1.2846248,-15.219744,0.12973267,0.81444186,0.30956602,0.47331053
0.91762584,-0.522738,-14.937247,0.67484856,0.49045503,-0.5427395,0.09729931
0.6921499,-1.2837753,-15.220546,0.12949556,0.81409466,0.3094488,0.47404876
0.9168893,-0.520549,-14.937247,0.67479426,0.49059877,-0.5426822,0.09727123
0.6961283,-1.2837452,-15.2219095,0.12927523,0.81324446,0.30949876,0.4755333
0.91583633,-0.5199798,-14.937247,0.6747283,0.49078462,-0.54252964,0.09764189
0.6969712,-1.2829365,-15.222471,0.12906574,0.8129106,0.30949786,0.47616127
0.9168405,-0.5198457,-14.937247,0.67466676,0.49072352,-0.5426235,0.09785131
0.69926655,-1.2822118,-15.222975,0.12893067,0.81254345,0.30945262,0.47685328
0.9177203,-0.51972824,-14.937247,0.67461985,0.49065986,-0.542706,0.09803607
0.701282,-1.2815754,-15.223417,0.12887959,0.81223255,0.3094317,0.47741
0.91848457,-0.52108264,-14.937247,0.67449903,0.49061605,-0.5428202,0.09845436
0.70302176,-1.2810261,-15.223799,0.12868342,0.81199753,0.30942443,0.47786728
0.91771704,-0.5194072,-14.937247,0.67438596,0.49066314,-0.54295963,0.09822514
0.7045023,-1.2805587,-15.224124,0.1285112,0.8117575,0.30942777,0.47831902
0.91709286,-0.51935905,-14.937247,0.6743449,0.49072537,-0.54292965,0.09836165
0.70574737,-1.2801656,-15.224397,0.12839054,0.81158465,0.30946207,0.4786224
0.9165809,-0.5180709,-14.937247,0.674338,0.49070585,-0.5429917,0.09816366
0.70864725,-1.2798303,-15.224629,0.12824291,0.8113914,0.30942217,0.47901532
0.917363,-0.51819533,-14.937247,0.6743251,0.4906403,-0.5430457,0.098281115
0.7091595,-1.2795564,-15.224819,0.12814295,0.8113167,0.30939305,0.47918734
0.91685706,-0.5194536,-14.937247,0.6745336,0.4900833,-0.54331046,0.09816613
0.7095762,-1.2793336,-15.224975,0.1282954,0.8112432,0.30927896,0.47934476
0.91758823,-0.51940423,-14.937247,0.67450726,0.48965102,-0.54377323,0.097941846
0.70990956,-1.2791555,-15.226959,0.12835583,0.81124735,0.30905357,0.47946692
0.9170664,-0.5204939,-14.937247,0.67468333,0.48939344,-0.54380715,0.097828135
0.7101791,-1.2790112,-15.226698,0.12834099,0.81121624,0.3089646,0.47958088
0.91662896,-0.5192589,-14.937247,0.6746754,0.48925933,-0.54399073,0.09753261
0.71039665,-1.278895,-15.226486,0.12843071,0.81125474,0.30885163,0.4795643
0.9162599,-0.5202578,-14.937247,0.67482483,0.48894876,-0.5440719,0.09760316
0.71057224,-1.2788011,-15.226316,0.12858546,0.8113153,0.30867204,0.47953606
0.9169486,-0.52013046,-14.938265,0.6747856,0.48871326,-0.5443401,0.09755878
0.70902455,-1.2771267,-15.227612,0.12863383,0.81164837,0.3080302,0.47937214
0.9181706,-0.52084225,-14.938052,0.67473197,0.4884245,-0.5446328,0.09774214
0.70944273,-1.2755947,-15.227243,0.12869547,0.81187046,0.3075854,0.47926524
0.91763407,-0.52167886,-14.937966,0.67486906,0.48829424,-0.54456645,0.097815625
0.7097785,-1.2761048,-15.228687,0.12874779,0.81209147,0.3071453,0.4791589
0.918201,-0.52245116,-14.937886,0.67488086,0.48836014,-0.5444788,0.09789317
0.70673424,-1.274849,-15.229812,0.12854968,0.8125059,0.3066532,0.47882456
0.9166618,-0.52209467,-14.9378195,0.6751176,0.48934674,-0.5433124,0.09781482
0.7052352,-1.2715187,-15.23142,0.12820666,0.8130271,0.30594745,0.47848317
0.91601247,-0.5215322,-14.938582,0.6753033,0.49074087,-0.5417627,0.09814328
0.70467657,-1.2710911,-15.2320175,0.12814708,0.8131526,0.3057612,0.478405
0.9148898,-0.5221744,-14.938462,0.67549425,0.49120808,-0.5410585,0.09837694
0.7042113,-1.2707348,-15.232516,0.12803474,0.8133027,0.3055434,0.47831905
0.91391927,-0.5219077,-14.938359,0.67552763,0.49166355,-0.54059714,0.09840775
0.703822,-1.2704368,-15.232934,0.12792242,0.8134224,0.30535945,0.47826314
0.91307604,-0.52167594,-14.938269,0.6755634,0.4919814,-0.54026604,0.09839233
0.70348597,-1.2686676,-15.2332945,0.12783737,0.81353307,0.30508187,0.4782747
0.9123401,-0.52147365,-14.93819,0.67558026,0.4922642,-0.53996414,0.09851953
0.7031974,-1.2671484,-15.2336035,0.12779793,0.8136222,0.30486417,0.47827235
0.91169494,-0.52059156,-14.938121,0.6755402,0.49248454,-0.53983015,0.098427504
0.7027639,-1.2676221,-15.234069,0.12785564,0.8137353,0.30460647,0.4782288
0.9112501,-0.52039,-14.938006,0.67553294,0.4926038,-0.53969,0.09864799
0.7025943,-1.266296,-15.23425,0.12780279,0.81381804,0.30442038,0.4782206
0.9113697,-0.52030605,-14.937958,0.6755495,0.49254134,-0.53971666,0.098700404
0.7024487,-1.2651577,-15.234406,0.12782788,0.8138539,0.3042734,0.47824648
0.9120501,-0.5196573,-14.937916,0.6754316,0.49256566,-0.5398166,0.09883997
0.703853,-1.2657359,-15.234537,0.12798557,0.8138385,0.30416024,0.47830245
0.9115674,-0.51907784,-14.937878,0.6754534,0.49253318,-0.5398275,0.09879315
0.7035226,-1.266203,-15.234641,0.12800463,0.8139257,0.3040009,0.4782503
0.9116528,-0.51959467,-14.937844,0.67548203,0.49244252,-0.5398476,0.09893994
0.7047061,-1.2665985,-15.234731,0.1281448,0.8138919,0.3039283,0.47831646
0.91172963,-0.51907486,-14.937814,0.6754464,0.49241683,-0.53991264,0.098956406
0.7042649,-1.2669201,-15.234802,0.12825216,0.8139467,0.3037682,0.478296
0.9122663,-0.5190739,-14.937786,0.6754091,0.49235365,-0.5400004,0.09904589
0.7038846,-1.2657803,-15.234864,0.12829456,0.81404644,0.3035614,0.47824633
0.91275144,-0.5186289,-14.937762,0.67529947,0.49232686,-0.5401496,0.09911321
0.7035573,-1.2647995,-15.234918,0.12849465,0.81421715,0.30304617,0.4782287
0.912769,-0.51906955,-14.937739,0.6753197,0.4923585,-0.54008204,0.0991866
0.7032762,-1.263957,-15.234963,0.12864631,0.81445926,0.30245742,0.4781483
0.912785,-0.5186681,-14.937719,0.6752925,0.49243176,-0.5400456,0.09920637
0.7016781,-1.2632767,-15.235002,0.12875918,0.81466895,0.30200607,0.47804603
0.91279954,-0.51868343,-14.937701,0.67529,0.49250552,-0.5399767,0.09923228
0.7016791,-1.2626902,-15.235033,0.12882538,0.8148256,0.30158657,0.47802603
0.9128128,-0.51833564,-14.937684,0.675225,0.49258447,-0.539984,0.0992429
0.70168006,-1.2621806,-15.235062,0.12891394,0.8149441,0.30120263,0.47804222
0.912825,-0.51836133,-14.938013,0.6752287,0.49264246,-0.5399161,0.09929918
0.7003517,-1.261767,-15.235084,0.12902096,0.8150591,0.3008686,0.4780275
0.91283613,-0.5180584,-14.937987,0.67520326,0.49270615,-0.5398818,0.09934253
0.70190513,-1.261401,-15.235104,0.12910505,0.8150615,0.3005694,0.478189
0.9128463,-0.5177804,-14.9379635,0.6751654,0.49276844,-0.5398691,0.0993599
0.70187366,-1.2610844,-15.235121,0.1291093,0.8150943,0.30032197,0.47828755
0.9128559,-0.5178203,-14.937942,0.6751497,0.4928016,-0.5398513,0.09939903
0.7032573,-1.2608061,-15.235136,0.12919967,0.81504166,0.29999733,0.47855625
0.91286546,-0.5175511,-14.937919,0.67512494,0.49284,-0.5398429,0.09942198
0.704036,-1.2588664,-15.235161,0.12930888,0.8149123,0.2994018,0.47911966
0.9132253,-0.51730055,-14.9382305,0.67503905,0.49276993,-0.5399884,0.0995628
0.703681,-1.2589151,-15.23517,0.12930258,0.8149025,0.2993335,0.47918072
0.9132226,-0.5173652,-14.938548,0.6749994,0.49274123,-0.5400474,0.099652775
0.70338535,-1.2589557,-15.235179,0.12937199,0.8148749,0.29922566,0.47927645
0.91322005,-0.51742727,-14.938853,0.6749883,0.49269685,-0.5400826,0.09975653
0.70313764,-1.2589897,-15.235186,0.12935826,0.81487346,0.29909265,0.47936556
0.9128823,-0.51714873,-14.938797,0.6749722,0.49272504,-0.5400702,0.0997935
0.7029186,-1.2575699,-15.235191,0.1292108,0.8148957,0.299004,0.47942275
0.91289127,-0.5172119,-14.9387455,0.674968,0.4927455,-0.5400324,0.099925525
0.70257145,-1.2567544,-15.235201,0.1290685,0.81484056,0.2989105,0.47961327
0.9126135,-0.5173233,-14.938948,0.6749753,0.49273673,-0.5399911,0.10014334
0.70244384,-1.2571051,-15.235205,0.12910299,0.8147361,0.2988891,0.47979456
0.9126288,-0.5173725,-14.9389,0.674931,0.49270657,-0.5400363,0.10034521
0.7023309,-1.2559837,-15.235208,0.12904556,0.814684,0.2988164,0.47994387
0.91264296,-0.51767737,-14.938855,0.6749428,0.49265704,-0.540023,0.10058014
0.703635,-1.2564498,-15.23521,0.12909383,0.8145226,0.29876003,0.48023966
0.91240954,-0.51771265,-14.938814,0.67495173,0.49259108,-0.54004276,0.10073789
0.70336473,-1.2568295,-15.235212,0.1291235,0.814445,0.29868624,0.48040918
0.91242766,-0.5177454,-14.938777,0.67493033,0.49248993,-0.5401156,0.10098458
0.70453537,-1.2557592,-15.235213,0.12899965,0.8143491,0.2986,0.48065856
0.91266686,-0.5177757,-14.938742,0.6749307,0.4923789,-0.5401772,0.101194106
0.7041094,-1.2548351,-15.235215,0.12892643,0.81436044,0.29848802,0.48072854
0.9126776,-0.5178038,-14.938708,0.6748955,0.4922565,-0.5403047,0.10134294
0.70514596,-1.255463,-15.235216,0.12906493,0.8142588,0.2984256,0.48090234
0.91291153,-0.5178328,-14.938675,0.6748828,0.49210963,-0.5404233,0.10150873
0.7060788,-1.2545705,-15.235217,0.12909602,0.81426775,0.29818115,0.48103052
0.9131761,-0.5181238,-14.938636,0.67488277,0.49170873,-0.5407459,0.10173332
0.7075645,-1.2545943,-15.23522,0.12934455,0.81432855,0.29792318,0.48102054
0.91384965,-0.517887,-14.939214,0.67476624,0.4909206,-0.5415703,0.1019266
0.7066997,-1.2538563,-15.235221,0.1294398,0.8144452,0.29777783,0.4808874
0.9138225,-0.51793253,-14.939511,0.67479074,0.49054122,-0.54187703,0.10196155
0.70734304,-1.2546024,-15.235221,0.129576,0.81450987,0.297691,0.48079503
0.9137973,-0.5179746,-14.939426,0.6748314,0.49012008,-0.5422006,0.10199713
0.70787394,-1.2552181,-15.235221,0.12970771,0.8145351,0.29760998,0.480767
0.91417366,-0.51802,-14.939335,0.6748282,0.489747,-0.54253155,0.1020508
0.7070622,-1.254478,-15.235221,0.12971497,0.8145857,0.29745418,0.48077577
0.9145912,-0.51760304,-14.939701,0.6747824,0.48948586,-0.54284203,0.10195509
0.707594,-1.2550695,-15.235221,0.12989242,0.8145428,0.29745075,0.48080263
0.9150414,-0.517683,-14.940096,0.6746996,0.4892386,-0.5431709,0.10193818
0.7068668,-1.2543936,-15.235221,0.1298633,0.8145946,0.29742664,0.4807375
0.9149425,-0.5182578,-14.939946,0.6747742,0.48896313,-0.5433133,0.10200729
0.70623785,-1.2538089,-15.235221,0.12983416,0.814608,0.29740173,0.4807382
0.91598994,-0.51830566,-14.939785,0.6746586,0.4887635,-0.5436158,0.102117024
0.7068213,-1.2544292,-15.235221,0.12995295,0.81450415,0.29741758,0.4808723
0.9164165,-0.5189581,-14.939625,0.67464054,0.48851374,-0.5438409,0.102233246
0.7073125,-1.2549515,-15.235221,0.13012303,0.8144323,0.2973593,0.4809838
0.9176188,-0.5189654,-14.94017,0.6745314,0.48828262,-0.54416746,0.10231919
0.7077332,-1.2553988,-15.235221,0.13026911,0.81441206,0.297235,0.48105553
0.91801995,-0.51897234,-14.939943,0.6745192,0.48807147,-0.5443332,0.102525614
0.7081319,-1.2547476,-15.235221,0.13031739,0.8145012,0.29695857,0.4810622
0.9184019,-0.518979,-14.939726,0.6745143,0.48779753,-0.5445371,0.102778435
0.7084709,-1.2552233,-15.235221,0.1303243,0.8146285,0.29675484,0.48097062
0.9187604,-0.5197752,-14.939523,0.67453206,0.48759794,-0.54463786,0.103075065
0.7077806,-1.2556267,-15.235221,0.13036583,0.8147719,0.29655334,0.4808406
0.9190984,-0.5197144,-14.939331,0.6745859,0.48752153,-0.54460794,0.10324221
0.7081319,-1.2550223,-15.235221,0.13045527,0.8147957,0.2964038,0.48086828
0.92034763,-0.51965237,-14.939135,0.6744897,0.48745903,-0.54476184,0.103353895
0.70750654,-1.2544941,-15.235221,0.13045838,0.8148601,0.29628804,0.48082963
0.92057806,-0.51959544,-14.938955,0.6745185,0.48738742,-0.54478794,0.10336574
0.7069531,-1.2540264,-15.235221,0.13041767,0.81490505,0.29613423,0.48085922
0.9207869,-0.52046216,-14.938792,0.67452574,0.48733503,-0.54478496,0.10358118
0.70734555,-1.2544926,-15.235221,0.13051198,0.8148672,0.29597804,0.4809939
0.92097735,-0.5203266,-14.938643,0.67448145,0.48731863,-0.5448529,0.10358955
0.70768464,-1.2548957,-15.235221,0.13050894,0.81486523,0.29591742,0.48103532
0.9211508,-0.52020323,-14.938508,0.6744183,0.48731533,-0.5449434,0.10354041
0.7071847,-1.2544525,-15.235221,0.13040173,0.81493044,0.29575884,0.48105147
0.9213085,-0.52009094,-14.938385,0.67437136,0.4873208,-0.54498684,0.10359137
0.707551,-1.2540182,-15.235221,0.1303653,0.8149816,0.29553846,0.48111016
0.9224984,-0.52101296,-14.938263,0.6744063,0.48717782,-0.54503345,0.103790656
0.7070404,-1.2536316,-15.235221,0.1303145,0.81510323,0.29527938,0.48107702
0.92252636,-0.5208075,-14.939165,0.67448866,0.48714665,-0.5449409,0.10388775
0.707433,-1.2532578,-15.235221,0.13026945,0.8151437,0.2952248,0.48105413
0.9225509,-0.52062666,-14.93996,0.6745144,0.48714525,-0.5448861,0.10401419
0.7069163,-1.252927,-15.235221,0.13027358,0.81521046,0.29504362,0.48105085
0.9225727,-0.52046627,-14.940663,0.6745386,0.48712423,-0.54487365,0.104021326
0.7064546,-1.2526312,-15.235221,0.13029206,0.8152988,0.29493254,0.48096442
0.92259175,-0.5212817,-14.940325,0.6746647,0.48702258,-0.5448016,0.10405761
0.7060546,-1.2531811,-15.235221,0.13041985,0.8153354,0.2948658,0.4809087
0.92364854,-0.5210413,-14.9410305,0.674588,0.4869632,-0.5449592,0.1040068
0.7057066,-1.2528939,-15.235221,0.13045545,0.81537735,0.29469123,0.4809348
0.92355514,-0.5208313,-14.941647,0.6745767,0.4869649,-0.5449818,0.10395373
0.70540226,-1.2526429,-15.235221,0.13048181,0.8154463,0.29460734,0.48086208
0.92347294,-0.5206467,-14.942189,0.6746429,0.48687303,-0.5449894,0.10391414
0.7051204,-1.2524103,-15.235221,0.13042647,0.8155075,0.29458413,0.4807876
0.9234001,-0.5214706,-14.942669,0.6747009,0.48682022,-0.54495,0.10399154
0.7048574,-1.2521935,-15.235221,0.13045977,0.815402,0.2945737,0.4809639
0.9224,-0.52123487,-14.943078,0.6746983,0.48678076,-0.54500353,0.10391299
0.70536995,-1.2519852,-15.235221,0.13046964,0.8152199,0.294481,0.4813265
0.9215426,-0.5219239,-14.943429,0.67469615,0.48671228,-0.54502904,0.104113564
0.70581806,-1.2525299,-15.235221,0.13058037,0.81496423,0.2946358,0.48163462
0.9216502,-0.52167124,-14.943731,0.67473155,0.48656613,-0.545109,0.10414893
0.70622325,-1.2523115,-15.235221,0.13046442,0.81484914,0.29461217,0.48187524
0.9217434,-0.5222566,-14.943994,0.6747793,0.48642778,-0.5451501,0.10427087
0.7066182,-1.2520987,-15.235221,0.1304507,0.81470996,0.29456466,0.48214322
0.9218253,-0.52199966,-14.944223,0.67465764,0.48633522,-0.5453548,0.10441934
0.7070002,-1.2518928,-15.235221,0.13042527,0.8145822,0.29455894,0.48236933
0.9219009,-0.5217625,-14.944436,0.6745758,0.48634782,-0.5454253,0.104521185
0.7073667,-1.2516952,-15.235221,0.13040622,0.814464,0.2945775,0.48256284
0.9219707,-0.5215435,-14.944632,0.6745478,0.48625052,-0.54554313,0.10453934
0.7069018,-1.2515218,-15.235221,0.13037588,0.81446195,0.29448345,0.48263177
0.9220352,-0.52134115,-14.944813,0.6745047,0.48608774,-0.5457258,0.10462043
0.70643884,-1.250496,-15.235221,0.13029292,0.8144698,0.29447472,0.48264626
0.9220953,-0.5219448,-14.944982,0.6746147,0.485893,-0.5457568,0.10465397
0.7068782,-1.250413,-15.235221,0.13034455,0.81437045,0.29448372,0.48279452
0.9230408,-0.52256304,-14.945154,0.6744895,0.48571292,-0.5460404,0.10481783
0.70642906,-1.2503406,-15.235221,0.13029326,0.8144194,0.29444635,0.4827485
0.9239842,-0.5231798,-14.945326,0.6744759,0.48543584,-0.54627526,0.10496534
0.7069127,-1.2493099,-15.236176,0.13042483,0.81436795,0.29411727,0.4830003
0.9238656,-0.522779,-14.945476,0.6744785,0.48477772,-0.5468513,0.104990736
0.7073463,-1.2493362,-15.236082,0.13053386,0.81433916,0.29388273,0.48316205
0.92474085,-0.52239597,-14.945618,0.67435354,0.48426384,-0.54745865,0.10499922
0.707785,-1.2482957,-15.237055,0.13052481,0.8143081,0.2936634,0.48335022
0.9255674,-0.52203435,-14.945752,0.6742945,0.48398215,-0.5477642,0.10508412
0.7082146,-1.2472768,-15.238007,0.13061081,0.81428933,0.29346484,0.48347923
0.9263497,-0.5227964,-14.94588,0.67431587,0.48362917,-0.5480557,0.10505218
0.70745605,-1.247544,-15.237683,0.1307139,0.81434625,0.2934088,0.4833895
0.9259569,-0.5234395,-14.945988,0.6744588,0.48331186,-0.54817915,0.10495041
0.70790535,-1.2466576,-15.237396,0.13083188,0.81438047,0.2932165,0.48341662
0.92562467,-0.5229832,-14.946078,0.6744159,0.4831184,-0.5484157,0.10488176
0.7083251,-1.2458293,-15.237127,0.13084984,0.81442946,0.2931104,0.48339352
0.92635924,-0.5236016,-14.946164,0.6743409,0.48294193,-0.54861504,0.105133355
0.7087112,-1.2450676,-15.23688,0.13084683,0.8144027,0.2930689,0.4834646
0.92598766,-0.52313167,-14.945243,0.6742927,0.48286784,-0.54877627,0.10494164
0.70906144,-1.2443767,-15.236656,0.13089463,0.814444,0.29292506,0.4834692
0.9266247,-0.52368367,-14.945405,0.6743255,0.48265493,-0.54889846,0.10507061
0.7105856,-1.2450455,-15.236471,0.13107222,0.81424034,0.29300064,0.4837183
0.9283306,-0.5231697,-14.945567,0.67413676,0.48253217,-0.5492114,0.105209865
0.71184725,-1.246774,-15.236319,0.13123807,0.8140804,0.2931356,0.48386076
0.92774343,-0.5237496,-14.944689,0.6743231,0.48243383,-0.54906386,0.1052374
0.71178347,-1.2470995,-15.236193,0.13114983,0.8141213,0.29315335,0.48380512
0.92931795,-0.5242931,-14.94493,0.67424995,0.4822723,-0.54927415,0.105349265
0.7117298,-1.2473727,-15.236086,0.1311403,0.81404865,0.29320568,0.4838982
0.93087894,-0.52483195,-14.945168,0.67410713,0.48221737,-0.54947734,0.10545527
0.71269166,-1.2476037,-15.235995,0.13114856,0.8139363,0.29321983,0.48407647
0.92992926,-0.5252808,-14.945366,0.6742402,0.4821728,-0.5493734,0.105350204
0.7135751,-1.2467825,-15.236945,0.13109836,0.8138272,0.29314992,0.48431572
0.9302072,-0.52566534,-14.945537,0.67423546,0.48223144,-0.5493333,0.10532081
0.71435905,-1.2470812,-15.236761,0.13106227,0.8137653,0.29323423,0.48437846
0.92940426,-0.5259892,-14.944642,0.67426544,0.48217392,-0.5493488,0.105311476
0.71505934,-1.247348,-15.236597,0.13111484,0.8136869,0.29323325,0.48449647
0.93077445,-0.52628076,-14.944884,0.67413294,0.4820117,-0.54962367,0.105467804
0.7168175,-1.2476014,-15.236441,0.13126709,0.8134444,0.2932652,0.48484316
0.9334294,-0.526585,-14.945136,0.67381513,0.48200393,-0.5499722,0.10571705
0.7162212,-1.248853,-15.23631,0.13134447,0.8133079,0.2934205,0.48495713
0.934546,-0.5256027,-14.945361,0.6736482,0.4821294,-0.5500666,0.1057173
0.7176887,-1.2489272,-15.236198,0.1313863,0.81313884,0.29345688,0.4852072
0.9355744,-0.5260262,-14.945569,0.6736097,0.48216414,-0.55004096,0.105937764
0.7180303,-1.2479767,-15.236094,0.13122737,0.8130814,0.29341412,0.48537216
0.9365042,-0.52640903,-14.945757,0.67364544,0.4822082,-0.54996806,0.10588791
0.71833646,-1.2481468,-15.236002,0.13118176,0.812976,0.29350093,0.4855087
0.9359358,-0.52672,-14.9459095,0.67360157,0.48226622,-0.5499664,0.105911866
0.7186256,-1.2472273,-15.235914,0.13116331,0.81287205,0.2935099,0.48568225
0.9354701,-0.5269747,-14.944776,0.6737325,0.48227307,-0.54980594,0.105881006
0.71887964,-1.2474886,-15.235838,0.13122872,0.8127212,0.29361078,0.48585606
0.9363294,-0.52719784,-14.94505,0.6735796,0.4822983,-0.54994327,0.10602511
0.7202553,-1.2477353,-15.235765,0.13142699,0.8124628,0.29378825,0.4861271
0.93707323,-0.5261276,-14.945289,0.67335355,0.48237032,-0.5501482,0.10607039
0.72033143,-1.2479494,-15.235702,0.13155022,0.8122386,0.29394317,0.48637486
0.93774605,-0.5264752,-14.945503,0.67328006,0.48234048,-0.5502312,0.106241696
0.7203978,-1.2481359,-15.235646,0.13181967,0.8120181,0.2940132,0.48662773
0.93834716,-0.52678573,-14.945696,0.6731632,0.48233807,-0.55036396,0.10630606
0.7242848,-1.2495998,-15.236863,0.13333328,0.810573,0.2939434,0.48866257
0.9388784,-0.5270602,-14.945866,0.6726734,0.48222774,-0.5509337,0.106953844
0.7266302,-1.2495965,-15.238044,0.13443978,0.8095545,0.29370725,0.4901873
0.9379774,-0.5272829,-14.946005,0.67241627,0.48226166,-0.5511156,0.10747941
0.7287216,-1.2510822,-15.239097,0.13519606,0.8087566,0.29367855,0.49131235
0.9385288,-0.52747315,-14.946122,0.6719386,0.4822109,-0.5517196,0.1075951
0.7324426,-1.2508156,-15.240112,0.13593763,0.8081287,0.2933727,0.49232256
0.94049275,-0.5276525,-14.946234,0.6714875,0.48229328,-0.55217934,0.107683614
0.73581934,-1.250574,-15.2410345,0.13630505,0.80775017,0.2932188,0.49293348
0.9422185,-0.5263168,-14.946331,0.6710841,0.4823786,-0.5525977,0.10766961
0.7366819,-1.2503747,-15.241795,0.13623951,0.807509,0.29324514,0.4933308
0.94218445,-0.52524215,-14.946409,0.67089444,0.48245236,-0.55281436,0.10740855
0.73738545,-1.250212,-15.242414,0.13605331,0.8073274,0.2931906,0.49371174
0.94215655,-0.52436185,-14.946474,0.67067915,0.48248285,-0.5530711,0.10729473
0.7400646,-1.2500743,-15.24294,0.13612992,0.80704165,0.29328313,0.4941026
0.9435927,-0.52501655,-14.946532,0.67062336,0.48247203,-0.5531219,0.107429795
0.7422616,-1.2499614,-15.243371,0.13581236,0.8066611,0.29352424,0.49466798
0.943361,-0.5241553,-14.946579,0.6705668,0.48254406,-0.55314523,0.10734005
0.74396074,-1.2520561,-15.243704,0.13572639,0.8062451,0.2940465,0.49505958
0.94316864,-0.5247876,-14.946619,0.67069256,0.48249534,-0.5530168,0.10743469
0.7431317,-1.2515191,-15.243949,0.13549443,0.8061434,0.29423097,0.49517894
0.9444008,-0.5239499,-14.946654,0.67056984,0.48249972,-0.5532024,0.10722569
0.74461263,-1.2510842,-15.244147,0.13519788,0.8060073,0.29419667,0.49550185
0.9454922,-0.52320796,-14.946686,0.67050344,0.48238906,-0.5533893,0.107174665
0.74579126,-1.250738,-15.244306,0.13504201,0.80583084,0.29421324,0.49582142
0.94645315,-0.52406675,-14.946713,0.6704591,0.48220742,-0.55360806,0.10713938
0.7467041,-1.2482513,-15.244429,0.13475567,0.8056437,0.2942849,0.4961609
0.94578594,-0.52331775,-14.946735,0.6704196,0.48205432,-0.55381626,0.106999695
0.74741304,-1.2485602,-15.244524,0.13470255,0.8053697,0.2945325,0.4964731
0.9452468,-0.52544194,-14.9467535,0.67045856,0.48172095,-0.55404764,0.10705887
0.7479327,-1.2509276,-15.244594,0.13490227,0.8050926,0.29467145,0.49678585
0.94610626,-0.52457803,-14.946767,0.67020607,0.48160976,-0.55448407,0.106880866
0.7530696,-1.2505977,-15.244653,0.13492593,0.80357295,0.294401,0.49939334
0.94834995,-0.5237577,-14.946781,0.6694359,0.4801743,-0.55665505,0.106880605
0.75720686,-1.2503321,-15.244701,0.1347597,0.8027291,0.29407737,0.5009834
0.95042765,-0.52455074,-14.9467945,0.6690746,0.478927,-0.55818766,0.1067461
0.7604062,-1.2501266,-15.244739,0.13481024,0.8022011,0.29371053,0.5020297
0.9522666,-0.5236137,-14.946806,0.6687943,0.47821093,-0.5591865,0.106484994
0.7627962,-1.2472906,-15.247449,0.13460681,0.80209017,0.29325587,0.5025271
0.9538708,-0.5245198,-14.9468155,0.6686922,0.47778293,-0.55965734,0.106573686
0.7645401,-1.2452214,-15.246711,0.13464321,0.80190086,0.29320168,0.50285083
0.9552415,-0.5252941,-14.946823,0.66857374,0.4774578,-0.56007105,0.10660071
0.7631497,-1.2438109,-15.248788,0.13463284,0.80195695,0.29301405,0.50287354
0.9563929,-0.5259445,-14.946831,0.6684771,0.47724244,-0.56037444,0.10657623
0.76218325,-1.2428305,-15.250231,0.1346987,0.80200046,0.29267284,0.5029853
0.9573466,-0.5264832,-14.946836,0.66834056,0.4773302,-0.56045026,0.106641114
0.76149917,-1.2421365,-15.248925,0.1351603,0.8021269,0.29225928,0.50290036
0.95626664,-0.5268937,-14.946841,0.66839397,0.47731388,-0.560401,0.10663832
0.763337,-1.2416022,-15.24792,0.13516453,0.80228025,0.29193214,0.5028446
0.95716923,-0.5254633,-14.946845,0.66830856,0.4773834,-0.560439,0.106662914
0.7646963,-1.2435265,-15.247176,0.13594945,0.80300283,0.2910659,0.50198096
0.9579083,-0.52429205,-14.946848,0.66849804,0.47729817,-0.560349,0.10632957
0.7657405,-1.2426561,-15.246604,0.136418,0.8033753,0.29057643,0.5015413
0.95852023,-0.5251022,-14.946851,0.6686887,0.47713947,-0.5602952,0.10612544
0.7642591,-1.2420313,-15.246194,0.13658197,0.8037319,0.29016003,0.5011663
0.95902455,-0.5257698,-14.946853,0.6687466,0.4769968,-0.5603484,0.10612192
0.7631784,-1.2415756,-15.245894,0.13682072,0.80391467,0.28989053,0.5009638
0.9577037,-0.5245752,-14.945145,0.6687554,0.47702795,-0.560343,0.105955
0.7623781,-1.2432517,-15.245673,0.13718514,0.80397284,0.28971612,0.5008717
0.95829684,-0.5236422,-14.945435,0.66858494,0.47709405,-0.56048054,0.10600503
0.76177716,-1.2425976,-15.245506,0.1373047,0.8040951,0.28954998,0.50073886
0.95876896,-0.52289945,-14.945665,0.6684818,0.47705406,-0.5606027,0.1061894
0.7631371,-1.2439171,-15.245379,0.13748352,0.80401355,0.28950623,0.5008461
0.95916736,-0.5222727,-14.94586,0.6685351,0.4770177,-0.56056,0.106243074
0.7624584,-1.2432072,-15.245282,0.13750358,0.80401754,0.28933942,0.50093037
0.959503,-0.5217447,-14.946025,0.66852826,0.4770605,-0.56048477,0.10649036
0.76192945,-1.2426541,-15.245206,0.13739793,0.8040312,0.28916863,0.50103617
0.95827127,-0.52132547,-14.946155,0.6686597,0.47706822,-0.5603137,0.10653109
0.7615078,-1.242213,-15.245146,0.13727787,0.80397654,0.28910476,0.50119364
0.95870686,-0.52098924,-14.9462595,0.6685642,0.47714248,-0.56032705,0.106726974
0.7611656,-1.2418551,-15.245096,0.13711111,0.8038908,0.2891059,0.5013759
0.95907295,-0.5221108,-14.946347,0.66866875,0.4770604,-0.5602284,0.106956
0.7608851,-1.2415617,-15.245057,0.1368364,0.8037369,0.28904143,0.50173485
0.959376,-0.52167803,-14.945059,0.6685655,0.47701293,-0.560369,0.10707636
0.76220965,-1.2413,-15.24502,0.13663548,0.8035557,0.28910807,0.50204134
0.9596383,-0.52130353,-14.945315,0.6684454,0.47703484,-0.56047255,0.10718724
0.76336664,-1.2410716,-15.244988,0.13638403,0.80337465,0.28916416,0.50236714
0.9598596,-0.5223386,-14.945533,0.66843075,0.47694442,-0.5605089,0.10749076
0.76436,-1.2408752,-15.244962,0.13615228,0.8031995,0.28922117,0.5026771
0.960048,-0.52321947,-14.945718,0.66848284,0.47690645,-0.56044936,0.107645035
0.7652019,-1.2389537,-15.24494,0.13587838,0.8029495,0.28933746,0.50308365
0.96166825,-0.5225934,-14.945889,0.6682577,0.476893,-0.5607154,0.107717514
0.7641882,-1.2391291,-15.244922,0.13570702,0.8027579,0.28945646,0.503367
0.9616018,-0.5234795,-14.946032,0.66824794,0.4768012,-0.56076556,0.10792324
0.7650053,-1.2392718,-15.244907,0.1356343,0.80252606,0.28952056,0.5037193
0.9615466,-0.5228515,-14.946149,0.6682594,0.47668543,-0.5608488,0.10793138
0.7656967,-1.2393926,-15.244896,0.1356221,0.8022057,0.28973877,0.50410736
0.9615003,-0.52232474,-14.946247,0.66820556,0.47653544,-0.56101435,0.108066425
0.76626885,-1.2394927,-15.246566,0.13544911,0.80203074,0.28988916,0.5043456
0.96146166,-0.523178,-14.946329,0.66833854,0.4762992,-0.561001,0.10835448
0.77061826,-1.2395862,-15.24813,0.13555929,0.80172604,0.28975332,0.5048783
0.9628161,-0.523972,-14.946407,0.6682631,0.47581705,-0.5614254,0.10873917
0.77030116,-1.2359602,-15.249345,0.13527119,0.80178195,0.28931153,0.5051201
0.9640343,-0.52322406,-14.946476,0.6682355,0.47475675,-0.5623045,0.10899997
0.7700483,-1.2348949,-15.250315,0.13509104,0.80191463,0.2888727,0.5052089
0.965112,-0.52256244,-14.946537,0.6680264,0.473224,-0.5637466,0.10949751
0.7698452,-1.234039,-15.251094,0.13506748,0.8020048,0.2885106,0.5052789
0.96780354,-0.5236346,-14.946593,0.6679395,0.47203282,-0.5647593,0.10994974
0.7696812,-1.2333479,-15.251722,0.13507134,0.8020593,0.28823683,0.5053476
0.9683395,-0.5245273,-14.94664,0.6680308,0.47107384,-0.5653795,0.1103198
0.7713671,-1.2346011,-15.252238,0.13523015,0.8020089,0.28804818,0.50549257
0.9706237,-0.5271238,-14.946681,0.6680876,0.47038147,-0.56581545,0.11069438
0.7709231,-1.2338141,-15.252648,0.135172,0.8020856,0.28783247,0.5055095
0.97258675,-0.52743256,-14.946718,0.6680636,0.46993756,-0.5661842,0.11083912
0.77056754,-1.2331837,-15.252976,0.13516212,0.80211437,0.28769678,0.5055437
0.97418267,-0.5257295,-14.946747,0.6678585,0.46975985,-0.56658155,0.11079823
0.7702805,-1.232675,-15.253242,0.13521124,0.802213,0.2874808,0.5054969
0.9754981,-0.52634734,-14.946771,0.6676976,0.46940395,-0.56706405,0.1108074
0.7700475,-1.2322619,-15.253456,0.13535655,0.8022644,0.28735402,0.5054485
0.9765647,-0.5268483,-14.946791,0.66782886,0.4690069,-0.56724596,0.11076617
0.7698575,-1.2319252,-15.253632,0.13550049,0.80228907,0.28734,0.5053786
0.97741836,-0.5272493,-14.946806,0.66773766,0.46866888,-0.56760144,0.11092618
0.7714749,-1.2316337,-15.253782,0.13563772,0.80226004,0.28728443,0.5054196
0.9780946,-0.5275668,-14.946818,0.66788983,0.4683497,-0.567664,0.11103781
0.77284557,-1.2313867,-15.253912,0.1359165,0.8023564,0.28701818,0.50534296
0.9786131,-0.52993804,-14.946828,0.66792,0.46781778,-0.5680141,0.111308224
0.77213365,-1.2311968,-15.25401,0.13607244,0.802454,0.28692886,0.5051968
0.9769754,-0.5296708,-14.9468355,0.6680121,0.46750578,-0.5681748,0.11124554
0.7733603,-1.2310362,-15.254093,0.13626856,0.8027179,0.28645244,0.5049949
0.977667,-0.52947026,-14.948761,0.66819197,0.46718138,-0.56819177,0.11144176
0.7725671,-1.2309127,-15.254158,0.13635206,0.8029298,0.28607175,0.50485134
0.97821087,-0.52931255,-14.950275,0.66836095,0.4669012,-0.56823355,0.1113893
0.77029955,-1.2291664,-15.254209,0.13617337,0.8032929,0.28568542,0.5045407
0.9786483,-0.5310744,-14.951493,0.66848814,0.46677557,-0.56813395,0.11166065
0.7685152,-1.2293599,-15.254248,0.13616683,0.8034835,0.2854452,0.5043749
0.97718793,-0.5306251,-14.950628,0.6685896,0.46686807,-0.56798244,0.11143704
0.7685857,-1.2295136,-15.254279,0.1362866,0.8035423,0.28529567,0.5043334
0.9777641,-0.53198236,-14.951665,0.6686913,0.46673664,-0.56796324,0.1114751
0.7686423,-1.2296371,-15.254304,0.13637024,0.80365956,0.28513834,0.5042129
0.97823024,-0.5314043,-14.952503,0.6685518,0.46687755,-0.56801033,0.111481495
0.7673442,-1.2283932,-15.254324,0.13636246,0.8039169,0.28484792,0.50396883
0.9785958,-0.52935874,-14.951569,0.66845834,0.46702906,-0.5680166,0.1113756
0.76628345,-1.2273767,-15.25434,0.1363566,0.8041087,0.28460905,0.5037995
0.97888786,-0.5292491,-14.950822,0.6685897,0.46689546,-0.5679361,0.11155718
0.7654095,-1.2265393,-15.2543545,0.13636845,0.8042879,0.28438196,0.5036384
0.9791309,-0.52915776,-14.9502,0.66860414,0.46693212,-0.5678845,0.11158009
0.7658364,-1.2269964,-15.254366,0.13641599,0.8043565,0.28428346,0.5035715
0.9778931,-0.5305171,-14.949703,0.668811,0.46692565,-0.56760436,0.11179292
0.7650986,-1.2273786,-15.254375,0.13648498,0.8044532,0.28422692,0.5034303
0.9782533,-0.5302552,-14.949301,0.6686626,0.467081,-0.56759137,0.11209728
0.7634375,-1.2266604,-15.254383,0.13645412,0.80463856,0.28401813,0.50326025
0.9772543,-0.53004164,-14.948972,0.6687876,0.46717086,-0.5673425,0.11223668
0.76301825,-1.2270398,-15.254391,0.13649939,0.8047141,0.2839096,0.50318843
0.97766095,-0.53109413,-14.94993,0.6689057,0.46710056,-0.5671914,0.1125887
0.7635994,-1.2264248,-15.254396,0.13651213,0.8047544,0.28382954,0.5031657
0.97800213,-0.5319772,-14.949553,0.66895545,0.46706617,-0.5671283,0.11275355
0.76320595,-1.2267891,-15.254401,0.13658471,0.8048308,0.2837278,0.5030812
0.9771642,-0.53271294,-14.949238,0.6690163,0.4671185,-0.56700176,0.11281209
0.76371396,-1.2271031,-15.254406,0.13656229,0.8048399,0.28370374,0.50308615
0.97646105,-0.53226423,-14.948975,0.66896677,0.46725827,-0.5669376,0.1128496
0.76334924,-1.2273751,-15.254409,0.13656454,0.8048649,0.28363186,0.50308615
0.9758672,-0.5318852,-14.948751,0.6689745,0.46728787,-0.56690526,0.11284339
0.76379627,-1.2276119,-15.254413,0.13654013,0.80486465,0.2835981,0.5031122
0.9753625,-0.53156304,-14.948563,0.66896904,0.4673566,-0.5668439,0.112899035
0.76346093,-1.2278191,-15.2544155,0.1365144,0.80487716,0.2835954,0.50310063
0.974931,-0.5312876,-14.9484005,0.6689827,0.4673612,-0.5668305,0.11286667
0.7631664,-1.227311,-15.254417,0.13650385,0.8049384,0.28347802,0.5030717
0.9745601,-0.53105086,-14.94826,0.66892695,0.46758053,-0.5666822,0.1130335
0.76328987,-1.2264663,-15.254422,0.13645118,0.805102,0.28301755,0.5030836
0.9739612,-0.5306686,-14.949578,0.6690634,0.46774095,-0.5663952,0.11300021
0.7630439,-1.2261082,-15.254423,0.1364155,0.80520105,0.28276554,0.50307626
0.97446275,-0.5305136,-14.950112,0.66910565,0.46771565,-0.56636566,0.11300341
0.76276463,-1.2249733,-15.255153,0.13638525,0.80534655,0.28242168,0.5030447
0.9749024,-0.5303777,-14.950581,0.6690745,0.46774584,-0.566385,0.11296642
0.7625029,-1.2246481,-15.255099,0.13648152,0.80546445,0.28219867,0.502955
0.9752893,-0.5302581,-14.950993,0.6690194,0.4677905,-0.56641376,0.112962626
0.76223105,-1.2234793,-15.255043,0.13653456,0.80559576,0.2818819,0.50290793
0.9749928,-0.53015244,-14.951356,0.66908634,0.46786064,-0.566295,0.112871334
0.7619951,-1.2240437,-15.254993,0.13672808,0.80562466,0.281807,0.50285107
0.97472984,-0.53005874,-14.951678,0.6691554,0.46783346,-0.5662236,0.11293243
0.7617893,-1.2245361,-15.2549515,0.13684556,0.8056496,0.2817892,0.5027891
0.9744958,-0.53055143,-14.951966,0.66915286,0.46788162,-0.5661506,0.11311385
0.76232165,-1.2249671,-15.254913,0.13701801,0.8055745,0.28183326,0.50283784
0.9748526,-0.53101546,-14.952237,0.66919637,0.467857,-0.56608635,0.113280065
0.7621129,-1.2253463,-15.254881,0.13703354,0.80560344,0.28184256,0.5027819
0.97462285,-0.53088146,-14.952478,0.66922325,0.46786472,-0.56603724,0.1133347
0.7625717,-1.2256812,-15.254851,0.1370812,0.8055726,0.2819028,0.5027846
0.9749833,-0.5307442,-14.952726,0.66926074,0.46792606,-0.5659241,0.1134254
0.7617566,-1.2247564,-15.255437,0.13689654,0.8057382,0.28171661,0.502674
0.9747384,-0.5306219,-14.952947,0.6693877,0.46828502,-0.5654353,0.11363169
0.76161176,-1.2245139,-15.255958,0.13682094,0.80573386,0.2816642,0.5027309
0.97510326,-0.5304967,-14.953173,0.6694582,0.46852827,-0.56510967,0.11383406
0.76146686,-1.2242713,-15.256479,0.13676053,0.8057314,0.28162858,0.5027712
0.9748431,-0.53038543,-14.953373,0.669605,0.46865228,-0.56481534,0.11392065
0.76131916,-1.224024,-15.25701,0.13666913,0.8057757,0.28154463,0.5027721
0.97405547,-0.5302862,-14.953552,0.66973853,0.46883857,-0.56448025,0.11402989
0.7611707,-1.2237754,-15.2575445,0.13665605,0.80578005,0.28149468,0.50279665
0.97387815,-0.53019726,-14.953713,0.6698843,0.46892503,-0.5642319,0.11404757
0.76102334,-1.2235287,-15.258074,0.13662088,0.80577093,0.28144822,0.5028469
0.97321767,-0.5301175,-14.953857,0.67007923,0.46899408,-0.5639503,0.11401085
0.7601526,-1.2240556,-15.258535,0.136606,0.80580264,0.28147292,0.5027861
0.97262293,-0.52956945,-14.953986,0.6701908,0.4690604,-0.5637782,0.113933414
0.7600839,-1.2229372,-15.259013,0.13655011,0.805858,0.2813014,0.5028086
0.9720859,-0.529527,-14.954103,0.6703098,0.46909696,-0.56361663,0.11388278
0.759157,-1.2227403,-15.259466,0.13656098,0.80594397,0.28127652,0.50268185
0.9715998,-0.5299183,-14.954209,0.6704152,0.46910313,-0.5634801,0.11391255
0.7591759,-1.2225525,-15.259898,0.1364874,0.8059774,0.28128698,0.50264233
0.97156686,-0.5302735,-14.954306,0.6704915,0.46910852,-0.56337506,0.11395981
0.7591937,-1.2223754,-15.260305,0.13648088,0.8059563,0.2813669,0.5026331
0.9711491,-0.5305965,-14.954393,0.670552,0.46914557,-0.56327015,0.11397066
0.7582451,-1.2222112,-15.260682,0.13650787,0.80599743,0.28138626,0.50254905
0.9711367,-0.5305226,-14.9544735,0.6705787,0.46919006,-0.56320566,0.11394914
0.7573656,-1.222059,-15.261031,0.13654503,0.806031,0.28141758,0.5024676
0.9707753,-0.530455,-14.954546,0.6706395,0.4692337,-0.56309927,0.11393734
0.7575884,-1.2208369,-15.261371,0.13653989,0.8060516,0.28137648,0.50245893
0.9704179,-0.5307474,-14.9546175,0.670699,0.4692852,-0.5629801,0.113963895
0.7577876,-1.220826,-15.261673,0.13656572,0.8060269,0.28143892,0.5024566
0.9700547,-0.5306653,-14.954691,0.67075133,0.46935064,-0.5628621,0.113969356
0.75796545,-1.2208163,-15.261945,0.13665225,0.8060214,0.2814161,0.5024547
0.9700836,-0.53023005,-14.954758,0.6707235,0.46942282,-0.56282914,0.1139988
0.7561958,-1.2207999,-15.2624,0.13667694,0.80616343,0.28131858,0.50227475
0.9697535,-0.53011113,-14.954889,0.6709115,0.46958512,-0.56240433,0.11431952
0.7554934,-1.2207935,-15.261534,0.1365938,0.806236,0.2813008,0.5021906
0.968897,-0.53049654,-14.954964,0.67123604,0.46970573,-0.56186026,0.11459432
0.7548934,-1.2197845,-15.260795,0.13646875,0.80630225,0.28119758,0.5021762
0.9685057,-0.5304034,-14.95504,0.6715439,0.46999845,-0.561178,0.11493255
0.7553362,-1.2198793,-15.260165,0.1365265,0.8062595,0.2810523,0.50231045
0.968101,-0.5308404,-14.95512,0.6719244,0.4703713,-0.5603276,0.1153314
0.75571513,-1.2199605,-15.259627,0.136509,0.80623984,0.28098604,0.5023838
0.9676935,-0.5307118,-14.9552,0.67223185,0.4707646,-0.5595661,0.11563246
0.7551809,-1.2191699,-15.259164,0.13637264,0.8062962,0.2808447,0.50240946
0.9665761,-0.5312373,-14.955288,0.6725754,0.47108757,-0.5588473,0.115796
0.755536,-1.2193035,-15.258762,0.1363053,0.8062676,0.2807079,0.5025501
0.96537447,-0.53180236,-14.955383,0.67284757,0.4713104,-0.558308,0.11590869
0.7558448,-1.2186431,-15.258413,0.13619226,0.8062883,0.28056955,0.50262487
0.96503186,-0.53154427,-14.955472,0.672985,0.47154456,-0.5579443,0.11590981
0.75537676,-1.218804,-15.25811,0.13618383,0.8063307,0.28042966,0.50263697
0.9638554,-0.53045034,-14.95556,0.6730697,0.47175592,-0.5577095,0.11568772
0.75496626,-1.2189453,-15.257844,0.13612409,0.80638206,0.28036785,0.5026054
0.96361864,-0.5302906,-14.955642,0.673079,0.47184128,-0.5576442,0.11560042
0.7553031,-1.2183458,-15.25832,0.136098,0.8063939,0.28018683,0.50269437
0.9624348,-0.5301307,-14.955725,0.6732336,0.47192007,-0.5574228,0.11544568
0.7548982,-1.2185202,-15.2580385,0.13608289,0.80646026,0.28006357,0.5026607
0.961276,-0.5299741,-14.955804,0.673295,0.47185478,-0.5574252,0.11534291
0.7552068,-1.2186738,-15.258455,0.13617834,0.80641943,0.27997792,0.502748
0.9612694,-0.5308434,-14.955874,0.67337954,0.4716483,-0.5575064,0.1153019
0.7551606,-1.2175119,-15.259317,0.13623878,0.8062943,0.27982965,0.50301486
0.9612585,-0.5313114,-14.955991,0.6734002,0.47083178,-0.55813396,0.11548255
0.75472075,-1.2177742,-15.259704,0.13628149,0.8062064,0.2798297,0.50314415
0.9612539,-0.5320118,-14.956038,0.6734246,0.47029167,-0.5585344,0.11560487
0.7550787,-1.2180032,-15.26004,0.1362912,0.8060887,0.27985448,0.50331634
0.9612499,-0.5335862,-14.956082,0.6734874,0.4698022,-0.5588371,0.11576585
0.75539243,-1.2182038,-15.260335,0.13637929,0.80595493,0.27985054,0.5035086
0.9612462,-0.5340525,-14.9561205,0.67349654,0.4694763,-0.5590813,0.115855984
0.7549736,-1.217679,-15.259898,0.1362957,0.8058966,0.2798352,0.5036332
0.96124303,-0.53354037,-14.956155,0.6734282,0.46923414,-0.55934787,0.11594766
0.7561989,-1.2180853,-15.259818,0.13632976,0.8056415,0.27984932,0.5040243
0.96365064,-0.5335446,-14.956207,0.6732818,0.4687861,-0.5598629,0.11612441
0.7557885,-1.2176428,-15.260088,0.13617174,0.8056812,0.27971038,0.5040804
0.9634519,-0.5331469,-14.956229,0.6733366,0.4687049,-0.55988955,0.116005614
0.7566501,-1.217217,-15.260347,0.13609019,0.80565697,0.2795627,0.5042232
0.9632785,-0.53279996,-14.956247,0.6733198,0.46865967,-0.55996317,0.11593006
0.7574987,-1.2167976,-15.260603,0.13616765,0.8056681,0.27945346,0.504245
0.9645411,-0.5332031,-14.956264,0.6732577,0.46866405,-0.56002736,0.11596341
0.7576376,-1.2163742,-15.260861,0.13627626,0.8057828,0.27930734,0.5041134
0.96430844,-0.532886,-14.956278,0.6733177,0.46869296,-0.55994743,0.11588417
0.75777566,-1.215953,-15.261118,0.1363327,0.8059086,0.27920505,0.5039537
0.96410286,-0.5338825,-14.956291,0.6734314,0.4686844,-0.5598095,0.115924366
0.75789636,-1.2163181,-15.261342,0.13646013,0.8060011,0.27914163,0.50380635
0.96392053,-0.5341599,-14.956303,0.6734685,0.46876234,-0.55969274,0.115957655
0.7580023,-1.2166384,-15.260842,0.13653862,0.8060948,0.27910793,0.5036538
0.96318215,-0.5344068,-14.956313,0.67360336,0.46880046,-0.5595034,0.11593402
0.757434,-1.2162592,-15.260403,0.13647352,0.80625224,0.27908584,0.50343174
0.9630632,-0.5346408,-14.956323,0.6737025,0.46883935,-0.559352,0.11593158
0.75692356,-1.2159185,-15.260646,0.13642682,0.8063921,0.2790301,0.5032513
0.9622788,-0.53488976,-14.956333,0.67382073,0.46891955,-0.5591405,0.11594022
0.756451,-1.2156032,-15.260237,0.13638507,0.8064823,0.27904066,0.50311214
0.9606986,-0.5344052,-14.956344,0.6739825,0.46907216,-0.558823,0.11591329
0.7560317,-1.2159245,-15.259874,0.13643375,0.8065644,0.27907535,0.50294805
0.95992136,-0.53473616,-14.956354,0.6741692,0.46920753,-0.5584778,0.115943395
0.7550871,-1.2162106,-15.259552,0.13638026,0.80674607,0.2789623,0.5027339
0.9581351,-0.535089,-14.956367,0.6746146,0.46939108,-0.5577715,0.116009794
0.7547856,-1.2159238,-15.259264,0.13626547,0.8069431,0.27875507,0.5025636
0.9574767,-0.5344419,-14.956377,0.67493504,0.4696626,-0.55714804,0.11604276
0.7545002,-1.2156521,-15.258992,0.13620703,0.80726254,0.2783329,0.5023004
0.95687556,-0.5338511,-14.956386,0.67529,0.4698372,-0.556563,0.116078556
0.75424445,-1.2159259,-15.258748,0.13624781,0.8074666,0.2780494,0.50211823
0.9563094,-0.5343264,-14.956395,0.67566127,0.46991962,-0.5560249,0.11616274
0.75399554,-1.2156605,-15.25851,0.13622084,0.80766845,0.27775243,0.50196534
0.95580053,-0.5337148,-14.956404,0.67589474,0.46999487,-0.5556877,0.11611309
0.75377214,-1.2159275,-15.258296,0.13626999,0.8078236,0.2775853,0.50179476
0.9553296,-0.5342266,-14.956411,0.6761012,0.47001803,-0.5554179,0.11610919
0.75286907,-1.2149731,-15.258041,0.1361677,0.8079931,0.2773241,0.5016941
0.95491165,-0.5336034,-14.956419,0.676165,0.46999222,-0.55537623,0.1160415
0.7526726,-1.215336,-15.257815,0.13627386,0.80802816,0.27716517,0.50169647
0.9545301,-0.53414226,-14.956425,0.6762913,0.46989036,-0.55529076,0.11612659
0.75179994,-1.2150431,-15.257581,0.13630828,0.808078,0.27696043,0.50172
0.9541948,-0.5335155,-14.95643,0.67629176,0.46974462,-0.5554336,0.11603049
0.75166416,-1.2154198,-15.257374,0.13645324,0.80802333,0.27689037,0.50180733
0.9526861,-0.53291625,-14.956435,0.67634374,0.46963453,-0.5554923,0.11589175
0.75153345,-1.2151275,-15.2571745,0.13642612,0.807917,0.27689254,0.5019847
0.9525519,-0.53357923,-14.95644,0.67636734,0.46932957,-0.55571115,0.11594022
0.75140554,-1.2148411,-15.25698,0.13631742,0.80771184,0.2769955,0.50228745
0.9524341,-0.5341613,-14.956444,0.6763627,0.46899888,-0.5559795,0.1160191
0.7519465,-1.2145885,-15.256807,0.13634421,0.8074575,0.27706778,0.5026492
0.95346695,-0.5346458,-14.956447,0.6762108,0.46830115,-0.55674994,0.11602788
0.75179243,-1.2143463,-15.256642,0.13631251,0.80733347,0.27710438,0.5028368
0.9543327,-0.53612626,-14.9564495,0.67623556,0.46763813,-0.55725867,0.11611621
0.7522957,-1.2141322,-15.256496,0.13627723,0.8071999,0.27714896,0.5030361
0.9560839,-0.5363549,-14.956451,0.6761598,0.46721676,-0.5576852,0.116205454
0.752742,-1.2139423,-15.256368,0.13629669,0.80708385,0.27714384,0.50321984
0.95757085,-0.5355794,-14.956454,0.67610675,0.466851,-0.55804306,0.11626642
0.75313926,-1.2143505,-15.256252,0.13628231,0.8069755,0.2772321,0.5033489
0.95884097,-0.5358381,-14.956456,0.67611355,0.46652067,-0.5582942,0.11634726
0.7529457,-1.2141666,-15.256149,0.13622926,0.8069511,0.27723333,0.5034017
0.9590569,-0.53606033,-14.956457,0.6761575,0.46630237,-0.5584025,0.11644747
0.7536481,-1.2138366,-15.256489,0.13627127,0.8069171,0.27712828,0.5035027
0.9578524,-0.53720856,-14.95646,0.6763547,0.46608475,-0.55829865,0.1166702
0.7534262,-1.213136,-15.256372,0.13626243,0.8070099,0.27693,0.5034653
0.9573645,-0.5365418,-14.956461,0.67637897,0.46619526,-0.55817604,0.11667459
0.7526105,-1.2130128,-15.256253,0.13636823,0.8073019,0.276467,0.503223
0.9576498,-0.5366707,-14.956462,0.6763992,0.46637717,-0.5579876,0.116732225
0.75240713,-1.2121966,-15.256125,0.13648102,0.80753577,0.2759697,0.5030901
0.9579008,-0.5361069,-14.956464,0.6763853,0.46660486,-0.557816,0.116722405
0.7522277,-1.2127728,-15.256013,0.13678028,0.8077692,0.27546996,0.50290805
0.95747924,-0.53625226,-14.956465,0.67642885,0.46682623,-0.5575804,0.11671087
0.7520687,-1.2126675,-15.255914,0.13694428,0.8080196,0.27500162,0.50271744
0.9571056,-0.53577,-14.956465,0.6764354,0.46706071,-0.55738074,0.1166888
0.75114894,-1.211808,-15.255801,0.13694325,0.80836946,0.2745226,0.50241685
0.95677304,-0.5359216,-14.956465,0.67643183,0.46727535,-0.55720407,0.11669335
0.7510293,-1.2109307,-15.255686,0.13700847,0.8086093,0.2741006,0.5022435
0.9564763,-0.5355053,-14.956465,0.67645717,0.46749064,-0.55699426,0.1166862
0.749969,-1.2100145,-15.255565,0.13698407,0.80879503,0.27380887,0.50211036
0.95621055,-0.5356565,-14.955941,0.676512,0.46769577,-0.5567574,0.11667652
0.7489008,-1.2090914,-15.255445,0.13702068,0.8089634,0.27351114,0.50199133
0.95597184,-0.5352946,-14.955968,0.67652553,0.4679455,-0.55652845,0.11668885
0.7489967,-1.2082316,-15.255331,0.13708808,0.808983,0.27333486,0.50203735
0.95573366,-0.53545725,-14.955996,0.67655176,0.4681679,-0.55630296,0.116720475
0.7480208,-1.2077144,-15.255144,0.13672347,0.80831707,0.27419874,0.5027378
0.9558001,-0.534789,-14.956042,0.6764321,0.46845642,-0.55620676,0.116714835
0.7492937,-1.2091768,-15.255066,0.1366762,0.8079297,0.27468675,0.5031068
0.95558476,-0.53496796,-14.956064,0.6764188,0.4685195,-0.5561686,0.11672034
0.7503671,-1.2093849,-15.255001,0.13662116,0.80763465,0.27500486,0.50342155
0.95537394,-0.53463453,-14.956085,0.67639095,0.4685846,-0.556154,0.11669
0.7503042,-1.2095616,-15.254944,0.136499,0.80747014,0.27521077,0.5036061
0.95516336,-0.534838,-14.956107,0.67637926,0.46859822,-0.55616033,0.116672724
0.7511757,-1.2106376,-15.254896,0.13659051,0.8072235,0.27541447,0.5038653
0.95548415,-0.53451073,-14.956127,0.67630094,0.46859822,-0.5562442,0.11672708
0.7510449,-1.2106825,-15.254855,0.1365928,0.80707234,0.27553618,0.50404024
0.9557728,-0.5347006,-14.956144,0.67625636,0.46857807,-0.5563044,0.11677929
0.7517671,-1.2107213,-15.25482,0.136611,0.806936,0.27563655,0.5041986
0.95603323,-0.5348719,-14.95616,0.67624915,0.46850565,-0.55636597,0.11681861
0.7516003,-1.2099615,-15.254789,0.13688919,0.80722004,0.27518228,0.5039166
0.9558317,-0.5345897,-14.955737,0.67625135,0.46846402,-0.55640185,0.11680135
0.751455,-1.2092994,-15.254763,0.13706122,0.8074639,0.27475485,0.5037123
0.95564896,-0.5347491,-14.955354,0.6762679,0.46842054,-0.5564185,0.11680101
0.7513277,-1.2094356,-15.254739,0.13726777,0.8076739,0.27445003,0.50348556
0.9558773,-0.534894,-14.955005,0.676285,0.4683665,-0.5564379,0.11682628
0.75175136,-1.2103072,-15.254702,0.13762571,0.80780536,0.27408963,0.503373
0.9562753,-0.5351464,-14.954397,0.6763023,0.4682884,-0.5564666,0.1169029
0.75162333,-1.2103597,-15.254685,0.13765927,0.80782264,0.27401173,0.50337875
0.95644903,-0.5352566,-14.954132,0.67628163,0.46828228,-0.5564905,0.1169325
0.7526757,-1.2104063,-15.254671,0.13760118,0.80760163,0.27411506,0.503693
0.95628697,-0.535679,-14.953889,0.6762459,0.46826804,-0.55653566,0.1169812
0.7530608,-1.2104479,-15.254658,0.13752817,0.8074293,0.27420872,0.5039381
0.95644337,-0.53576154,-14.953667,0.6761793,0.46828514,-0.5565936,0.11702243
0.75340563,-1.2104851,-15.254646,0.13747007,0.8072432,0.2743342,0.50418365
0.95658726,-0.5355475,-14.953461,0.6760922,0.4682818,-0.5566976,0.11704418
0.7537153,-1.2105186,-15.254636,0.13735358,0.8070496,0.27445263,0.5044608
0.9567198,-0.5353503,-14.953272,0.67601246,0.46827677,-0.5567936,0.11706884
0.75446904,-1.2100737,-15.254626,0.13722725,0.80686706,0.2745292,0.5047455
0.9568421,-0.5351684,-14.953097,0.6759341,0.46825692,-0.5569011,0.117089175
0.7551498,-1.2101233,-15.254618,0.1371337,0.8066682,0.27466413,0.50501525
0.9569552,-0.5352488,-14.952936,0.6758828,0.46822146,-0.55698955,0.117105804
0.7557661,-1.210168,-15.254611,0.13706434,0.8064897,0.274775,0.50525874
0.957296,-0.5350871,-14.952787,0.6757931,0.4682005,-0.5571106,0.1171315
0.75634944,-1.2097858,-15.254604,0.13698326,0.8063181,0.2748521,0.50551265
0.95761174,-0.53493726,-14.952649,0.6757135,0.4681613,-0.55723864,0.1171388
0.75694704,-1.2098495,-15.254597,0.13691044,0.8061622,0.2749526,0.5057264
0.95770514,-0.53502387,-14.952498,0.67564714,0.46813017,-0.5573369,0.11717838
0.75815165,-1.2099206,-15.254589,0.1368696,0.8059094,0.2750894,0.5060659
0.95808184,-0.5351173,-14.952337,0.6755583,0.46806931,-0.5574769,0.11726774
0.7582185,-1.2099875,-15.2545805,0.13681604,0.80571204,0.27519664,0.50633615
0.95849997,-0.5352211,-14.952157,0.6754765,0.46798685,-0.5576266,0.11735648
0.7596671,-1.209385,-15.254571,0.13685259,0.80551493,0.27513778,0.5066718
0.95896757,-0.53533715,-14.951957,0.6753781,0.4678368,-0.55784893,0.11746394
0.76120186,-1.2095264,-15.254561,0.13696775,0.80533737,0.2750613,0.5069643
0.9594734,-0.53505254,-14.951739,0.6752295,0.46763346,-0.5581732,0.11758749
0.7625564,-1.2090219,-15.254541,0.1372001,0.80515367,0.27476114,0.5073559
0.9612274,-0.5353906,-14.951229,0.67483395,0.46704653,-0.55904603,0.11804366
0.76317024,-1.2092235,-15.254533,0.1372763,0.8050895,0.27461353,0.50751716
0.96256423,-0.5355916,-14.950926,0.6746156,0.4666934,-0.5595482,0.11830876
0.7646956,-1.2103634,-15.254524,0.13744847,0.80497164,0.27457523,0.50767815
0.96319306,-0.5365279,-14.950616,0.674471,0.46635512,-0.5599509,0.118561745
0.7651307,-1.2104412,-15.254516,0.13755326,0.804944,0.2744002,0.5077883
0.96382177,-0.5366722,-14.950306,0.6742828,0.46605524,-0.56039786,0.11869927
0.76554096,-1.2094876,-15.254509,0.1375377,0.80494803,0.27428058,0.5078506
0.96444035,-0.5368141,-14.950002,0.6740971,0.4658372,-0.56076294,0.118885495
0.76490605,-1.2076819,-15.254503,0.13743131,0.8049927,0.27413216,0.50788885
0.96503985,-0.53695166,-14.949707,0.67396194,0.4657073,-0.5610061,0.119013466
0.76532364,-1.208036,-15.254498,0.13749056,0.80496013,0.27411094,0.5079358
0.9656131,-0.5370832,-14.949426,0.6739019,0.46564507,-0.56110215,0.11914379
0.76703334,-1.2075967,-15.254487,0.13728033,0.80476534,0.274127,0.5082925
0.9687217,-0.53646046,-14.949959,0.67345005,0.46591341,-0.5614227,0.119140275
0.76841784,-1.20802,-15.254482,0.13709915,0.8046105,0.27424824,0.5085212
0.96894854,-0.53562015,-14.949624,0.6733306,0.46605757,-0.5614732,0.119012885
0.7684849,-1.2072306,-15.254478,0.13676606,0.8045584,0.27421087,0.5087134
0.96815616,-0.53589255,-14.949342,0.6733486,0.46608883,-0.5614505,0.11889584
0.76981646,-1.206477,-15.254475,0.13653505,0.8044487,0.27426684,0.50891864
0.9693771,-0.53517425,-14.95005,0.67321926,0.46616617,-0.56155545,0.11883003
0.7697103,-1.2070602,-15.254472,0.13639724,0.804372,0.27428523,0.509067
0.9705768,-0.5355111,-14.949704,0.67314214,0.46618924,-0.5616327,0.11881127
0.7708587,-1.2075868,-15.254469,0.13617145,0.80419207,0.27439287,0.5093536
0.97060394,-0.53581357,-14.949393,0.6730376,0.46617365,-0.5617785,0.11877492
0.77061826,-1.2068137,-15.254467,0.13579038,0.8041589,0.27438733,0.5095106
0.9717417,-0.53498673,-14.9491,0.6728647,0.4662447,-0.56193656,0.11872851
0.77041095,-1.2061474,-15.254464,0.13549127,0.80412966,0.2743783,0.50964123
0.9716381,-0.5342725,-14.948846,0.6727698,0.4663033,-0.56201404,0.11866917
0.7713452,-1.2050294,-15.254461,0.13493271,0.80397725,0.27446252,0.50998455
0.9726022,-0.53514224,-14.948416,0.6726034,0.46646085,-0.56210536,0.11855997
0.7723119,-1.205844,-15.254459,0.1347297,0.80384606,0.27464458,0.5101469
0.97357124,-0.5343414,-14.948223,0.6724858,0.4666176,-0.5621317,0.11848583
0.7731947,-1.2052348,-15.254458,0.13449992,0.80378485,0.27477255,0.51023495
0.9732461,-0.53366953,-14.948063,0.6724111,0.4668135,-0.56206584,0.11845088
0.7739477,-1.2060586,-15.254457,0.1343056,0.80371386,0.27496588,0.5102939
0.9729699,-0.53309864,-14.947926,0.67240894,0.46701482,-0.56192523,0.11833609
0.7746221,-1.2053976,-15.2544565,0.13406627,0.8036921,0.27508307,0.51032794
0.97385854,-0.5337152,-14.947799,0.67241144,0.46715152,-0.5618072,0.1183428
0.77384084,-1.2048612,-15.254455,0.13390176,0.803694,0.27520534,0.51030225
0.9724289,-0.5331445,-14.947693,0.67247665,0.46735036,-0.5615808,0.11826224
0.77320135,-1.2044219,-15.254454,0.13369109,0.8037298,0.2752842,0.5102586
0.97225666,-0.53369594,-14.947604,0.67252594,0.46753302,-0.56137866,0.11821935
0.7739252,-1.204031,-15.254453,0.13356219,0.8037383,0.27536896,0.5102332
0.97211057,-0.53318286,-14.947528,0.67256314,0.46773264,-0.5611816,0.11815416
0.7732807,-1.2024535,-15.254453,0.1333991,0.80380327,0.2753648,0.51017576
0.97198594,-0.5327451,-14.947463,0.6725577,0.46791598,-0.56104434,0.11811012
0.77274805,-1.2035255,-15.254453,0.13339905,0.80383104,0.2755249,0.5100455
0.97099394,-0.5332547,-14.947408,0.6726303,0.4680166,-0.5608756,0.11809992
0.77230453,-1.2032896,-15.254453,0.13326874,0.8037411,0.275735,0.5101079
0.97013825,-0.53369427,-14.94736,0.67267454,0.468014,-0.5608298,0.11807573
0.77193266,-1.2030919,-15.254453,0.13313758,0.8036361,0.27594227,0.5101955
0.97019535,-0.5340753,-14.947319,0.6727021,0.46798083,-0.56082624,0.11806704
0.7716188,-1.2029248,-15.254453,0.13297963,0.80358857,0.27604723,0.5102547
0.97024506,-0.5344072,-14.947282,0.67273134,0.4679582,-0.56081456,0.118045256
0.77235645,-1.2027756,-15.254453,0.13282698,0.8034892,0.27609155,0.5104269
0.9710095,-0.5339767,-14.94725,0.672712,0.46793807,-0.5608638,0.118001804
0.7730504,-1.2026353,-15.254453,0.13268006,0.8033844,0.27609533,0.510628
0.9717329,-0.5343068,-14.947221,0.67269164,0.46790355,-0.56092054,0.117985204
0.7726184,-1.2025168,-15.254453,0.13249199,0.8033502,0.27604416,0.51075834
0.97166467,-0.5346053,-14.947194,0.6726924,0.4678457,-0.56097144,0.117968105
0.7732776,-1.2024062,-15.254453,0.13244118,0.80321753,0.27607003,0.510966
0.972365,-0.5341313,-14.947167,0.6726399,0.46779558,-0.56108177,0.11794159
0.77388924,-1.2023035,-15.254453,0.13230872,0.8030869,0.27606526,0.5112083
0.97224593,-0.534452,-14.947144,0.6726098,0.46770748,-0.56119007,0.117947266
0.7733504,-1.2022173,-15.254453,0.13224117,0.80299985,0.2761004,0.5113435
0.9729244,-0.534769,-14.947121,0.6725539,0.46756768,-0.561362,0.11800212
0.77393496,-1.202139,-15.254453,0.13208787,0.8027605,0.2761224,0.5117468
0.97358704,-0.53507864,-14.947098,0.6724711,0.4673487,-0.56162745,0.11807835
0.7756681,-1.2020633,-15.25562,0.13194798,0.8024708,0.27608955,0.5122548
0.9742141,-0.5344917,-14.947077,0.67231387,0.46712646,-0.5619379,0.118375905
0.7760371,-1.2007769,-15.256689,0.13171472,0.80232346,0.27601668,0.5125848
0.9748122,-0.5348557,-14.947056,0.6721666,0.46695295,-0.562179,0.11875151
0.7763432,-1.2020221,-15.257576,0.13163,0.8021042,0.27612758,0.5128899
0.9753772,-0.5351996,-14.947036,0.67207444,0.4668065,-0.56232417,0.119160704
0.77550066,-1.2019643,-15.258318,0.13132082,0.8021197,0.27609035,0.5129649
0.97494286,-0.5354935,-14.94702,0.67203957,0.46674487,-0.5623369,0.1195379
0.7758352,-1.2019156,-15.258941,0.13122441,0.8019857,0.2761189,0.51318365
0.9745696,-0.535746,-14.947876,0.67202294,0.46672216,-0.56228304,0.11997279
0.77614325,-1.200793,-15.259515,0.13097171,0.8019542,0.27599293,0.5133652
0.97507495,-0.5351364,-14.948616,0.67198175,0.46677768,-0.5621962,0.120393805
0.77641994,-1.200875,-15.260031,0.13075313,0.80194694,0.27602437,0.5134153
0.97551364,-0.53539354,-14.949259,0.6719628,0.46686834,-0.56205887,0.120788366
0.7756171,-1.1999083,-15.260465,0.13020861,0.80200166,0.27611375,0.5134201
0.9751492,-0.5356178,-14.9498205,0.6720744,0.46715698,-0.5615992,0.12118889
0.7759564,-1.1989924,-15.260877,0.12978233,0.8019987,0.27619553,0.5134889
0.97483,-0.5358143,-14.950312,0.67217803,0.46745345,-0.56115484,0.12152898
0.77555954,-1.1985744,-15.261533,0.12907761,0.80209714,0.27624583,0.5134856
0.97303104,-0.53613997,-14.951125,0.6724626,0.46817973,-0.56015086,0.12179054
0.77588594,-1.1988921,-15.261806,0.12899393,0.80217373,0.27622586,0.51339775
0.9722829,-0.5356669,-14.951464,0.67253864,0.4686444,-0.55966526,0.12181599
0.77517134,-1.19817,-15.262039,0.12876585,0.8023673,0.27611205,0.51321363
0.9721952,-0.535824,-14.951765,0.67263126,0.4690553,-0.55921274,0.121801525
0.7745626,-1.1984985,-15.262238,0.12863287,0.80251735,0.27613303,0.513001
0.97156775,-0.53596425,-14.952034,0.67270243,0.4694671,-0.55878997,0.12176175
0.77404106,-1.1978835,-15.262407,0.1284792,0.8026511,0.27605036,0.51287484
0.97100574,-0.5355682,-14.952274,0.6727592,0.4698943,-0.5583782,0.12168943
0.7735918,-1.1982054,-15.262554,0.12832642,0.8028408,0.27602962,0.5126271
0.97050077,-0.53521234,-14.952491,0.6728511,0.4703095,-0.5579366,0.1216025
0.77239376,-1.198484,-15.262681,0.12813054,0.80302125,0.27605307,0.5123808
0.9695749,-0.5348917,-14.952215,0.6729698,0.47072327,-0.5574809,0.12143464
0.77212006,-1.1979579,-15.262792,0.1279103,0.8031547,0.27612445,0.51218826
0.9691858,-0.5341548,-14.951966,0.67302704,0.4712307,-0.55701864,0.12127057
0.7711506,-1.1982281,-15.262888,0.12766771,0.80326736,0.276288,0.5119838
0.96840847,-0.5339122,-14.951741,0.67316145,0.4718208,-0.5564069,0.12103778
0.7716869,-1.1984655,-15.262972,0.12681194,0.8025972,0.2776989,0.5124839
0.96689516,-0.5336919,-14.951535,0.6735468,0.47333652,-0.5547822,0.12043294
0.77150065,-1.1986746,-15.263047,0.12617727,0.8019747,0.2789335,0.51294446
0.9655179,-0.5331079,-14.951349,0.6739319,0.475054,-0.55297697,0.119817264
0.7713359,-1.1994857,-15.263113,0.12571995,0.80129725,0.28021932,0.5134145
0.9645311,-0.53251857,-14.951161,0.6742571,0.47671798,-0.55126864,0.11924907
0.77178425,-1.1996113,-15.263171,0.12537667,0.8005819,0.281382,0.5139783
0.96323717,-0.53174573,-14.950914,0.67455447,0.4781944,-0.5497093,0.118853234
0.77274877,-1.2002882,-15.263225,0.12528235,0.79977435,0.28245187,0.5146711
0.960908,-0.5315134,-14.950608,0.6749134,0.47937423,-0.54831564,0.118499845
0.77361125,-1.2008935,-15.263271,0.12513973,0.7992256,0.28322485,0.5151332
0.9592488,-0.53126377,-14.95028,0.6751197,0.4803871,-0.547225,0.11826478
0.77387494,-1.2009264,-15.263313,0.124749176,0.79886353,0.28392595,0.51540357
0.957561,-0.53100985,-14.950886,0.67533296,0.48114076,-0.54634005,0.11807471
0.77411216,-1.2009562,-15.263351,0.12449849,0.7986681,0.28427368,0.51557535
0.95461226,-0.5296101,-14.950414,0.6756553,0.48169082,-0.54553264,0.117720515
0.7743315,-1.2014552,-15.263387,0.12440984,0.798544,0.2845268,0.5156494
0.9516846,-0.52948594,-14.949945,0.67593694,0.482071,-0.54489446,0.117502615
0.77454215,-1.2019345,-15.263419,0.124358065,0.798551,0.2846138,0.5156029
0.9488447,-0.5279517,-14.9494915,0.6761046,0.48234552,-0.5445094,0.1171959
0.7747477,-1.2024022,-15.263452,0.12434245,0.7987555,0.28444484,0.5153832
0.94627875,-0.5280632,-14.95058,0.6763717,0.4824351,-0.54412496,0.117071815
0.7740038,-1.2028241,-15.263481,0.12545875,0.79988706,0.2834406,0.51390874
0.94563246,-0.52960217,-14.9514675,0.67669106,0.48151326,-0.54449564,0.11729794
0.7728898,-1.2032055,-15.263509,0.12622833,0.80100745,0.2824684,0.5125087
0.9450971,-0.5308772,-14.952203,0.6770675,0.48073262,-0.5446462,0.117628135
0.77229947,-1.203551,-15.263113,0.12691091,0.8017929,0.28165936,0.5115563
0.9446487,-0.53194475,-14.952819,0.6772338,0.48018366,-0.5448799,0.11783
0.77176315,-1.203865,-15.2627535,0.12731354,0.8024968,0.28092402,0.51075625
0.9428053,-0.5328963,-14.953368,0.6774395,0.4796268,-0.54510504,0.117874235
0.77127475,-1.204151,-15.262426,0.12770896,0.8030197,0.28028262,0.5101877
0.941159,-0.5322287,-14.953858,0.67758906,0.4791948,-0.5452892,0.11792001
0.770829,-1.204412,-15.262129,0.12804455,0.8034662,0.27971897,0.5097098
0.9412881,-0.5316745,-14.954266,0.6775973,0.47885737,-0.5455749,0.117921695
0.77042145,-1.2046506,-15.261855,0.12837645,0.8038259,0.27932635,0.5092743
0.9413958,-0.531212,-14.954605,0.6776388,0.4785116,-0.54579985,0.118045546
0.7697235,-1.2048694,-15.261605,0.1287581,0.8042143,0.27887362,0.50881255
0.9414824,-0.5336487,-14.954878,0.67771375,0.47801176,-0.5460486,0.11849009
0.7690827,-1.20507,-15.261375,0.12906662,0.8045231,0.2785341,0.50843215
0.9415527,-0.5356255,-14.953766,0.6777748,0.4776428,-0.5462046,0.1189089
0.7684482,-1.2052689,-15.2611475,0.12934807,0.8047548,0.2782226,0.50816447
0.94161016,-0.534708,-14.954123,0.6777548,0.47730938,-0.5465059,0.11897664
0.7676394,-1.2055222,-15.260858,0.12958856,0.80493057,0.2778711,0.508017
0.9428616,-0.5327473,-14.954417,0.6776535,0.47697675,-0.5468973,0.119089805
0.7666667,-1.205827,-15.2605095,0.12977372,0.80503094,0.2776523,0.5079303
0.94275767,-0.5345494,-14.953519,0.6776747,0.47660932,-0.5471146,0.11944143
0.7662228,-1.206149,-15.260141,0.12993994,0.80509186,0.27738935,0.507935
0.9426707,-0.5327979,-14.953853,0.67755836,0.476331,-0.5474947,0.11947018
0.7657626,-1.2064828,-15.25976,0.13007379,0.805123,0.27717304,0.50796944
0.94259745,-0.5333865,-14.953102,0.677507,0.47605845,-0.5477508,0.11967359
0.7652941,-1.2068226,-15.259371,0.13014942,0.8051591,0.2769939,0.5079906
0.94253534,-0.53290504,-14.952465,0.677416,0.47582367,-0.5480576,0.11971741
0.76485544,-1.2064304,-15.259007,0.13020334,0.8051482,0.27682292,0.50808716
0.94341403,-0.5324943,-14.951921,0.67727065,0.47559112,-0.5484295,0.11976108
0.7635683,-1.2068306,-15.258619,0.13024014,0.80512303,0.2768099,0.50812465
0.9441678,-0.533912,-14.951456,0.67719144,0.47536945,-0.54866886,0.11999238
0.763189,-1.2072177,-15.258244,0.13031738,0.8050799,0.27677014,0.50819486
0.94481796,-0.5326124,-14.951895,0.6769696,0.4752447,-0.5490518,0.119986765
0.7636873,-1.2075548,-15.257916,0.13032444,0.80498105,0.27680582,0.5083303
0.94618034,-0.5338821,-14.951477,0.6767558,0.47511268,-0.5493602,0.12030386
0.7660493,-1.2104486,-15.255842,0.13059802,0.8041877,0.2779286,0.5089028
0.94840544,-0.53385,-14.950793,0.6760823,0.47510034,-0.5499066,0.1216357
0.7680139,-1.213067,-15.254866,0.13079424,0.8037352,0.27870378,0.50914323
0.94931793,-0.5348504,-14.950512,0.6758278,0.47508782,-0.5500023,0.12266213
0.7690365,-1.2147396,-15.253896,0.13093205,0.8033623,0.2793776,0.50932693
0.9501231,-0.5357331,-14.950265,0.6755837,0.47510105,-0.55008435,0.12358408
0.77004004,-1.2163808,-15.252943,0.13103512,0.8030372,0.2799698,0.5094879
0.9508361,-0.5365149,-14.950664,0.6753751,0.47511303,-0.5501312,0.124466404
0.772032,-1.2179139,-15.252053,0.13114972,0.80271804,0.28052154,0.50965804
0.95147,-0.5372098,-14.951018,0.6751387,0.47515938,-0.5501358,0.12554666
0.7744538,-1.2206576,-15.251605,0.13130848,0.80211025,0.28156394,0.50999904
0.95201147,-0.5383844,-14.951617,0.67453146,0.47552705,-0.54989576,0.12843668
0.77381974,-1.2206672,-15.251933,0.13132061,0.8018091,0.28211144,0.51016694
0.95198995,-0.5388823,-14.951872,0.6741506,0.47582924,-0.5497402,0.12997444
0.775498,-1.221798,-15.252227,0.13138312,0.8014352,0.28266907,0.5104296
0.9519706,-0.53933054,-14.952101,0.67380196,0.4761511,-0.5495408,0.13143814
0.7758475,-1.221678,-15.25248,0.13139199,0.8011021,0.28312585,0.510697
0.9524074,-0.5397352,-14.952308,0.67345124,0.47649685,-0.54932183,0.13288997
0.7761785,-1.2227277,-15.2515545,0.13117996,0.80047977,0.2836867,0.5114156
0.951508,-0.5392382,-14.952064,0.6725912,0.47906446,-0.5479896,0.1335129
0.7764578,-1.2224969,-15.251891,0.13092825,0.79986435,0.28417164,0.51217324
0.9506919,-0.53878725,-14.951841,0.67185426,0.48154002,-0.54662365,0.13391663
0.7778446,-1.223425,-15.252194,0.13076796,0.7992275,0.28469267,0.51291835
0.95033914,-0.5379876,-14.95164,0.6711492,0.48376215,-0.5454479,0.13423723
0.7779282,-1.2231209,-15.25245,0.13046819,0.7987686,0.28499952,0.51353884
0.94964767,-0.5372587,-14.951456,0.6706393,0.48565358,-0.54431754,0.13454418
0.7791208,-1.223961,-15.252682,0.13028672,0.798281,0.2852833,0.5141851
0.949016,-0.53694445,-14.951639,0.67036635,0.48764464,-0.54270893,0.13519906
0.7790614,-1.2236055,-15.253938,0.13012089,0.7980089,0.28530496,0.51463723
0.94810385,-0.53665686,-14.951807,0.6701451,0.48941806,-0.54123485,0.13579586
0.7798758,-1.2239572,-15.255901,0.12991363,0.79769915,0.2849372,0.51537305
0.94550467,-0.5349773,-14.952251,0.6697294,0.4928936,-0.53822905,0.13721542
0.77975345,-1.2236528,-15.256674,0.12978047,0.7976619,0.28464302,0.5156267
0.9439244,-0.5338708,-14.952544,0.6695245,0.4945431,-0.5367337,0.13813458
0.7796482,-1.2233909,-15.257338,0.12963128,0.79765534,0.2843399,0.5158416
0.9412615,-0.5325887,-14.952885,0.66943085,0.49598002,-0.5353351,0.13886164
0.77955717,-1.2231646,-15.257912,0.12950364,0.7976894,0.28406456,0.5159726
0.9383734,-0.5311982,-14.953253,0.66939104,0.49744347,-0.5338558,0.13951251
0.7786983,-1.222968,-15.25841,0.12941384,0.7977708,0.2837968,0.5160167
0.9354095,-0.52977115,-14.954761,0.66941696,0.49867076,-0.5325299,0.14007308
0.7779486,-1.2227963,-15.258845,0.12931867,0.7978711,0.2834927,0.5160526
0.93253946,-0.52962875,-14.954982,0.66945887,0.49974504,-0.5313158,0.1406535
0.7772913,-1.2219421,-15.259931,0.1292195,0.7979559,0.28316167,0.51612806
0.9283639,-0.5294903,-14.955196,0.6696067,0.500587,-0.5301767,0.14125292
0.77671254,-1.2218584,-15.260219,0.12923299,0.7979891,0.28292656,0.5162024
0.9260976,-0.53079975,-14.955386,0.6697524,0.50122094,-0.52923423,0.14184658
0.777541,-1.2223144,-15.261896,0.12958461,0.7980071,0.28166553,0.5167757
0.91913885,-0.52717656,-14.955722,0.67001927,0.5042424,-0.52580804,0.14261763
0.7776031,-1.2222204,-15.262599,0.12979801,0.79811275,0.28089318,0.51697934
0.9163,-0.5274478,-14.955858,0.67033154,0.5053105,-0.5244731,0.14228542
0.77765864,-1.2215921,-15.2632265,0.1299286,0.7982377,0.2800705,0.5171999
0.91387826,-0.52403057,-14.955975,0.67044276,0.5059593,-0.5239683,0.1413118
0.77770835,-1.2210289,-15.263789,0.13006568,0.7983368,0.27936828,0.5173922
0.9119338,-0.52671057,-14.956068,0.67068654,0.5062072,-0.5235674,0.1407516
0.777753,-1.2205228,-15.264295,0.13024314,0.79844594,0.27864876,0.5175671
0.9103255,-0.5215604,-14.956145,0.6705547,0.5064105,-0.5238765,0.13949269
0.7773264,-1.2205333,-15.26475,0.13049592,0.7985691,0.27798238,0.5176718
0.90703493,-0.5210576,-14.956211,0.67074096,0.50611377,-0.52427906,0.13815555
0.777861,-1.2201275,-15.265534,0.13111606,0.79875374,0.27683243,0.51784635
0.9057595,-0.516819,-14.956306,0.6709081,0.5049806,-0.52591306,0.1352499
0.77829134,-1.2205533,-15.265473,0.13189203,0.7988383,0.27665326,0.51761454
0.9109139,-0.51539063,-14.956338,0.67044586,0.50275147,-0.52934176,0.1324413
0.77830476,-1.2214482,-15.265408,0.13271694,0.798947,0.27659217,0.51726866
0.9148622,-0.51606476,-14.956363,0.670109,0.50072086,-0.5322362,0.13022014
0.7783195,-1.2229425,-15.264826,0.13351952,0.79902136,0.2765961,0.51694494
0.9162433,-0.5165874,-14.956382,0.66981703,0.49912465,-0.53452194,0.12847628
0.7783346,-1.2239188,-15.264231,0.13428593,0.79910636,0.27660954,0.5166078
0.9157301,-0.5169971,-14.954801,0.66956973,0.49793595,-0.5362452,0.1271897
0.77900857,-1.2256727,-15.263562,0.13522701,0.7991734,0.27666417,0.51622915
0.9183557,-0.51732165,-14.953549,0.6691216,0.49698225,-0.5378983,0.12629518
0.7789772,-1.2267252,-15.262891,0.13617972,0.7992979,0.27672493,0.5157531
0.9218969,-0.51758134,-14.952547,0.66869867,0.49614838,-0.5393293,0.12570967
0.7789422,-1.2296013,-15.2612915,0.13755445,0.79962736,0.2768689,0.51479936
0.9261252,-0.5177911,-14.951737,0.6681527,0.49539077,-0.5407164,0.12564193
0.77785623,-1.2338703,-15.2595005,0.13908483,0.8000486,0.2771174,0.5135987
0.9269706,-0.5192619,-14.951077,0.667918,0.4948257,-0.5415191,0.12565938
0.7756199,-1.2369312,-15.257728,0.14058344,0.8006663,0.27733803,0.51210684
0.9289,-0.5204702,-14.950536,0.6676231,0.49449208,-0.54213274,0.12589338
0.77204484,-1.2413347,-15.255946,0.1422239,0.80178475,0.27781236,0.50964105
0.9281512,-0.5214706,-14.951261,0.6676267,0.49455297,-0.5419846,0.1262726
0.7657091,-1.2455256,-15.254251,0.14372095,0.8031608,0.27830544,0.5067773
0.9286411,-0.52007604,-14.95298,0.66760623,0.49475852,-0.541746,0.1265985
0.75959706,-1.2512382,-15.252615,0.1453803,0.8046055,0.27888763,0.50368273
0.92799383,-0.5210223,-14.954423,0.66778815,0.4950434,-0.5411288,0.12716426
0.75192666,-1.2585318,-15.251074,0.14722875,0.8061361,0.2793931,0.50040764
0.9274466,-0.5198107,-14.957656,0.667958,0.49539265,-0.54048586,0.1276455
0.7426141,-1.2696985,-15.251846,0.14911078,0.8076155,0.2798564,0.49719575
0.9250701,-0.51878,-14.96136,0.6682407,0.49583027,-0.5395789,0.12830177
0.7318645,-1.28461,-15.255054,0.15101948,0.8093011,0.2797437,0.49393147
0.9230369,-0.51608276,-14.967252,0.668427,0.49636236,-0.5386759,0.12906662
0.71694905,-1.3059553,-15.260676,0.15303226,0.8116467,0.2789653,0.4898867
0.9193873,-0.5080193,-14.977953,0.66839385,0.49733818,-0.53757375,0.13007279
0.7119453,-1.3315883,-15.277541,0.15544853,0.81473666,0.27728492,0.48492587
0.916651,-0.49498755,-14.99748,0.6684725,0.49873587,-0.5358126,0.13157462
0.71500355,-1.3593565,-15.305735,0.1582229,0.8187345,0.2744858,0.47884956
0.91808987,-0.46445483,-15.033075,0.6684616,0.50070244,-0.53351665,0.13347693
0.68874633,-1.4768727,-15.448275,0.16557366,0.82896125,0.26609027,0.46325436
0.9199146,-0.30566117,-15.18328,0.66626966,0.5088036,-0.52639776,0.14180644
0.64705867,-1.5941877,-15.58718,0.17271943,0.8374491,0.25835794,0.4495534
0.90262127,-0.14783677,-15.334588,0.66255707,0.51926494,-0.5177893,0.15256636
0.5978948,-1.6899538,-15.715853,0.17917478,0.8442358,0.25128028,0.4382016
0.8612025,-0.0043653636,-15.4638195,0.6578178,0.53034604,-0.5091499,0.16363181
0.5346953,-1.7812669,-15.8456,0.18587212,0.8497008,0.2444869,0.4285863
0.80190283,0.11011113,-15.571378,0.6525098,0.540638,-0.5015764,0.17424902
0.19465771,-1.9981323,-16.30355,0.20360486,0.8622169,0.22882402,0.4034436
0.48207685,0.4229839,-15.849088,0.63948876,0.5631492,-0.4866349,0.19262311
0.0042879153,-2.0835435,-16.517384,0.21203284,0.8673545,0.22273076,0.3913173
0.31014442,0.5559227,-15.976592,0.6335881,0.57319087,-0.480192,0.19858016
-0.17757696,-2.1381314,-16.687084,0.21844162,0.8707317,0.21944143,0.38204056
0.14161573,0.6468053,-16.07843,0.62939465,0.5812768,-0.47460905,0.20180655
-0.3493801,-2.1822774,-16.848318,0.22411883,0.872859,0.21781369,0.37476003
-0.011899094,0.7096101,-16.170778,0.62653,0.5873003,-0.4700984,0.20382856
-0.5571161,-2.2091577,-16.998646,0.22835465,0.87463146,0.21755998,0.36815974
-0.19118243,0.7559487,-16.252596,0.6245018,0.5923114,-0.46620116,0.20450233
-0.76867634,-2.2239463,-17.14547,0.2321625,0.87596357,0.21758984,0.36255082
-0.39129737,0.7903925,-16.33723,0.6231821,0.5964191,-0.46277192,0.20437828
-0.9813187,-2.228272,-17.291206,0.23574744,0.876716,0.21839413,0.3579054
-0.5877553,0.8472801,-16.42383,0.62146544,0.5998035,-0.46125534,0.20312567
-1.2151653,-2.2364182,-17.429863,0.23976529,0.87706655,0.21937229,0.35375518
-0.8147251,0.8919087,-16.510725,0.6201838,0.6023051,-0.46060902,0.2010971
-1.7283106,-2.2324045,-17.702267,0.246186,0.8772063,0.2248817,0.34544146
-1.2991066,0.9454576,-16.666965,0.61731035,0.6062081,-0.46039805,0.1986791
-1.9960177,-2.2166433,-17.830816,0.2490518,0.877051,0.22857124,0.34133562
-1.5421133,0.9826475,-16.75302,0.6160317,0.60715425,-0.46158665,0.19699368
-2.2798657,-2.1842158,-17.964262,0.25153893,0.8772175,0.23239964,0.33646426
-1.8184035,1.0210012,-16.826775,0.6153746,0.6082882,-0.46208215,0.19437006
-5.1058936,-2.1315942,-18.97473,0.27940026,0.8720466,0.24380931,0.31941724
-4.6236157,1.3453209,-17.585707,0.6111466,0.61460906,-0.46459693,0.18139818
-5.4683685,-2.1409893,-19.088154,0.28605464,0.8702955,0.2437835,0.31832078
-5.020613,1.3970901,-17.677395,0.60901314,0.6161196,-0.46601725,0.17979883
-5.781673,-2.1582315,-19.165606,0.29078096,0.86894447,0.24293868,0.31837526
-5.3517056,1.4463946,-17.736147,0.60679865,0.6177145,-0.46707317,0.17907219
-6.068943,-2.1694756,-19.235327,0.29446965,0.867812,0.24120723,0.31938872
-5.651952,1.480155,-17.801937,0.6057976,0.61776006,-0.46858656,0.1783494
-6.3351307,-2.1948373,-19.29568,0.29790205,0.8665535,0.2395998,0.32082927
-5.959912,1.5253128,-17.854303,0.60500336,0.6179728,-0.46949482,0.17791948
-6.61137,-2.2152889,-19.353888,0.30033135,0.8654227,0.2390179,0.32204825
-6.2390494,1.5654453,-17.89602,0.60390586,0.61845183,-0.47009552,0.17839648
-6.86655,-2.2193792,-19.411669,0.30214694,0.8642544,0.23868918,0.32372683
-6.5193777,1.6272416,-17.927786,0.601958,0.6195009,-0.47089046,0.17924163
-7.132898,-2.2201974,-19.461672,0.30350065,0.8635397,0.2378699,0.32496864
-6.792413,1.6632051,-17.980314,0.6005442,0.61948633,-0.47217903,0.18063909
-7.37841,-2.2511199,-19.502432,0.30598506,0.8622737,0.23698664,0.32664156
-7.086777,1.7013389,-18.02187,0.59973925,0.61884314,-0.47360942,0.18176953
-7.8196874,-2.288063,-19.572102,0.3086837,0.8606509,0.23487146,0.32989386
-7.5844975,1.7782422,-18.068707,0.59755766,0.61891395,-0.4750657,0.18488637
-8.100185,-2.3031414,-19.609104,0.31035307,0.85942316,0.23270188,0.33305064
-7.8685946,1.8551406,-18.108831,0.5946667,0.6188438,-0.4775914,0.18791062
-8.371596,-2.3292263,-19.616505,0.3120763,0.85865617,0.22997446,0.3353054
-8.156105,1.8628305,-18.155306,0.59303635,0.61779463,-0.47991234,0.1905832
-8.971848,-2.41903,-19.617985,0.3151197,0.85626864,0.22520998,0.34173694
-8.867231,1.9335759,-18.218428,0.5905605,0.61566836,-0.48439348,0.19378792
-9.276451,-2.475439,-19.602903,0.31716722,0.8543698,0.22185679,0.34675172
-9.22477,1.9092764,-18.277191,0.58965063,0.61212426,-0.48888335,0.19649196
-9.514235,-2.479031,-19.592196,0.3182778,0.8530189,0.21851455,0.35115442
-9.496208,1.9813136,-18.296633,0.5872787,0.6102663,-0.49312514,0.19876197
-9.715586,-2.5335777,-19.590055,0.31941685,0.8513825,0.21604452,0.3555918
-9.773499,1.9803417,-18.323591,0.58584803,0.6077749,-0.49710166,0.20070276
-9.92503,-2.5752456,-19.566557,0.32093877,0.84963846,0.21404283,0.35958105
-10.036577,1.9570781,-18.359741,0.5849261,0.6046936,-0.5011425,0.2026407
-10.143782,-2.5605102,-19.561857,0.3209879,0.8485937,0.211749,0.36334267
-10.235298,2.0523915,-18.390041,0.5825472,0.60272473,-0.5055792,0.20433159
-10.356705,-2.6037014,-19.530159,0.32157886,0.8474038,0.21004479,0.36657205
-10.521112,1.9791778,-18.426859,0.58177215,0.59997594,-0.5090327,0.2060481
-10.545395,-2.60465,-19.523819,0.32145655,0.8461928,0.2084617,0.37036088
-10.739759,2.0798807,-18.426533,0.57968616,0.5985449,-0.51257765,0.20729746
-10.706167,-2.6586676,-19.52255,0.3218676,0.8444947,0.20730796,0.37450418
-10.98342,1.9846755,-18.480295,0.579001,0.59579206,-0.51590437,0.20888375
-11.145876,-2.70023,-19.47616,0.32210544,0.8420511,0.2045839,0.38123953
-11.501225,2.057911,-18.537188,0.5771719,0.59288716,-0.5206861,0.21034156
-11.372232,-2.708542,-19.451502,0.3222045,0.8398032,0.20228869,0.38729078
-11.7432,2.1725242,-18.540874,0.57470095,0.59086525,-0.5252663,0.21140608
-11.52516,-2.7871017,-19.415812,0.3228736,0.8373707,0.20050672,0.3928868
-11.968459,2.0724115,-18.57237,0.57357216,0.5877658,-0.5293194,0.21299598
-11.655711,-2.825883,-19.400984,0.3234112,0.8350605,0.19859631,0.39829487
-12.182684,2.02932,-18.57867,0.5724639,0.58459353,-0.5332653,0.21485727
-11.781788,-2.8259492,-19.390327,0.3234441,0.8331144,0.1964876,0.40335724
-12.363944,2.1360471,-18.541483,0.57072216,0.5816183,-0.5377694,0.21633433
-11.953108,-2.8336523,-19.349749,0.32366425,0.83155084,0.19436063,0.4074169
-12.53861,2.2342896,-18.518665,0.5684029,0.57854766,-0.542945,0.21774207
-12.325719,-2.9274693,-19.280115,0.3243274,0.82829064,0.19229235,0.4144516
-13.119513,2.0924544,-18.53717,0.5653855,0.56904626,-0.5539404,0.22288035
-12.484828,-2.915474,-19.2585,0.32466483,0.82549006,0.19042242,0.42059273
-13.404866,2.0410182,-18.525492,0.56222594,0.5591634,-0.5650035,0.22805542
-12.5704775,-2.9669027,-19.238796,0.32532263,0.82237834,0.18947524,0.42656568
-13.577282,2.0691795,-18.515467,0.5586324,0.549084,-0.5764367,0.2327173
-12.710643,-2.9618092,-19.196407,0.32595766,0.8193905,0.18872075,0.43212903
-13.78094,2.0517426,-18.482704,0.555435,0.5394226,-0.586857,0.23688437
-12.800193,-2.945411,-19.18024,0.32645828,0.8161,0.18803824,0.43823224
-13.929326,2.032876,-18.48384,0.55257344,0.5302181,-0.5962869,0.24077651
-12.879621,-2.9344418,-19.177006,0.3267293,0.8126544,0.18742713,0.44464806
-14.07435,2.0598614,-18.468689,0.55007476,0.5221453,-0.6045973,0.24340151
-12.957025,-2.9553168,-19.16867,0.32729524,0.8089256,0.18703423,0.45114893
-14.164871,2.0575688,-18.481037,0.54735476,0.51471543,-0.6123181,0.24604368
-13.057091,-2.9364228,-19.143934,0.32773572,0.80576414,0.18620127,0.45679602
-14.252183,2.0263515,-18.506577,0.54505986,0.50795937,-0.6188075,0.24892646
-13.138621,-2.9480236,-19.115917,0.32816464,0.8028229,0.18574642,0.46182436
-14.346543,1.9893492,-18.511684,0.54336256,0.5020961,-0.6240299,0.25148243
-13.201067,-2.9503436,-19.102623,0.3283965,0.8000796,0.18548684,0.4665009
-14.473071,2.0588458,-18.481947,0.5417175,0.49775118,-0.628442,0.25267902
-13.244314,-2.966187,-19.099964,0.32870045,0.7971982,0.18531357,0.47126436
-14.552204,2.1496422,-18.46831,0.53933096,0.4940401,-0.6331198,0.25338888
-13.814312,-2.8078718,-18.861052,0.3272717,0.7873652,0.18505709,0.4885726
-15.006344,2.4984586,-18.273338,0.53501654,0.477415,-0.649213,0.2536823
-13.973617,-2.814622,-18.76762,0.32669216,0.77750975,0.18580036,0.5042113
-15.179097,2.2718148,-18.24251,0.53391516,0.4654072,-0.6568227,0.258679
-14.097069,-2.762817,-18.695505,0.32591143,0.7668566,0.18584806,0.52074295
-15.185348,2.3734908,-18.206285,0.5304709,0.4575666,-0.6637755,0.261984

