ICVP Direct Stim Program 4.0.1+v4.0.1 - RelativeLocations
Updated at: 2022-08-22--20-41-25
Subject ID: CKT
Tester ID: kstipp
Direct Stimulation Input from the UI

UserID ; Time ; Electrodes ; Frequency (Hz) ; Cathodic Phase Duration (us) ; Train Length (ms) ; Duty On (ms); Duty Off (ms) ; Inter-train Length (ms) ; Amplitude (uA) ; Sent to Gateway ; Response ; Response Latency (ms) ; Response Duration (ms) ; Comments
kstipp ; 2022-08-22--20-41-25 ; 5B00-5B01-5B04-5B05 , 5B00-5B01-5B04-5B05-1500-1501-1504-1505 ; 200 ; 200 ; 1000 ; 1000 ; 0 ; 0 ; 40 ; True ;  ;  ;  ; moved top left. 1st dark purple. up to the left 4 peas in diamond. space between

Position t,Position u,Position v,Orientation w,Orientation x,Orientation y,Orientation z
0.67720723,-1.2772963,-15.201811,0.12139721,0.8515449,0.29502213,0.416048
0.85841423,-0.50583744,-14.955824,0.6631812,0.5675744,-0.45603535,0.17344116
0.6752876,-1.2774497,-15.202439,0.121331185,0.85162467,0.29490042,0.41599035
0.8581031,-0.5072386,-14.9558935,0.6633468,0.56742585,-0.4559198,0.1735975
0.67495096,-1.2762558,-15.202985,0.12119283,0.85167795,0.29484087,0.4159638
0.85687083,-0.50746065,-14.955952,0.6635428,0.5673397,-0.45573932,0.17360397
0.6746669,-1.2765474,-15.2034445,0.12119318,0.85169226,0.29486144,0.41591984
0.85765934,-0.5076508,-14.956002,0.66358113,0.56725156,-0.45576963,0.17366575
0.6744104,-1.2754548,-15.20386,0.12104952,0.8517828,0.29478663,0.41582927
0.8574569,-0.50870997,-14.956046,0.6637076,0.5671544,-0.4557209,0.17362767
0.6741966,-1.2758598,-15.204206,0.12098794,0.85180277,0.29478052,0.41581067
0.8564343,-0.5087747,-14.956083,0.6637811,0.5671291,-0.4556906,0.17350885
0.67400485,-1.2748554,-15.204517,0.12091485,0.85184944,0.29470456,0.4157902
0.8563543,-0.50802493,-14.956116,0.6637169,0.5671841,-0.45576182,0.17338748
0.67517215,-1.2753465,-15.204776,0.12098573,0.85178584,0.2947671,0.4158556
0.8570558,-0.50813884,-14.956144,0.66366833,0.5671818,-0.4558183,0.17343251
0.6748637,-1.2757537,-15.20499,0.120931886,0.8517368,0.2948712,0.41589782
0.8562024,-0.50823826,-14.956169,0.66367126,0.56722,-0.4557976,0.17335078
0.67585284,-1.2760999,-15.205172,0.12091752,0.8516787,0.2948791,0.41601518
0.85689926,-0.50757915,-14.956947,0.6635458,0.56720936,-0.45600554,0.1733191
0.6767589,-1.2750992,-15.2053385,0.120772496,0.85163665,0.2949157,0.41611758
0.85754746,-0.5069661,-14.956909,0.6634369,0.56722075,-0.4561381,0.17335008
0.6758007,-1.2746425,-15.205597,0.120649755,0.85156554,0.29507473,0.41618598
0.85795534,-0.5080907,-14.956842,0.6635355,0.5670439,-0.4561572,0.17350109
0.6767171,-1.2738386,-15.205706,0.12059317,0.85150826,0.29512158,0.41628626
0.8577728,-0.5074818,-14.956816,0.663563,0.5669642,-0.4562466,0.17342082
0.6774749,-1.2744422,-15.205796,0.12063995,0.8514177,0.29518285,0.4164144
0.8576122,-0.506946,-14.956792,0.6635544,0.5669016,-0.45635393,0.173376
0.67686325,-1.2736963,-15.205874,0.120517306,0.8514325,0.29520145,0.4164066
0.85747033,-0.50711215,-14.956771,0.66362256,0.56681615,-0.45636752,0.17335887
0.6775707,-1.2742923,-15.205939,0.120542094,0.851373,0.29527023,0.4164723
0.8579874,-0.5072703,-14.956751,0.66364527,0.56673944,-0.45640227,0.17343147
0.67821425,-1.2735697,-15.205998,0.1205069,0.8513832,0.29523998,0.416483
0.85782576,-0.50679076,-14.956734,0.6636626,0.5666722,-0.45647854,0.1733841
0.67874783,-1.2741783,-15.206047,0.12055289,0.8513089,0.295309,0.41657278
0.85766983,-0.5063283,-14.9573555,0.6637472,0.566524,-0.45650393,0.17347781
0.6768964,-1.2746837,-15.206088,0.12049885,0.85130876,0.29542795,0.41650438
0.8569248,-0.5065249,-14.9573,0.66396505,0.56634647,-0.45635143,0.1736251
0.6775274,-1.2751065,-15.206122,0.12043645,0.8512331,0.29554746,0.41659212
0.8568381,-0.5066999,-14.957251,0.6640211,0.5662541,-0.45628622,0.17388311
0.6780589,-1.2754629,-15.206151,0.12034946,0.85117555,0.29562786,0.41667783
0.8567607,-0.5068562,-14.957206,0.6640786,0.56613874,-0.4562875,0.17403536
0.6789487,-1.2741165,-15.206199,0.12020133,0.8510647,0.29575858,0.4168543
0.85714954,-0.5066252,-14.958281,0.664136,0.56594867,-0.45637298,0.17421074
0.678293,-1.273545,-15.206219,0.12006544,0.85100186,0.2959556,0.41688192
0.8576575,-0.5074201,-14.958165,0.66419333,0.56572586,-0.45645595,0.17449817
0.67771363,-1.27304,-15.206236,0.11997681,0.85092753,0.2961561,0.4169168
0.85819405,-0.5075661,-14.958736,0.664088,0.5655945,-0.45674872,0.17455865
0.6782384,-1.2725714,-15.206253,0.11989905,0.85082096,0.296348,0.41702017
0.8580079,-0.50703573,-14.958581,0.66404855,0.56549424,-0.4569717,0.17444994
0.6776725,-1.2731849,-15.206266,0.11990734,0.8507495,0.29655254,0.41701835
0.8585256,-0.50791407,-14.959129,0.6640814,0.5652672,-0.4571752,0.17452729
0.67910904,-1.2737064,-15.206279,0.11997676,0.85059005,0.29675332,0.41718066
0.8583141,-0.50868744,-14.958945,0.66410184,0.56508625,-0.45736253,0.17454496
0.68033767,-1.2741524,-15.206289,0.12005007,0.85047364,0.29688677,0.41730186
0.85877544,-0.5087389,-14.958777,0.664019,0.56504035,-0.45757663,0.1744473
0.6805289,-1.2754014,-15.206299,0.120100886,0.8504388,0.2970205,0.41726327
0.8591895,-0.5081548,-14.958626,0.66391146,0.56498015,-0.45784986,0.1743348
0.68069416,-1.275659,-15.206306,0.12008734,0.85043925,0.2971015,0.4172084
0.8595831,-0.5088817,-14.958483,0.6638854,0.56482345,-0.45805854,0.17439345
0.68083775,-1.2758827,-15.206314,0.120088845,0.85042596,0.29711494,0.41722548
0.8599555,-0.50891966,-14.958346,0.66381586,0.56476015,-0.45822006,0.17443869
0.68096304,-1.2760781,-15.20632,0.120077774,0.85042953,0.29714212,0.41720206
0.86033785,-0.5089586,-14.958922,0.6638442,0.56460917,-0.45836177,0.17444737
0.680368,-1.2755445,-15.206325,0.12000453,0.8504522,0.2971236,0.41719013
0.86069304,-0.50899476,-14.958739,0.6637851,0.5644648,-0.45861712,0.17446816
0.6798442,-1.2757444,-15.206329,0.11993394,0.8504855,0.29709637,0.417162
0.86102366,-0.50902843,-14.95857,0.66376734,0.56438696,-0.45871398,0.17453323
0.6800174,-1.275921,-15.206332,0.11996512,0.8503859,0.29711652,0.4173416
0.8613549,-0.5090622,-14.959182,0.6637501,0.5641394,-0.45903483,0.17455532
0.68017274,-1.2754686,-15.206336,0.119880676,0.85031235,0.2971445,0.4174958
0.8616579,-0.50909305,-14.958962,0.66373223,0.56397194,-0.45928407,0.17450929
0.6803146,-1.275651,-15.20634,0.119855806,0.8502606,0.29718643,0.41757843
0.86193585,-0.50912136,-14.958761,0.6636568,0.5638807,-0.45953676,0.17442569
0.67987,-1.2752432,-15.206343,0.11968463,0.8503255,0.29721165,0.41747746
0.8621981,-0.50834906,-14.95937,0.66359305,0.56380486,-0.45976922,0.17430075
0.67946076,-1.2748677,-15.206346,0.11962156,0.85036296,0.29719722,0.4174295
0.8624544,-0.508446,-14.959965,0.6635076,0.563758,-0.45997873,0.17422476
0.6796285,-1.2750658,-15.206347,0.11960092,0.8503353,0.29728732,0.41742757
0.86268324,-0.50853246,-14.9596615,0.6635418,0.5637349,-0.45997235,0.17418608
0.6792539,-1.2747197,-15.20635,0.11950861,0.8503861,0.2972816,0.41735473
0.86288774,-0.509426,-14.959391,0.66356474,0.5636505,-0.46001005,0.17427218
0.6794227,-1.274914,-15.206352,0.119538136,0.8503512,0.297363,0.41735935
0.863072,-0.5094274,-14.9591465,0.66360366,0.5636339,-0.45999256,0.17422383
0.679576,-1.2750905,-15.206355,0.11961599,0.8503605,0.29740512,0.41728812
0.8632385,-0.5094287,-14.958926,0.6636019,0.5636752,-0.45996064,0.17418095
0.67973363,-1.2747469,-15.206357,0.11968271,0.85035473,0.2973796,0.4172989
0.86426735,-0.51029253,-14.958706,0.66358566,0.56366026,-0.45992774,0.17437786
0.6793763,-1.2754362,-15.206358,0.11980054,0.85033166,0.29745537,0.41725802
0.8643408,-0.51107323,-14.958507,0.6636265,0.56364936,-0.45982403,0.17453149
0.6800024,-1.275583,-15.20636,0.11988105,0.850285,0.297462,0.41732535
0.8635908,-0.51093525,-14.958334,0.66373426,0.5636339,-0.45964748,0.17463644
0.6801176,-1.2761658,-15.206361,0.11993906,0.8502141,0.2975605,0.41738278
0.8637115,-0.5108152,-14.958183,0.66377425,0.56361526,-0.45957875,0.17472562
0.68022186,-1.2762659,-15.206362,0.11995423,0.85016435,0.29758582,0.41746178
0.86381805,-0.5107093,-14.958794,0.6638127,0.563601,-0.45949933,0.17483452
0.68031657,-1.2763566,-15.206363,0.11996717,0.8500738,0.29758683,0.41764167
0.8639202,-0.5106077,-14.959379,0.6638567,0.5635377,-0.45945522,0.17498697
0.68078876,-1.2764392,-15.206364,0.120015934,0.84992784,0.29763627,0.4178895
0.8640203,-0.51132977,-14.959953,0.66390085,0.5635038,-0.4593322,0.17525126
0.680855,-1.2765174,-15.206366,0.11985881,0.8497996,0.29769814,0.4181512
0.8641176,-0.5120312,-14.96051,0.6638993,0.5634594,-0.45930293,0.17547671
0.6813625,-1.2766032,-15.206367,0.119880825,0.84962445,0.2977251,0.41848138
0.86420774,-0.51179177,-14.961025,0.6638701,0.5634572,-0.45930603,0.1755863
0.68191296,-1.2766962,-15.2063675,0.11986091,0.84942263,0.29772225,0.41889864
0.8652654,-0.51155514,-14.961535,0.66371506,0.56350195,-0.4594278,0.1757105
0.6825008,-1.2767955,-15.206368,0.11986544,0.8492476,0.2977689,0.41921902
0.8643287,-0.512273,-14.961051,0.6637083,0.56355035,-0.45938614,0.1756894
0.6824985,-1.2768879,-15.20637,0.11969179,0.8491227,0.29784834,0.4194651
0.86439806,-0.51201564,-14.960634,0.6635692,0.56365347,-0.45943362,0.17575994
0.6831099,-1.2769853,-15.206371,0.1196343,0.8489806,0.2979051,0.41972858
0.8653012,-0.51179016,-14.961112,0.6633444,0.5637173,-0.4596137,0.17593288
0.6837503,-1.2764004,-15.206372,0.11945791,0.8488524,0.29787323,0.42006075
0.8652827,-0.5115829,-14.961551,0.6632035,0.56378394,-0.45975688,0.17587665
0.6843962,-1.2765567,-15.206373,0.11944125,0.8488258,0.2978648,0.42012522
0.8662137,-0.51232135,-14.961999,0.66309464,0.5637669,-0.45991388,0.1759311
0.6850381,-1.2767118,-15.206375,0.11956461,0.8488145,0.29786634,0.42011195
0.86610407,-0.5120401,-14.962399,0.66304094,0.5637109,-0.46007895,0.17588077
0.6848334,-1.2768469,-15.206376,0.119602494,0.84893906,0.2977735,0.41991526
0.8669525,-0.51083547,-14.962762,0.66289264,0.5636966,-0.4603402,0.17580196
0.6854482,-1.2769799,-15.206377,0.11970509,0.84901196,0.29773402,0.4197666
0.86776936,-0.51068866,-14.963112,0.6628351,0.56363463,-0.46050394,0.17578906
0.68604857,-1.2771099,-15.206378,0.11984534,0.8490657,0.29767904,0.41965678
0.86750126,-0.5115262,-14.962447,0.66292137,0.5635788,-0.4604713,0.17572853
0.6854716,-1.2757736,-15.206381,0.11976109,0.84926516,0.29749945,0.41940445
0.86800814,-0.51114136,-14.9631195,0.66293,0.56345814,-0.46063885,0.17564368
0.6852377,-1.2752318,-15.206382,0.119732715,0.84929657,0.2974941,0.41935274
0.8687202,-0.5119829,-14.963435,0.66295487,0.5633611,-0.46071568,0.17565972
0.6850327,-1.2747573,-15.206382,0.11967407,0.84930664,0.29757443,0.41929218
0.8693841,-0.5117011,-14.96373,0.6629195,0.56333286,-0.46082768,0.17558947
0.68485236,-1.2750136,-15.206382,0.11968807,0.84928143,0.2976432,0.41929036
0.86999726,-0.5114408,-14.964001,0.662928,0.56326044,-0.46095455,0.17545691
0.6846931,-1.2758805,-15.206382,0.11979376,0.8492172,0.29778737,0.4192881
0.8694598,-0.51227504,-14.96423,0.66298604,0.5631817,-0.4609898,0.1753978
0.68516016,-1.2766489,-15.206382,0.11992773,0.84913146,0.29789317,0.4193481
0.8700648,-0.51305723,-14.964443,0.6629766,0.56305593,-0.46114665,0.1754249
0.6855772,-1.2773352,-15.206382,0.12003664,0.84905654,0.2980227,0.41937673
0.8695197,-0.5126611,-14.9646225,0.6629652,0.5629326,-0.46137094,0.17527412
0.68599635,-1.2767847,-15.206382,0.12002271,0.849006,0.2980134,0.4194895
0.8700876,-0.51230854,-14.964783,0.66294974,0.5628004,-0.4615762,0.17521659
0.68641824,-1.2768977,-15.206382,0.12006022,0.8489268,0.29815426,0.41953897
0.8695677,-0.51201034,-14.964918,0.6629082,0.5627029,-0.46177062,0.17517482
0.68683773,-1.27701,-15.206382,0.12009791,0.8488533,0.2982411,0.41961524
0.87010515,-0.51174164,-14.96504,0.66280335,0.56255734,-0.4621049,0.1751574
0.68723905,-1.2778546,-15.206382,0.12022157,0.84874696,0.29831234,0.4197442
0.8705623,-0.5105576,-14.964189,0.6626476,0.5624506,-0.4624366,0.17521395
0.6876307,-1.2778999,-15.206382,0.120134376,0.84864974,0.2984414,0.41987398
0.87095344,-0.5104523,-14.96346,0.66257775,0.56225264,-0.46275964,0.17526083
0.69027615,-1.2788941,-15.20543,0.12001529,0.8480819,0.29916587,0.42053926
0.87340444,-0.5110798,-14.962177,0.6618742,0.5608286,-0.4653867,0.17552531
0.69153273,-1.2788411,-15.205536,0.1198501,0.8478508,0.29952845,0.4207942
0.87455505,-0.5119208,-14.9615755,0.6617376,0.5599696,-0.46650836,0.17580524
0.69271964,-1.2787911,-15.204512,0.119814456,0.84764695,0.29973397,0.42106864
0.8768611,-0.5116258,-14.960968,0.661409,0.55932313,-0.46772254,0.17587373
0.6938481,-1.2787436,-15.204747,0.119778246,0.8474228,0.30005023,0.42130494
0.8791376,-0.51261675,-14.960368,0.6614672,0.5586506,-0.46837234,0.17606261
0.6948971,-1.2786993,-15.204967,0.11969624,0.84731036,0.3002859,0.4213863
0.88130236,-0.51355904,-14.959798,0.6614166,0.5580655,-0.46908033,0.17622338
0.6958534,-1.278659,-15.205168,0.11969628,0.8471987,0.30037087,0.4215501
0.8817214,-0.5116502,-14.959335,0.6613372,0.5577508,-0.46972102,0.17581089
0.6966849,-1.2799944,-15.203971,0.11972045,0.84710836,0.30055466,0.42159384
0.8835293,-0.5113233,-14.958912,0.6613208,0.5573021,-0.47026137,0.17585044
0.69742036,-1.2797618,-15.204326,0.11968985,0.8470319,0.30061144,0.4217157
0.8851626,-0.51253766,-14.9585285,0.66145426,0.5568071,-0.47055262,0.1761376
0.6980645,-1.2795581,-15.2046385,0.11962671,0.84700066,0.300564,0.42183024
0.8882842,-0.5103792,-14.959812,0.6613077,0.55646485,-0.4712549,0.17589168
0.6986188,-1.2808542,-15.2049055,0.11970933,0.8469938,0.30056968,0.42181656
0.8876439,-0.5102281,-14.959273,0.6615183,0.5561972,-0.47131252,0.17579177
0.6990944,-1.2804757,-15.205135,0.11964081,0.84694564,0.30064607,0.42187816
0.88866836,-0.51166725,-14.9588175,0.6616734,0.55581665,-0.47150734,0.17588936
0.6980599,-1.2801719,-15.20532,0.119577594,0.84704304,0.3004989,0.4218054
0.8895431,-0.5112973,-14.960026,0.66161513,0.55558115,-0.47194088,0.1756895
0.697222,-1.2799257,-15.20547,0.11950347,0.8471198,0.3004458,0.42171
0.8902855,-0.51098335,-14.961051,0.66170514,0.55534196,-0.47210416,0.17566846
0.69781554,-1.2797246,-15.205592,0.119520076,0.8471048,0.30047083,0.42171776
0.8893254,-0.5122816,-14.960315,0.66198033,0.55494076,-0.47217634,0.17570522
0.698327,-1.2795513,-15.205698,0.11958816,0.84712946,0.3004339,0.42167515
0.8900454,-0.51183754,-14.961217,0.6618779,0.55470395,-0.47267258,0.17550464
0.69878227,-1.279397,-15.205791,0.11959884,0.84710604,0.30040514,0.4217396
0.89066356,-0.5114563,-14.961992,0.66190267,0.5544598,-0.47291762,0.17552269
0.69917876,-1.2805754,-15.2058735,0.11970466,0.8470465,0.3004806,0.42177546
0.89118916,-0.5126798,-14.962651,0.6619266,0.554171,-0.4732141,0.17554522
0.6982568,-1.2802949,-15.20594,0.11958762,0.84708405,0.30044946,0.42175537
0.89163536,-0.5137183,-14.963211,0.6621248,0.55385554,-0.4733904,0.17531781
0.69867945,-1.2800629,-15.205996,0.119584665,0.84707886,0.30041164,0.42179358
0.8919921,-0.5115573,-14.963658,0.66186845,0.55392087,-0.47377703,0.17503464
0.6979058,-1.2809954,-15.206041,0.119635396,0.84707665,0.3004758,0.42173782
0.8922935,-0.5127245,-14.964036,0.6619219,0.5536982,-0.47384295,0.17535883
0.6983273,-1.2807074,-15.20608,0.11960924,0.8470719,0.300362,0.42183593
0.8941028,-0.51065016,-14.964366,0.6617271,0.55364263,-0.47419748,0.17531112
0.6987106,-1.2804455,-15.206116,0.11959577,0.8470894,0.30028158,0.42186183
0.89570457,-0.51044524,-14.964658,0.6618624,0.5533937,-0.47423986,0.17547145
0.6990395,-1.2791581,-15.206146,0.11950151,0.8471639,0.30008903,0.4218758
0.8970926,-0.5102677,-14.9649105,0.66188323,0.55313444,-0.47451052,0.17547859
0.7005246,-1.2779032,-15.206175,0.1193298,0.84717923,0.29998592,0.421967
0.898235,-0.5101215,-14.963415,0.6618902,0.55263543,-0.47504708,0.17557292
0.70066667,-1.2779655,-15.206201,0.1193131,0.8472085,0.29996696,0.42192647
0.899178,-0.5100009,-14.962181,0.66205424,0.55221695,-0.47535783,0.17542987
0.7008958,-1.2770557,-15.2062435,0.11928102,0.8472103,0.2999192,0.42196602
0.9009255,-0.50982445,-14.961712,0.66182905,0.55201936,-0.47578055,0.17575498
0.70098585,-1.2772107,-15.205164,0.11931206,0.84712094,0.30002877,0.4220587
0.9013935,-0.50975615,-14.962494,0.6617054,0.5519614,-0.47598484,0.17584953
0.7010658,-1.2773479,-15.205303,0.11922407,0.84706664,0.3001284,0.42212167
0.90177345,-0.51140225,-14.96313,0.6617655,0.5518515,-0.4759324,0.17611
0.7011366,-1.2774699,-15.205428,0.1190888,0.846994,0.30021223,0.4222461
0.9020793,-0.5110631,-14.961978,0.6618215,0.55190074,-0.47579965,0.17610416
0.7011995,-1.2775779,-15.205538,0.118979946,0.84687454,0.30035368,0.42241567
0.9023321,-0.51078266,-14.962689,0.6617346,0.5519712,-0.47587636,0.17600241
0.7002067,-1.2766231,-15.205631,0.11875441,0.8468421,0.30035052,0.42254624
0.9009502,-0.5121429,-14.961667,0.6620149,0.5518781,-0.47554994,0.17612234
0.7013792,-1.2768123,-15.20571,0.11862671,0.84665346,0.3004397,0.42289686
0.902926,-0.5117057,-14.962383,0.6617403,0.55192924,-0.47582388,0.17625445
0.70141137,-1.2769806,-15.205782,0.118488155,0.8465679,0.30044484,0.42310318
0.90302473,-0.51134205,-14.962977,0.66177326,0.55189186,-0.4758173,0.17626563
0.70255864,-1.2771468,-15.2058525,0.11835396,0.84639525,0.30047387,0.42346528
0.9031071,-0.51103854,-14.963474,0.66167295,0.55201304,-0.4757634,0.17640778
0.70365864,-1.2773063,-15.20592,0.11824899,0.8462422,0.3004471,0.42381936
0.903176,-0.5107847,-14.963889,0.6615557,0.55204487,-0.47585648,0.17649695
0.70342004,-1.2774402,-15.2059765,0.118135035,0.8461072,0.30052707,0.42406386
0.9032317,-0.5091103,-14.964225,0.6614347,0.5520406,-0.47600484,0.17656392
0.7032177,-1.2775537,-15.206025,0.117929325,0.8460249,0.3005697,0.42425513
0.90327877,-0.50916106,-14.964509,0.6614496,0.55208164,-0.47580084,0.17692919
0.7030447,-1.2776508,-15.206066,0.11767953,0.84608966,0.3006644,0.4241282
0.90331733,-0.5106222,-14.964741,0.6616637,0.5519796,-0.47559953,0.17698792
0.70289576,-1.2777344,-15.206101,0.11759255,0.84614277,0.30073044,0.4239997
0.9033502,-0.5104485,-14.964939,0.6616196,0.552057,-0.47554174,0.17706664
0.7017691,-1.2768044,-15.206132,0.11728972,0.8463088,0.30067876,0.42378867
0.9033781,-0.51030064,-14.965107,0.66163427,0.552021,-0.4756658,0.17679052
0.7017608,-1.2760129,-15.206158,0.11731022,0.8463923,0.3006277,0.42365253
0.9048984,-0.5116623,-14.96526,0.6615748,0.5519971,-0.4757603,0.17683378
0.7017537,-1.2753353,-15.20618,0.11735936,0.8464746,0.30061147,0.42348602
0.90469253,-0.51132596,-14.965385,0.6616293,0.55190015,-0.47594613,0.17643212
0.7017476,-1.274752,-15.206199,0.11734391,0.84656847,0.30058032,0.42332467
0.90452665,-0.5110549,-14.964102,0.6616403,0.55186653,-0.47604442,0.1762304
0.70174235,-1.2742473,-15.206215,0.11748633,0.84664583,0.300502,0.42318597
0.90439063,-0.51083267,-14.9643755,0.66166884,0.5517293,-0.47625753,0.17597708
0.7025982,-1.2746204,-15.20623,0.11765822,0.8466956,0.3004532,0.42307338
0.90302044,-0.51065063,-14.9646,0.66171634,0.55156547,-0.47644252,0.17581157
0.70252055,-1.2749431,-15.2062435,0.11778506,0.8467976,0.3004,0.42287162
0.904281,-0.5116963,-14.963588,0.661756,0.55131054,-0.47660822,0.17601253
0.702453,-1.2752236,-15.206255,0.11793087,0.8469014,0.3003316,0.4226717
0.90540504,-0.5101929,-14.963904,0.6614935,0.55123687,-0.47716185,0.17572981
0.70239365,-1.2754701,-15.206265,0.11803055,0.84699416,0.3003284,0.42246005
0.9051806,-0.51125956,-14.964168,0.6615006,0.55105716,-0.4773292,0.17581208
0.7016357,-1.2756864,-15.206275,0.118105136,0.8471263,0.30030257,0.42219272
0.904993,-0.512151,-14.963287,0.6616321,0.55085313,-0.4773255,0.1759666
0.7016392,-1.2758766,-15.206284,0.118133,0.8472349,0.30024952,0.42200458
0.90483516,-0.5118568,-14.963592,0.66166186,0.5507282,-0.47748744,0.17580657
0.7016422,-1.2760447,-15.20629,0.11819429,0.84734046,0.30018955,0.4218182
0.90370953,-0.51259965,-14.963848,0.6618041,0.55052495,-0.47747424,0.17594352
0.70164496,-1.2755885,-15.206296,0.118183054,0.84747136,0.30006704,0.42164555
0.9046353,-0.5122902,-14.964067,0.6616805,0.55037266,-0.477783,0.17604643
0.70107234,-1.2763326,-15.206302,0.1182748,0.84756845,0.3000209,0.42145744
0.90453327,-0.5111297,-14.964255,0.66150707,0.5504169,-0.47796607,0.1760629
0.7005609,-1.2759047,-15.206306,0.11825492,0.84768105,0.29995647,0.42128247
0.9044454,-0.5118309,-14.964417,0.6616774,0.5502478,-0.47783616,0.17630361
0.7001027,-1.27604,-15.206311,0.11828392,0.8477897,0.29988188,0.42110866
0.9043693,-0.5108222,-14.964557,0.6615735,0.5502643,-0.47797847,0.1762564
0.70018387,-1.2761617,-15.206315,0.11835489,0.8478347,0.2998524,0.42101908
0.9043031,-0.5114796,-14.964679,0.66171676,0.55013,-0.47783953,0.17651413
0.6997887,-1.2762715,-15.206319,0.11835471,0.84789336,0.2998206,0.42092347
0.9050608,-0.5113052,-14.9648,0.6616863,0.55009305,-0.47781882,0.1767994
0.6998764,-1.2759256,-15.206322,0.11834551,0.847919,0.2997694,0.42091095
0.9041552,-0.5111537,-14.964905,0.66185546,0.5500016,-0.47768274,0.17681848
0.6992217,-1.2757329,-15.206327,0.11826059,0.8479708,0.29975396,0.4208414
0.904754,-0.51161283,-14.9650755,0.66190654,0.5499513,-0.47743225,0.17745924
0.6997009,-1.2754577,-15.20633,0.11824789,0.8479382,0.2997443,0.42091775
0.9046672,-0.5114576,-14.965148,0.66187423,0.5499878,-0.47743678,0.17745432
0.6997757,-1.2755692,-15.206332,0.11826126,0.8478998,0.29977494,0.4209694
0.90458924,-0.5119831,-14.965213,0.6619323,0.54989934,-0.47737446,0.17767936
0.69949985,-1.2753267,-15.206335,0.11821022,0.8478939,0.2997877,0.42098656
0.9045203,-0.5111846,-14.96527,0.66183025,0.5499708,-0.4774804,0.17755371
0.6995742,-1.2754318,-15.206337,0.11816323,0.84786683,0.29980558,0.42104143
0.9044591,-0.51107585,-14.965321,0.6617224,0.5500844,-0.47753462,0.1774577
0.6996425,-1.2755281,-15.206338,0.11810505,0.84784925,0.2998339,0.42107302
0.90440464,-0.51154906,-14.964796,0.6617162,0.5501146,-0.47747698,0.1775426
0.69947636,-1.2751313,-15.206341,0.11793619,0.8478651,0.2998156,0.42110166
0.9043123,-0.5108115,-14.964933,0.6615963,0.55034745,-0.47738746,0.17750865
0.69927114,-1.274956,-15.206342,0.117838725,0.847871,0.29981095,0.42112035
0.9042731,-0.5102532,-14.964993,0.6615411,0.55050904,-0.47727343,0.17752005
0.69933474,-1.2747939,-15.206343,0.11778391,0.8478584,0.2998065,0.42116398
0.9042372,-0.51021355,-14.965046,0.661491,0.5506345,-0.4771255,0.17771493
0.69891274,-1.274644,-15.206345,0.117695846,0.84787315,0.2997993,0.4211642
0.9042036,-0.5101763,-14.965096,0.66150427,0.55071867,-0.4769611,0.17784627
0.6989826,-1.2742544,-15.206346,0.11760786,0.8478702,0.2997733,0.42121324
0.9041719,-0.5101412,-14.965143,0.6614979,0.55076164,-0.47690484,0.17788765
0.6988172,-1.2743541,-15.2063465,0.11753804,0.84785676,0.2997943,0.4212449
0.9041432,-0.51054585,-14.965186,0.66155213,0.5507144,-0.47681603,0.17807055
0.698654,-1.2742198,-15.206347,0.11743637,0.8478585,0.29977497,0.42128348
0.9041167,-0.5104973,-14.965226,0.66154444,0.5507692,-0.4767204,0.17818502
0.69816405,-1.2740557,-15.20664,0.11730736,0.8478706,0.29973242,0.42132533
0.9040919,-0.51003814,-14.965263,0.6614966,0.5508598,-0.4766584,0.17824833
0.6979509,-1.2738718,-15.206632,0.117188096,0.8478531,0.29974863,0.42138216
0.9036762,-0.51040685,-14.965298,0.66161364,0.5508134,-0.4765024,0.17837477
0.6977063,-1.2736608,-15.207021,0.11708143,0.8478189,0.29975623,0.42147508
0.90329754,-0.5103694,-14.965328,0.6616238,0.5508088,-0.47646788,0.17844354
0.6975797,-1.2731953,-15.207881,0.116857074,0.8476944,0.2998457,0.42172414
0.90297765,-0.5103039,-14.965382,0.66165984,0.550762,-0.4763899,0.17866236
0.697814,-1.2729445,-15.208344,0.116602816,0.84755105,0.29990745,0.42203858
0.90299636,-0.51027524,-14.965405,0.6616903,0.55056524,-0.47650775,0.17884114
0.69870037,-1.2720401,-15.208848,0.116339006,0.84741825,0.29986703,0.42240667
0.9033177,-0.5102489,-14.965426,0.66166246,0.55043423,-0.47660568,0.17908671
0.69817233,-1.2710162,-15.209418,0.11598428,0.8473356,0.29987073,0.42266738
0.9036133,-0.51051366,-14.965446,0.66166794,0.55023617,-0.4766775,0.17948344
0.69932973,-1.2699733,-15.209999,0.11575394,0.8471549,0.29991865,0.42305845
0.9036112,-0.5104831,-14.965466,0.66168773,0.5501584,-0.47667778,0.17964791
0.699544,-1.2698667,-15.210545,0.1156386,0.84699684,0.30001613,0.42333713
0.9033485,-0.5107156,-14.965482,0.6617596,0.5500876,-0.47658285,0.17985207
0.69976294,-1.2687751,-15.2111025,0.11539951,0.8469496,0.3000263,0.42348987
0.90335345,-0.51068276,-14.965497,0.6617869,0.5499992,-0.47657257,0.18004914
0.699962,-1.2687777,-15.211609,0.11531671,0.8469091,0.3000152,0.42360115
0.903358,-0.5108878,-14.965511,0.66184425,0.54996157,-0.47644627,0.18028711
0.7001581,-1.2676865,-15.212109,0.115159705,0.8469315,0.2999223,0.42366478
0.90313864,-0.5108542,-14.965524,0.6618567,0.5499736,-0.47640464,0.18031476
0.7003315,-1.267813,-15.21255,0.115086384,0.846956,0.29985493,0.42368335
0.9031475,-0.5110354,-14.965537,0.66183704,0.54995954,-0.4763276,0.18063322
0.6993313,-1.2667686,-15.212968,0.11497449,0.84708303,0.29966712,0.42359275
0.90315574,-0.5112037,-14.9655485,0.6619183,0.5498678,-0.47628257,0.18073353
0.6984783,-1.2670075,-15.213325,0.114942424,0.84713095,0.29956385,0.42357868
0.90316355,-0.51136416,-14.965559,0.6619041,0.5497926,-0.47631612,0.18092555
0.6988784,-1.2660321,-15.213658,0.11491684,0.8472001,0.29937968,0.4235776
0.9031711,-0.5113258,-14.9655695,0.6618715,0.54980123,-0.4763472,0.18093662
0.697986,-1.2651347,-15.213966,0.114813395,0.84728134,0.29928154,0.42351243
0.9031794,-0.5115,-14.965581,0.66193014,0.54976434,-0.47625118,0.18108697
0.6984899,-1.264325,-15.214243,0.1148308,0.84729016,0.29916725,0.42357093
0.9029813,-0.51145595,-14.965591,0.662007,0.5497256,-0.4762228,0.1809985
0.6989397,-1.263602,-15.214491,0.11476232,0.84730136,0.29915866,0.4235731
0.9032204,-0.51163465,-14.965604,0.6619882,0.54973155,-0.47616214,0.18120824
0.6993069,-1.2642972,-15.214692,0.1148012,0.84728277,0.2991387,0.42361388
0.9032285,-0.511579,-14.96586,0.66194904,0.5497724,-0.476182,0.18117546
0.69960904,-1.2648693,-15.214859,0.114821106,0.84723616,0.29918188,0.4236713
0.90323734,-0.51179016,-14.965866,0.6619295,0.5498547,-0.47611502,0.18117322
0.6986547,-1.26415,-15.215003,0.11481368,0.8472307,0.29920998,0.42366424
0.9032455,-0.5117268,-14.965873,0.6619476,0.54992366,-0.476036,0.18110543
0.6990194,-1.2647095,-15.215123,0.11484722,0.84719276,0.29928848,0.42367566
0.90325433,-0.5119473,-14.9658785,0.6618962,0.5500022,-0.47598296,0.18119402
0.6981731,-1.2640369,-15.21523,0.11479654,0.8472103,0.29931423,0.42363623
0.9032625,-0.51187575,-14.965884,0.6618378,0.5501358,-0.4759327,0.18113394
0.6986125,-1.2634305,-15.215326,0.11470855,0.8472283,0.29927218,0.42365366
0.9032714,-0.51210463,-14.96589,0.66181004,0.5502415,-0.47580206,0.18125746
0.6977761,-1.262888,-15.215413,0.11471062,0.8472454,0.29927674,0.42361575
0.9032795,-0.512024,-14.965896,0.6617486,0.55037266,-0.47576168,0.1811896
0.6982511,-1.2636064,-15.215485,0.114712715,0.847213,0.29936928,0.4236145
0.90300584,-0.51222974,-14.965901,0.66179043,0.55043775,-0.4756281,0.18118973
0.69690096,-1.2637274,-15.215597,0.114650026,0.8472026,0.2995922,0.42349458
0.90303695,-0.5123673,-14.965912,0.6617134,0.5505652,-0.4755602,0.18126217
0.6978503,-1.2647341,-15.215676,0.11461717,0.8470984,0.29971287,0.4236264
0.90278906,-0.512201,-14.965921,0.66165936,0.5506521,-0.47554123,0.18124498
0.6982219,-1.2641968,-15.215709,0.11450605,0.84706044,0.29972163,0.42372626
0.9028096,-0.5123887,-14.965926,0.6616638,0.550668,-0.47547558,0.18135297
0.69965315,-1.2632941,-15.215761,0.11447228,0.84702224,0.29964626,0.42386505
0.9031021,-0.51251656,-14.965936,0.6616714,0.5506726,-0.47538635,0.1815447
0.69985557,-1.2628852,-15.215785,0.11441482,0.847087,0.29958633,0.42379352
0.9034147,-0.51242095,-14.96594,0.6616488,0.5506666,-0.47536728,0.18169524
0.6990772,-1.2625154,-15.215806,0.11439003,0.8471542,0.29956996,0.42367747
0.9034185,-0.512333,-14.965945,0.66162133,0.5506451,-0.47541016,0.18174838
0.699325,-1.2631127,-15.215825,0.114399076,0.8472121,0.29953298,0.42358536
0.9034224,-0.51255035,-14.96595,0.6616496,0.55063957,-0.47534424,0.18183483
0.699543,-1.2627503,-15.215841,0.1143594,0.8472415,0.2994928,0.4235655
0.90342605,-0.51245487,-14.965955,0.6616432,0.5506522,-0.4753266,0.18186575
0.70057434,-1.2632811,-15.215856,0.1143867,0.8472343,0.29950607,0.42356333
0.9037322,-0.51236004,-14.965958,0.66157717,0.5507021,-0.4753508,0.18189196
0.7006683,-1.262935,-15.215867,0.11433133,0.84727097,0.29949322,0.42351404
0.90372556,-0.51259124,-14.965962,0.6615921,0.55069935,-0.47531262,0.18194517
0.6990392,-1.2617399,-15.2158785,0.114163876,0.8474119,0.29939324,0.42334795
0.90371853,-0.51283604,-14.965967,0.6616438,0.55071056,-0.47523043,0.18193804
0.6992641,-1.26234,-15.215889,0.11416956,0.8474006,0.29941994,0.42335
0.90336627,-0.5130598,-14.965972,0.66168994,0.5507521,-0.4751219,0.18192802
0.6986835,-1.2620856,-15.2158985,0.11413455,0.8474359,0.29938075,0.42331654
0.9033732,-0.5132987,-14.965977,0.66169447,0.55078065,-0.47508255,0.18192789
0.6981506,-1.261852,-15.215907,0.11406425,0.84747547,0.29937392,0.42326108
0.9030157,-0.5131527,-14.965981,0.66175234,0.5508239,-0.47498953,0.18182878
0.6984391,-1.2616347,-15.215915,0.11403513,0.84748226,0.2993634,0.42326275
0.9033801,-0.5130193,-14.965983,0.66173023,0.55086595,-0.4749729,0.18182576
0.6979124,-1.2614323,-15.215922,0.11395483,0.8475333,0.2993128,0.423218
0.90338564,-0.5132255,-14.965987,0.6617876,0.550922,-0.47481444,0.18186113
0.69822615,-1.2612457,-15.215929,0.113642685,0.8475013,0.29937813,0.4233199
0.90306425,-0.51342356,-14.965991,0.6618579,0.5511868,-0.4743886,0.18191433
0.6977401,-1.2618426,-15.215935,0.11354068,0.8474109,0.29955217,0.42340514
0.9027694,-0.51329505,-14.966304,0.661879,0.55148494,-0.4740104,0.18191965
0.6980362,-1.2616435,-15.2159395,0.11329299,0.8473222,0.29967558,0.42356157
0.9024983,-0.5131769,-14.966592,0.66187483,0.5517985,-0.47366434,0.18188533
0.6975654,-1.2614497,-15.216703,0.113034286,0.84721124,0.29985395,0.42372638
0.90191066,-0.5133669,-14.966575,0.6619448,0.55206156,-0.47326744,0.1818655
0.69788826,-1.2612725,-15.216648,0.11284745,0.8470753,0.29992342,0.4239988
0.9019607,-0.5129513,-14.966856,0.6618121,0.5523804,-0.47310457,0.18180399
0.6973964,-1.2610962,-15.217406,0.11258219,0.846924,0.30010828,0.42424056
0.90172267,-0.5131322,-14.966833,0.661803,0.5526698,-0.4727564,0.18186326
0.69691265,-1.2609229,-15.218152,0.11239421,0.846746,0.30027324,0.424529
0.9011037,-0.513001,-14.967149,0.66176033,0.55300725,-0.47247267,0.18173021
0.6973638,-1.260759,-15.218858,0.11192001,0.84649384,0.30045843,0.4250258
0.9008133,-0.512857,-14.967495,0.66161865,0.5534543,-0.47217235,0.18166566
0.69683397,-1.2606018,-15.219535,0.11119201,0.84632254,0.3007977,0.42531788
0.8995543,-0.5126924,-14.967427,0.66152173,0.55396295,-0.47178075,0.18148541
0.6973722,-1.2593786,-15.220209,0.11052944,0.8460813,0.3009917,0.42583287
0.89872986,-0.5125166,-14.967354,0.66137606,0.5545018,-0.4713558,0.18147537
0.69792503,-1.2568904,-15.2209015,0.10972346,0.84593296,0.30104688,0.42629677
0.8989771,-0.51137066,-14.967289,0.6609972,0.55512124,-0.4712128,0.18133333
0.69843787,-1.2558929,-15.221544,0.109119594,0.8457737,0.3012926,0.42659417
0.8982613,-0.51127654,-14.96723,0.6608872,0.55568653,-0.4706877,0.1813663
0.69890463,-1.2549851,-15.222129,0.10840771,0.8456038,0.3016066,0.42689043
0.898051,-0.51072115,-14.967175,0.66071975,0.5562516,-0.47032836,0.18117611
0.6979695,-1.2555605,-15.222606,0.108095326,0.8454982,0.30182186,0.4270267
0.89784265,-0.51065654,-14.967119,0.6606437,0.5567424,-0.46983677,0.18122171
0.6985,-1.2547064,-15.223035,0.10779077,0.84532267,0.301987,0.42733434
0.8970455,-0.510585,-14.967058,0.66065836,0.55718505,-0.46928704,0.18123196
0.6989714,-1.2539473,-15.223416,0.10739912,0.84528077,0.30212787,0.42741624
0.89685947,-0.50994307,-14.967,0.6605003,0.5575243,-0.46914136,0.18114208
0.7007042,-1.2546841,-15.223724,0.10752328,0.84502965,0.30242792,0.4276693
0.8966796,-0.5099124,-14.966944,0.66044873,0.55779177,-0.46884406,0.18127652
0.6995242,-1.2539859,-15.223983,0.10731793,0.84500515,0.3026171,0.42763558
0.8958142,-0.5098795,-14.966884,0.6605656,0.5579797,-0.4684904,0.18118644
0.6985565,-1.2546617,-15.224194,0.10731321,0.8449628,0.30283302,0.42756757
0.89493483,-0.5105812,-14.966823,0.66073215,0.5580839,-0.46813777,0.18116966
0.70012856,-1.2552203,-15.224369,0.10744098,0.8448054,0.3030862,0.427667
0.8940413,-0.5096766,-14.966761,0.6607174,0.55823123,-0.468063,0.1809626
0.69918436,-1.2556856,-15.224514,0.10743676,0.84487087,0.3031718,0.42747808
0.89314914,-0.5096551,-14.966699,0.6608016,0.5582413,-0.46793723,0.1809496
0.6983925,-1.2550052,-15.224636,0.10771482,0.8449901,0.30289337,0.42736986
0.89321834,-0.5087824,-14.966644,0.66077626,0.5579191,-0.4683674,0.18092299
0.697724,-1.255448,-15.224739,0.10792972,0.8450142,0.3028096,0.4273273
0.8923664,-0.50884557,-14.96659,0.66089344,0.5575752,-0.4685729,0.18102278
0.69715613,-1.2558239,-15.224828,0.10806129,0.8451041,0.3026649,0.42721885
0.8925133,-0.50799775,-14.967447,0.6609215,0.5572216,-0.46898863,0.18093245
0.69758856,-1.2561451,-15.224902,0.10820112,0.8450719,0.30258635,0.42730248
0.8926415,-0.5081287,-14.967323,0.6608994,0.55698574,-0.46929258,0.18095165
0.69833416,-1.2557341,-15.225997,0.10841964,0.84520745,0.30196616,0.42741787
0.8928546,-0.5091571,-14.968711,0.66117,0.5559855,-0.4700914,0.1809655
0.69865376,-1.2560636,-15.225961,0.10872606,0.8453414,0.30158168,0.42734665
0.89294463,-0.5083746,-14.969297,0.66130334,0.5553074,-0.47078344,0.18076086
0.6989727,-1.2553812,-15.226936,0.10902374,0.8455139,0.30114317,0.42723873
0.8930234,-0.50923026,-14.96981,0.66144586,0.55465174,-0.47131264,0.18087393
0.6981808,-1.2547148,-15.227887,0.10922842,0.84572077,0.3007692,0.42704034
0.8938238,-0.5092464,-14.970258,0.6615417,0.5540432,-0.47190127,0.18085365
0.6974255,-1.2540793,-15.228794,0.109418355,0.84586793,0.3004597,0.42691815
0.8938314,-0.5092606,-14.970652,0.6615463,0.553653,-0.47234583,0.1808711
0.6967202,-1.2534862,-15.229642,0.10953122,0.84605545,0.30008194,0.42678338
0.89383817,-0.5099501,-14.971006,0.6616415,0.55322397,-0.47270778,0.1808903
0.6973434,-1.2529954,-15.2291355,0.10967438,0.8462327,0.29970813,0.4266577
0.894487,-0.50927335,-14.97132,0.6616052,0.55292743,-0.47313797,0.18080455
0.6978612,-1.253734,-15.228716,0.10989363,0.84633905,0.2994797,0.42655075
0.8944515,-0.5098948,-14.971598,0.6617293,0.5525915,-0.47335926,0.18079868
0.69720554,-1.2532631,-15.228364,0.10993081,0.84650296,0.29916677,0.4264355
0.89500004,-0.5098675,-14.971846,0.6617058,0.5523496,-0.47370017,0.1807303
0.6966532,-1.2528664,-15.228068,0.10996479,0.84664977,0.2989678,0.42627493
0.8954897,-0.5098432,-14.972066,0.6617177,0.55212444,-0.4739374,0.180753
0.6961728,-1.2525213,-15.22781,0.10996906,0.84674674,0.29880556,0.42619485
0.89540434,-0.5098213,-14.972264,0.66171503,0.55196947,-0.47415537,0.18066472
0.6946437,-1.2511209,-15.227565,0.10992387,0.8468774,0.29862618,0.42607272
0.89582664,-0.5093027,-14.972443,0.66167694,0.5518297,-0.47440028,0.18058802
0.69329643,-1.2509501,-15.227349,0.10988687,0.8469898,0.29848805,0.42595562
0.89572936,-0.50980234,-14.9726095,0.661753,0.55165476,-0.4745219,0.18052451
0.69316196,-1.2507992,-15.227158,0.11003628,0.84708494,0.29836002,0.4258174
0.8961096,-0.509317,-14.972759,0.66174173,0.5516453,-0.47459817,0.18039386
0.6919799,-1.2506641,-15.226988,0.11019749,0.84720874,0.2982958,0.4255744
0.8959983,-0.5088333,-14.97291,0.6617859,0.55167425,-0.47456878,0.18022056
0.69091564,-1.2505425,-15.226834,0.11031712,0.8473214,0.29823118,0.42536438
0.89589435,-0.5093467,-14.973049,0.6618268,0.5517181,-0.47447425,0.18018523
0.69104314,-1.2504362,-15.226699,0.110441364,0.84744364,0.29812253,0.42516476
0.895791,-0.50884664,-14.973189,0.66183925,0.5517816,-0.47443816,0.18004017
0.69014555,-1.2513517,-15.226585,0.110565625,0.8475595,0.2980892,0.42492482
0.895698,-0.50935626,-14.972835,0.66191137,0.5517854,-0.47433656,0.18003102
0.69033706,-1.2521304,-15.226489,0.110695764,0.8476732,0.29799923,0.4247272
0.8956141,-0.50890446,-14.972971,0.66190577,0.551838,-0.474312,0.17995514
0.690501,-1.2518893,-15.226406,0.11079812,0.847741,0.2979253,0.42461702
0.8955381,-0.5093618,-14.972661,0.66194457,0.5518418,-0.47425175,0.17995927
0.6897716,-1.2516797,-15.226334,0.110861085,0.8478306,0.2978565,0.42446995
0.8954692,-0.5093653,-14.972792,0.66195846,0.5518621,-0.47421393,0.17994559
0.68914163,-1.2523268,-15.226272,0.110957526,0.8478799,0.29785472,0.42434737
0.89540213,-0.50936866,-14.9729185,0.66197616,0.55188537,-0.47414887,0.17998058
0.6885408,-1.2520796,-15.226212,0.11102703,0.8479335,0.2978349,0.42423612
0.89533496,-0.50937206,-14.973044,0.66198176,0.55189157,-0.4741265,0.1799999
0.68884265,-1.2526871,-15.22616,0.11112604,0.8479675,0.29778567,0.42417675
0.89526784,-0.5093754,-14.973171,0.6619707,0.55191034,-0.47410315,0.18004455
0.6883247,-1.2532148,-15.226116,0.11119142,0.8480095,0.29777375,0.42408395
0.89520127,-0.50937873,-14.973297,0.6619759,0.5519262,-0.47406784,0.18006976
0.6886138,-1.2536755,-15.226077,0.11126335,0.8480298,0.29776236,0.4240326
0.8951411,-0.5093818,-14.972957,0.6619885,0.5519329,-0.47402528,0.18011504
0.6888672,-1.2540793,-15.226043,0.11130359,0.848061,0.29773968,0.42397553
0.895518,-0.5093845,-14.972649,0.6619741,0.5519404,-0.47402146,0.18015529
0.6890904,-1.2537661,-15.226012,0.11130677,0.8480934,0.29769972,0.42393792
0.89545023,-0.509387,-14.972369,0.6619801,0.5519402,-0.4740061,0.18017413
0.68928754,-1.2541245,-15.225986,0.11135002,0.84809667,0.29771364,0.42391014
0.8957779,-0.5093893,-14.972115,0.66196144,0.5519453,-0.47400728,0.18022373
0.6894625,-1.253839,-15.225359,0.11135144,0.8481315,0.29764214,0.42389038
0.8960765,-0.50939137,-14.971882,0.6619294,0.55195785,-0.47402397,0.1802591
0.6896183,-1.2535847,-15.225374,0.111310646,0.8481513,0.29764357,0.42386043
0.89599794,-0.5097446,-14.97167,0.66192865,0.5519516,-0.4740141,0.18030721
0.68975747,-1.2533575,-15.224843,0.11130996,0.8481527,0.29763183,0.42386615
0.8959261,-0.5097341,-14.971477,0.661905,0.55196226,-0.47403413,0.18030863
0.69039977,-1.2531539,-15.224366,0.11129401,0.8481236,0.29764685,0.42391774
0.89617723,-0.5097245,-14.971297,0.6618758,0.5519694,-0.47405642,0.1803352
0.69146883,-1.2529709,-15.223938,0.1112892,0.84806055,0.29766554,0.4240322
0.8961068,-0.5097156,-14.971134,0.6618565,0.55198574,-0.47405753,0.18035294
0.6914982,-1.2523388,-15.223552,0.11123752,0.8480584,0.29765886,0.42405465
0.8963281,-0.5097075,-14.970984,0.66181296,0.55201185,-0.47407806,0.18037882
0.69152474,-1.2522113,-15.223204,0.11121685,0.84802026,0.29771698,0.4240956
0.8962602,-0.5099719,-14.970846,0.6618027,0.552015,-0.47408068,0.18040013
0.6919704,-1.2525175,-15.222888,0.11123145,0.8479278,0.2978248,0.42420095
0.89619756,-0.5099577,-14.970718,0.66179293,0.55200887,-0.47409907,0.18040651
0.6923752,-1.2523949,-15.222601,0.11123484,0.8478512,0.2979098,0.42429355
0.896385,-0.5101899,-14.970599,0.66177726,0.55200166,-0.47411418,0.1804464
0.6927437,-1.2522833,-15.222339,0.111226395,0.8477976,0.29799548,0.42434272
0.89632547,-0.50993866,-14.97049,0.66176283,0.55199885,-0.47413883,0.18044299
0.69271845,-1.2525431,-15.2221,0.111249104,0.84774965,0.29809,0.42436615
0.8962702,-0.51014864,-14.970389,0.6617599,0.5519834,-0.474155,0.18045843
0.69303876,-1.252437,-15.221883,0.11126507,0.8477096,0.29815093,0.42439923
0.8964293,-0.50992286,-14.970296,0.66174304,0.5519797,-0.4741831,0.18045765
0.69300604,-1.25234,-15.22201,0.11128118,0.8476898,0.29817575,0.4244169
0.8965771,-0.50971305,-14.970208,0.6617324,0.5519636,-0.47421986,0.18044938
0.69297594,-1.2528707,-15.222125,0.11138424,0.84767884,0.29821238,0.424386
0.89652413,-0.5097077,-14.970318,0.6617282,0.5519417,-0.47424668,0.18046163
0.6932427,-1.2530642,-15.222232,0.11147459,0.84766483,0.29822963,0.4243783
0.8966644,-0.50951016,-14.970426,0.66171724,0.5519201,-0.47428587,0.18046471
0.692929,-1.2529627,-15.222331,0.11152882,0.8476862,0.29821518,0.42433158
0.8968019,-0.5098933,-14.970531,0.66173166,0.5518696,-0.47430742,0.18050987
0.69263965,-1.2531347,-15.222421,0.11162823,0.8476922,0.2982052,0.42430046
0.89674443,-0.50988424,-14.970634,0.6617335,0.55182284,-0.4743554,0.18051949
0.69262475,-1.2532938,-15.222505,0.11169966,0.84769154,0.29819018,0.42429352
0.8966881,-0.51006764,-14.970736,0.6617533,0.5517598,-0.47438678,0.1805573
0.692611,-1.2534409,-15.222582,0.11177272,0.8477036,0.2981579,0.42427278
0.89663285,-0.5102474,-14.970836,0.66179323,0.5516844,-0.4743997,0.18060732
0.6923704,-1.2533493,-15.222653,0.11184369,0.8477323,0.2981015,0.42423633
0.8965787,-0.5100391,-14.970933,0.6618013,0.5516284,-0.47445473,0.18060437
0.69236374,-1.2534807,-15.22272,0.11193567,0.84776866,0.29802346,0.42419425
0.89652574,-0.5102194,-14.971028,0.6618259,0.5515648,-0.47448227,0.18063614
0.69235754,-1.2536027,-15.222782,0.1120412,0.84783036,0.2979079,0.42412433
0.8964738,-0.51039606,-14.971122,0.6618537,0.55148494,-0.4745292,0.18065497
0.69235176,-1.2537162,-15.22284,0.11220192,0.84792143,0.29774067,0.42401722
0.8964229,-0.51037705,-14.971213,0.66185534,0.5514327,-0.47457865,0.1806783
0.69234616,-1.2538257,-15.222895,0.11236895,0.8480269,0.29753214,0.42390853
0.89637303,-0.51055056,-14.971111,0.66188395,0.55138165,-0.47458518,0.18071224
0.69234073,-1.2537408,-15.222949,0.11256363,0.8481755,0.297208,0.42378667
0.89632416,-0.51052845,-14.971203,0.6619069,0.551338,-0.47460583,0.18070704
0.6921432,-1.2536575,-15.2230015,0.1128078,0.84845,0.29678243,0.4234704
0.89646846,-0.5105067,-14.971293,0.66194695,0.5513421,-0.4745478,0.1807002
0.6917573,-1.2535759,-15.223055,0.11301191,0.84877264,0.29631883,0.42309391
0.8964176,-0.5102932,-14.971381,0.6619781,0.55136496,-0.47449464,0.18065599
0.6915714,-1.2534959,-15.223106,0.113239236,0.84904,0.29597718,0.42273572
0.89656013,-0.51066065,-14.971275,0.66203994,0.55134875,-0.47441742,0.1806815
0.6913892,-1.2536098,-15.223157,0.113607354,0.8492276,0.2956624,0.4224804
0.8965075,-0.5106363,-14.971363,0.66206956,0.55137056,-0.474364,0.18064652
0.6912106,-1.2537214,-15.223206,0.11379251,0.8493963,0.29546916,0.42222646
0.89626366,-0.5106124,-14.971258,0.66210914,0.55139947,-0.47429127,0.18060458
0.6906921,-1.2538759,-15.223274,0.1139705,0.84951586,0.29537976,0.42200056
0.89602464,-0.5107813,-14.971154,0.6621527,0.55140936,-0.474226,0.18058601
0.6907292,-1.2540184,-15.22308,0.11416453,0.8495147,0.29539743,0.421938
0.8959827,-0.5107545,-14.971245,0.6621727,0.55141056,-0.47421235,0.1805449
0.6904774,-1.2541759,-15.223157,0.114220746,0.84953403,0.2954383,0.42185533
0.89613384,-0.5107283,-14.971334,0.66217566,0.5514109,-0.47420412,0.18055454
0.690189,-1.2543563,-15.223245,0.114330895,0.84948736,0.2954492,0.42191184
0.8960897,-0.5107026,-14.971421,0.66219276,0.55140465,-0.47418705,0.18055607
0.6898896,-1.2537987,-15.223336,0.114163935,0.84947705,0.29539317,0.4220168
0.8962387,-0.5104852,-14.971506,0.6621743,0.55141294,-0.47420675,0.18054618
0.68996996,-1.2539971,-15.223419,0.11417205,0.84935784,0.29553986,0.42215192
0.8960002,-0.5106566,-14.971398,0.6622028,0.55138147,-0.47419226,0.18057595
0.6900438,-1.2541795,-15.223497,0.114194915,0.8492629,0.29562712,0.42227575
0.896151,-0.5106323,-14.971484,0.6622119,0.5513538,-0.4742019,0.18060179
0.6897434,-1.2539971,-15.22358,0.114119925,0.84919137,0.29570046,0.42238846
0.89610654,-0.5106085,-14.971569,0.6622143,0.55131865,-0.4742345,0.18061496
0.6898311,-1.2538308,-15.223657,0.11402498,0.8491398,0.29571584,0.42250705
0.8962552,-0.5107774,-14.971459,0.6622203,0.55127215,-0.47425416,0.18068299
0.68991125,-1.2536787,-15.223727,0.11398492,0.8490521,0.29576325,0.4226608
0.8964009,-0.5107507,-14.971544,0.66221774,0.5512053,-0.47432017,0.18072334
0.6899846,-1.2535393,-15.223791,0.11389218,0.84897786,0.29579645,0.42281157
0.8965437,-0.5107246,-14.971627,0.6622232,0.5511196,-0.47438717,0.1807884
0.69005203,-1.2534115,-15.22354,0.11379989,0.8488922,0.2958723,0.42295542
0.8964914,-0.5108912,-14.971518,0.6622467,0.5510354,-0.4744169,0.1808809
0.69040865,-1.2535887,-15.2233095,0.11384719,0.848748,0.29598787,0.42315105
0.8966324,-0.51086223,-14.971408,0.66221654,0.5509174,-0.4745686,0.18095295
0.6904571,-1.2534717,-15.223097,0.11378962,0.84865475,0.29608268,0.42328736
0.8969627,-0.51083386,-14.971301,0.662186,0.5507352,-0.47476524,0.18110368
0.69050187,-1.2538959,-15.222901,0.11381061,0.84854215,0.2962482,0.42339155
0.8970943,-0.51099825,-14.971197,0.6622005,0.55052197,-0.47490996,0.18131934
0.6907958,-1.2540351,-15.222719,0.11375924,0.8484344,0.29637498,0.42353266
0.8972232,-0.5109672,-14.971095,0.6621564,0.5503479,-0.47512317,0.1814499
0.6910677,-1.2539238,-15.222551,0.1137027,0.8483286,0.29648516,0.42368263
0.89754176,-0.51112896,-14.970995,0.6620722,0.55013263,-0.47536737,0.18177019
0.6913196,-1.2540487,-15.222397,0.11366138,0.84821826,0.29662323,0.42381802
0.8976759,-0.51130617,-14.970884,0.66203094,0.5499344,-0.47553465,0.18208268
0.6915532,-1.253948,-15.222252,0.11359856,0.84813553,0.29670054,0.4239461
0.8978134,-0.5112625,-14.970772,0.6619548,0.5497336,-0.47579226,0.18229291
0.6917701,-1.2538544,-15.222118,0.11353009,0.8480433,0.29682222,0.42406377
0.8979561,-0.5112172,-14.9706545,0.6619235,0.54951775,-0.47600752,0.18249501
0.6919717,-1.253963,-15.221994,0.1134938,0.84792525,0.29699686,0.4241873
0.8985368,-0.511884,-14.97048,0.66194385,0.54922104,-0.47615096,0.18293938
0.692166,-1.2540675,-15.221874,0.11346246,0.8478259,0.29713678,0.42429644
0.8987339,-0.5117878,-14.970306,0.6618461,0.5490873,-0.47636184,0.18314573
0.6921641,-1.2539778,-15.221757,0.11338472,0.8477451,0.29726836,0.42438617
0.89945483,-0.5121512,-14.970095,0.6617587,0.5489367,-0.47656822,0.18337558
0.6923546,-1.2540821,-15.221642,0.113333896,0.847668,0.29738557,0.42447183
0.9003418,-0.5132206,-14.969836,0.6617781,0.54878026,-0.4766291,0.18361577
0.69276065,-1.2541914,-15.221521,0.11330077,0.847575,0.29751083,0.42457852
0.90054697,-0.51297826,-14.969595,0.66173905,0.5487513,-0.47675195,0.18352424
0.6929536,-1.2540917,-15.221609,0.11325635,0.8475335,0.2975685,0.42463282
0.9014875,-0.51343167,-14.969334,0.6617262,0.5486373,-0.47694704,0.18340482
0.69293547,-1.2541964,-15.221691,0.1132338,0.8475002,0.2976528,0.4246463
0.901633,-0.5131489,-14.969784,0.66173905,0.54849654,-0.47714704,0.18325871
0.69291824,-1.2542963,-15.22177,0.11321764,0.8474699,0.29771748,0.4246657
0.90254366,-0.5136158,-14.970251,0.6617651,0.5482832,-0.47738954,0.18317164
0.6931042,-1.2544001,-15.22185,0.113212645,0.847425,0.29779562,0.42470184
0.9026237,-0.5140524,-14.970689,0.6618921,0.54807955,-0.47748417,0.18307514
0.6930832,-1.2544976,-15.221927,0.11320105,0.8474161,0.29783505,0.42469493
0.90269357,-0.5137009,-14.971071,0.6619491,0.547953,-0.47762567,0.18287879
0.6930631,-1.2545916,-15.222001,0.113192454,0.8474191,0.29787403,0.42466396
0.9027594,-0.5141168,-14.971431,0.66203415,0.5478348,-0.47768053,0.18278165
0.6930433,-1.2546835,-15.222074,0.113208555,0.8474018,0.29792786,0.42465648
0.9028214,-0.5145093,-14.971769,0.6621883,0.5476927,-0.47768363,0.18264104
0.69324666,-1.2547896,-15.2221575,0.113206394,0.8473969,0.29795212,0.42464978
0.90287566,-0.5141267,-14.972066,0.6622797,0.5475882,-0.4777184,0.18253177
0.693454,-1.2546616,-15.222241,0.113208786,0.8473913,0.29797122,0.4246467
0.902927,-0.51450723,-14.972346,0.66234654,0.54745877,-0.4777737,0.18253314
0.6934204,-1.2547718,-15.222323,0.11322196,0.84740174,0.29796955,0.4246237
0.9029719,-0.5141358,-14.972593,0.66243666,0.5472954,-0.47790283,0.18235801
0.6936347,-1.2546371,-15.222409,0.11323256,0.8474043,0.29796788,0.4246169
0.9030147,-0.51450616,-14.972827,0.6625312,0.54705334,-0.4780493,0.18235694
0.6938838,-1.2547779,-15.222507,0.11326565,0.8474066,0.29795402,0.42461318
0.90305233,-0.51414394,-14.973032,0.66257656,0.5468424,-0.47829813,0.1821721
0.6940922,-1.2550889,-15.222385,0.113345675,0.8474539,0.2978527,0.42456868
0.9038394,-0.51490927,-14.973447,0.6627792,0.5460529,-0.47889593,0.18223274
0.6944062,-1.2552584,-15.222122,0.11339768,0.8474895,0.29778036,0.42453453
0.9047029,-0.51618487,-14.972764,0.66292465,0.5456205,-0.4791154,0.18242195
0.69475144,-1.2554449,-15.221832,0.113449365,0.84752476,0.2977049,0.4245031
0.9054866,-0.5155595,-14.973037,0.6629625,0.5452726,-0.4794824,0.18236007
0.694626,-1.2556202,-15.221559,0.11350543,0.84756005,0.2976432,0.4244608
0.90628445,-0.51692367,-14.973313,0.6630708,0.54491675,-0.47970444,0.18244605
0.6945124,-1.2553513,-15.221311,0.11355446,0.84760517,0.29756746,0.4244107
0.90698695,-0.51615846,-14.973557,0.66301566,0.54466885,-0.48013347,0.18225814
0.6944093,-1.2551072,-15.2210865,0.113619685,0.8476682,0.29746646,0.4243384
0.9076122,-0.5154774,-14.973775,0.66302454,0.544364,-0.48052838,0.1820956
0.6943155,-1.2548852,-15.220882,0.11369502,0.8477514,0.29733342,0.4242451
0.9081905,-0.51585084,-14.972972,0.6631225,0.5440393,-0.48074508,0.18213767
0.6942299,-1.2546827,-15.220696,0.11382162,0.8478614,0.2971414,0.4241258
0.9087023,-0.5151899,-14.973253,0.6631694,0.5438294,-0.48098952,0.1819483
0.6945085,-1.2544918,-15.22052,0.113985434,0.8479744,0.29693165,0.4240028
0.90919393,-0.5166788,-14.973523,0.6632486,0.54351383,-0.48117,0.18212473
0.69482166,-1.2546967,-15.220324,0.11421654,0.84810394,0.2966732,0.42386237
0.9108477,-0.51696837,-14.973788,0.66321653,0.5432457,-0.4814966,0.18217887
0.6951648,-1.2549212,-15.220107,0.114511535,0.8482444,0.29643708,0.42366678
0.91242206,-0.51724404,-14.974041,0.66320664,0.54304314,-0.481732,0.18219627
0.6945615,-1.255124,-15.219913,0.114736564,0.8484718,0.29617548,0.42333353
0.91391957,-0.51889795,-14.97428,0.66322196,0.54289883,-0.48176923,0.18247204
0.6944492,-1.2553073,-15.219736,0.11502935,0.84866744,0.29582438,0.42310742
0.913814,-0.51759744,-14.974475,0.6631289,0.5429111,-0.4819512,0.18229295
0.6943473,-1.2550616,-15.219989,0.11522168,0.8488829,0.29550868,0.42284334
0.91507226,-0.5178023,-14.974647,0.66315824,0.5428002,-0.4820054,0.18237334
0.69386333,-1.2552297,-15.220218,0.11543661,0.8490772,0.29531035,0.42253304
0.91622865,-0.5194357,-14.974805,0.663279,0.54262435,-0.48200142,0.18246786
0.69379413,-1.2553828,-15.220055,0.115662314,0.8492058,0.29517615,0.4223067
0.91578454,-0.5193807,-14.974934,0.6633396,0.5426188,-0.48194963,0.18240091
0.6937309,-1.2551694,-15.220259,0.11570912,0.849336,0.2950231,0.4221389
0.9154178,-0.5193353,-14.97504,0.6633175,0.5425826,-0.48204198,0.18234497
0.6940086,-1.2553098,-15.22011,0.1159128,0.8493759,0.29496044,0.42204648
0.9151055,-0.52062154,-14.975131,0.66341466,0.5425725,-0.4818926,0.18241642
0.69394445,-1.2551197,-15.220293,0.115996994,0.84945095,0.29485464,0.4219462
0.9161953,-0.5203986,-14.975212,0.6633704,0.54256254,-0.4819723,0.18239619
0.6935826,-1.2552478,-15.220158,0.11610781,0.8494939,0.29489022,0.42180434
0.9171872,-0.5216472,-14.975286,0.6633556,0.54252183,-0.48196295,0.18259563
0.69324976,-1.2553658,-15.220034,0.1160992,0.84953177,0.29490563,0.42171976
0.9166084,-0.52127534,-14.975345,0.66337806,0.5425373,-0.4819432,0.18252017
0.6932163,-1.2552012,-15.219918,0.1160564,0.849544,0.2948459,0.4217487
0.9161374,-0.5196628,-14.975392,0.6634129,0.5425395,-0.4819678,0.18232186
0.6929258,-1.2550493,-15.219812,0.11594016,0.8495871,0.29478657,0.42173535
0.9157509,-0.5195841,-14.975432,0.6634259,0.5425304,-0.48190162,0.18247628
0.69290394,-1.2551554,-15.219715,0.11592342,0.849548,0.29485455,0.4217711
0.91543126,-0.51951903,-14.975466,0.6634294,0.54249036,-0.4819212,0.1825313
0.693118,-1.2552538,-15.219625,0.11594878,0.849412,0.2949622,0.42196262
0.915165,-0.5194648,-14.974369,0.6631886,0.54267967,-0.48202908,0.18255912
0.6933266,-1.2553495,-15.219537,0.11590157,0.849305,0.295046,0.42213246
0.91494155,-0.5183523,-14.97345,0.6629782,0.5427758,-0.48220298,0.1825779
0.69329333,-1.2554514,-15.219443,0.1158494,0.8492141,0.29516548,0.42224625
0.9147529,-0.5184264,-14.972672,0.66299206,0.5428738,-0.48202053,0.18271805
0.6935523,-1.2555667,-15.2193365,0.1158032,0.8491141,0.29526094,0.42239302
0.9136296,-0.51752645,-14.9720125,0.6630467,0.54301775,-0.48180893,0.18265015
0.6938145,-1.2553737,-15.219229,0.11568674,0.8490659,0.29533833,0.42246777
0.9135842,-0.51767194,-14.971448,0.66302323,0.54304343,-0.4817597,0.18278882
0.6937553,-1.2555034,-15.219119,0.11563794,0.84904146,0.29543823,0.42246044
0.9126761,-0.518666,-14.9709635,0.6631877,0.5430054,-0.48151743,0.18294339
0.69369507,-1.2556355,-15.2190075,0.115586266,0.84901935,0.29554066,0.4224474
0.91271704,-0.5186994,-14.971371,0.66312826,0.543075,-0.4814946,0.18301225
0.6936337,-1.25577,-15.218894,0.11555844,0.84899527,0.2955943,0.42246592
0.9135369,-0.5179441,-14.971724,0.6630048,0.543171,-0.48154598,0.18303944
0.6940002,-1.2563632,-15.218762,0.11554249,0.848943,0.29568216,0.42251375
0.91425216,-0.51877534,-14.971286,0.6630791,0.5431255,-0.4814317,0.18320575
0.69391686,-1.255654,-15.218643,0.115419716,0.8489564,0.2956496,0.42254314
0.91417116,-0.5187959,-14.970903,0.66314346,0.5431643,-0.4812842,0.18324514
0.6938411,-1.2554044,-15.2185335,0.115322955,0.8489539,0.2956619,0.4225659
0.91477233,-0.51814157,-14.971239,0.66300875,0.5433052,-0.48127505,0.18333904
0.6941519,-1.2555542,-15.218433,0.11526536,0.84892327,0.29569674,0.42261875
0.9146647,-0.51884115,-14.970897,0.66305196,0.54335964,-0.4811165,0.18343751
0.69371194,-1.2553293,-15.218342,0.1151518,0.84891504,0.29572076,0.42264944
0.9145692,-0.5188546,-14.971199,0.6630866,0.5434508,-0.48094326,0.18349676
0.6936533,-1.2547798,-15.218258,0.11501262,0.8489058,0.29569986,0.42272058
0.9144842,-0.51886666,-14.971469,0.6630522,0.54353833,-0.4808459,0.18361695
0.6939262,-1.2546031,-15.218182,0.114913486,0.8488653,0.29571852,0.42281592
0.9144083,-0.5188774,-14.971163,0.6630538,0.5436302,-0.48067638,0.18378279
0.69386566,-1.254439,-15.21811,0.11477234,0.84882843,0.29573503,0.42291668
0.91492075,-0.5188883,-14.971441,0.6630541,0.5437084,-0.48052502,0.18394645
0.6941426,-1.2542669,-15.218035,0.11458733,0.84871083,0.29575908,0.42318597
0.91481745,-0.518898,-14.971689,0.6630719,0.543852,-0.48026234,0.18414375
0.6943963,-1.254109,-15.218289,0.114427455,0.84856844,0.29581153,0.42347798
0.9147189,-0.5194756,-14.971927,0.6631052,0.54398966,-0.47994515,0.18444377
0.6943221,-1.2539641,-15.218523,0.114241675,0.8484456,0.29585558,0.42374352
0.91463095,-0.5189121,-14.972139,0.66304797,0.54418075,-0.47973543,0.18463105
0.6948375,-1.2538309,-15.218738,0.1140819,0.8482362,0.29592565,0.4241566
0.91455203,-0.5189197,-14.972329,0.6629967,0.54437155,-0.479506,0.18484847
0.6950438,-1.2534132,-15.2189455,0.11388008,0.8480295,0.2959898,0.42457917
0.91399384,-0.51892656,-14.9720125,0.6629781,0.54454845,-0.47926715,0.18501343
0.69562846,-1.2532753,-15.219185,0.113687396,0.84777933,0.29609498,0.42505667
0.9134904,-0.51846987,-14.97219,0.6629055,0.54473543,-0.479124,0.18509398
0.6969188,-1.2525959,-15.219514,0.11339078,0.84733146,0.29626077,0.4259125
0.9134749,-0.51849663,-14.97235,0.6628114,0.54491144,-0.4789718,0.18530686
0.6984233,-1.2524065,-15.220499,0.11297248,0.8466769,0.29654443,0.42712632
0.91304314,-0.5185209,-14.972078,0.66275364,0.54508567,-0.4788072,0.18542632
0.7001969,-1.2514251,-15.221661,0.11249234,0.84584534,0.29688936,0.42865828
0.9130476,-0.5177492,-14.972227,0.66264534,0.5452961,-0.47870597,0.18545616
0.702174,-1.2503313,-15.222955,0.11198728,0.84490985,0.29732347,0.4303313
0.9130517,-0.5174234,-14.972363,0.6625357,0.54547656,-0.47858933,0.18561783
0.7054344,-1.2502444,-15.224366,0.11156783,0.8439428,0.29780084,0.4320045
0.9126973,-0.5174842,-14.972487,0.6625304,0.5456225,-0.4783867,0.18573022
0.70738727,-1.2501602,-15.225737,0.11120076,0.8431032,0.29823563,0.4334363
0.91271347,-0.5175398,-14.972601,0.6624479,0.545767,-0.47827485,0.18588793
0.7107694,-1.2486696,-15.227123,0.110799745,0.8423299,0.29867566,0.43473735
0.91240495,-0.51759076,-14.972706,0.66236883,0.545967,-0.47811818,0.1859858
0.71399766,-1.247247,-15.228447,0.11029733,0.8416994,0.2990009,0.43586132
0.9121217,-0.51763755,-14.972494,0.66239023,0.54608274,-0.47795123,0.18599883
0.716938,-1.2459512,-15.229653,0.11002914,0.8411737,0.2991497,0.43684086
0.91186124,-0.5173889,-14.972592,0.6622528,0.5462814,-0.47788626,0.18607189
0.7195179,-1.2448143,-15.230712,0.10972267,0.8408215,0.29930192,0.43749112
0.9118985,-0.51743686,-14.972681,0.66217506,0.5463803,-0.4778227,0.186221
0.72166765,-1.2457447,-15.231593,0.10953717,0.84049004,0.29960328,0.4379679
0.91166955,-0.5174812,-14.972763,0.6621508,0.54647404,-0.4776935,0.18636389
0.72346985,-1.2445682,-15.232332,0.10922265,0.8402928,0.2997441,0.43832868
0.9117081,-0.51727206,-14.972839,0.6620725,0.5465398,-0.47770825,0.18641138
0.7249517,-1.243601,-15.23294,0.10911542,0.8401513,0.2998085,0.43858236
0.9117438,-0.5173161,-14.97291,0.6620057,0.54654944,-0.47776866,0.1864654
0.72612125,-1.2448558,-15.233419,0.109162666,0.8399079,0.30004314,0.43887642
0.9115512,-0.51735693,-14.972976,0.66203463,0.54655355,-0.47769612,0.18653677
0.72706383,-1.2438082,-15.233806,0.10902321,0.8398294,0.30006975,0.43904302
0.9115869,-0.51739484,-14.973037,0.66200566,0.5465142,-0.47778678,0.18652233
0.7278161,-1.242972,-15.234115,0.10916124,0.83968514,0.30009753,0.4392657
0.91141635,-0.5172263,-14.973093,0.6619682,0.5465276,-0.4778635,0.18641964
0.72841203,-1.2423097,-15.234359,0.10920379,0.83963436,0.30020845,0.43927634
0.91145134,-0.5172631,-14.9731455,0.66191053,0.5464768,-0.47799358,0.1864399
0.7288535,-1.2458414,-15.234539,0.10960625,0.8394717,0.30047816,0.43930244
0.9112931,-0.51729894,-14.973196,0.66195035,0.5463866,-0.4780878,0.18632117
0.7278877,-1.247149,-15.234778,0.11081531,0.8396418,0.30065766,0.43855056
0.9113667,-0.5171724,-14.973296,0.66198736,0.5460252,-0.4785265,0.18612269
0.72663593,-1.2475845,-15.233134,0.11137277,0.83973265,0.30076292,0.43816313
0.9114024,-0.51721,-14.973344,0.66200554,0.54588383,-0.47868663,0.18606097
0.7272982,-1.247924,-15.231853,0.11190883,0.8397752,0.30085284,0.43788317
0.91124517,-0.5172469,-14.973391,0.66205025,0.54574776,-0.47878727,0.18604234
0.7278201,-1.2497478,-15.230842,0.11246732,0.8397831,0.30098474,0.43763426
0.9112833,-0.5174753,-14.973436,0.66208535,0.54562664,-0.47887903,0.18603623
0.72823566,-1.2512,-15.230037,0.113328874,0.8397582,0.3012739,0.43726048
0.91112846,-0.5175069,-14.97329,0.6620403,0.5455933,-0.4790058,0.18596782
0.7271652,-1.2537717,-15.22939,0.114132345,0.83971506,0.30171144,0.43683264
0.91116893,-0.5173456,-14.9731455,0.66193527,0.5456103,-0.47916558,0.18588044
0.7289654,-1.2558578,-15.228866,0.11492587,0.8395501,0.3021371,0.43664742
0.91120857,-0.5173798,-14.973005,0.66185576,0.545614,-0.47928134,0.18585424
0.7291707,-1.2588322,-15.227169,0.11574815,0.83944625,0.3025172,0.43636662
0.91124743,-0.51760554,-14.972866,0.6618007,0.54561526,-0.47936654,0.18582663
0.7293399,-1.2612852,-15.22577,0.11638793,0.8394145,0.3028873,0.4360005
0.9112855,-0.5174423,-14.972731,0.66171336,0.5456458,-0.47949213,0.18572395
0.7283366,-1.2633237,-15.2246065,0.11693983,0.83941805,0.30323806,0.43560207
0.9115151,-0.5174746,-14.972598,0.66162705,0.54567885,-0.47960132,0.18565273
0.72858363,-1.2661165,-15.223634,0.117479734,0.8393787,0.30368072,0.43522415
0.9115479,-0.5175062,-14.972467,0.6615681,0.5457221,-0.47966692,0.18556619
0.72775936,-1.2684697,-15.222815,0.11797418,0.8394151,0.3040436,0.43476656
0.91158,-0.5175372,-14.97234,0.66153175,0.5457656,-0.47969642,0.18549171
0.7280653,-1.2706355,-15.222059,0.11851013,0.8394095,0.30436933,0.43440354
0.9116115,-0.5175675,-14.972214,0.6614785,0.5458008,-0.47976127,0.1854101
0.72726685,-1.2736485,-15.221384,0.119085446,0.839411,0.30470362,0.4340087
0.91164225,-0.51759726,-14.972092,0.6614287,0.5458486,-0.47979927,0.18534885
0.72651684,-1.2776129,-15.220749,0.11968012,0.8393801,0.3050728,0.43364543
0.9116725,-0.5178186,-14.971972,0.66137594,0.54590076,-0.4798246,0.18531798
0.7258545,-1.2788429,-15.220188,0.120185465,0.83939683,0.30528325,0.43332502
0.9118943,-0.51784337,-14.972046,0.6613074,0.54595524,-0.4798758,0.18526955
0.7252468,-1.2811527,-15.219673,0.12073481,0.83937234,0.305496,0.4330697
0.9119195,-0.51767534,-14.972119,0.6612527,0.5460157,-0.4799104,0.18519683
0.72467333,-1.2846034,-15.219188,0.12149423,0.8393486,0.3056865,0.43276885
0.9119441,-0.517703,-14.972191,0.6612347,0.54604703,-0.47992474,0.18513152
0.72414184,-1.2878014,-15.218737,0.1221715,0.83930635,0.30589613,0.43251184
0.91196823,-0.51773,-14.972261,0.661214,0.5460826,-0.47992447,0.1851012
0.7236563,-1.2907228,-15.216882,0.122920066,0.8392412,0.3060926,0.43228722
0.9119919,-0.5177565,-14.97233,0.6611848,0.5461148,-0.4799326,0.18508936
0.72477186,-1.2934084,-15.215177,0.12358017,0.8392038,0.30620733,0.43209037
0.9120151,-0.51778245,-14.972397,0.6611731,0.546145,-0.47992608,0.18505892
0.7257661,-1.2958016,-15.213657,0.12424797,0.83916736,0.3063089,0.43189758
0.91203785,-0.5178079,-14.972463,0.66113895,0.54618186,-0.47993502,0.18504874
0.7266299,-1.297881,-15.2123375,0.124889344,0.83915734,0.30637032,0.4316885
0.91206014,-0.5176406,-14.9725275,0.6610944,0.5462412,-0.4799202,0.18507129
0.7255783,-1.2996033,-15.211244,0.12536594,0.8391973,0.30642208,0.43143585
0.91208196,-0.5178611,-14.972399,0.66107213,0.5462758,-0.47988695,0.18513526
0.7247105,-1.3010247,-15.210341,0.1257918,0.8393033,0.30632207,0.4311765
0.9121034,-0.517885,-14.972272,0.6610439,0.5462949,-0.47989255,0.18516506
0.723997,-1.3021933,-15.2096,0.12607868,0.83945626,0.30619326,0.43088636
0.91212434,-0.5179084,-14.972148,0.66103613,0.5463031,-0.47988003,0.18520103
0.7234423,-1.3013748,-15.2090225,0.12631442,0.83955324,0.30612957,0.43067354
0.9121449,-0.51812357,-14.972028,0.6610408,0.5463065,-0.47983807,0.18528311
0.7229803,-1.3024464,-15.206789,0.1265349,0.8396675,0.30605155,0.4304415
0.91216505,-0.5181422,-14.971909,0.6610453,0.5462986,-0.47981697,0.1853447
0.7243972,-1.3033489,-15.204908,0.12680984,0.8397276,0.30598566,0.4302902
0.91237706,-0.51796824,-14.971793,0.66101,0.5462905,-0.4798605,0.18538189
0.7255762,-1.3040998,-15.203342,0.1270119,0.8397453,0.30600747,0.4301806
0.91239256,-0.51798993,-14.971679,0.6610105,0.5462734,-0.4798563,0.18544139
0.7265474,-1.3047184,-15.202053,0.12724221,0.8397386,0.30604273,0.4301006
0.9124136,-0.5182854,-14.971258,0.6610448,0.5462312,-0.47982737,0.18551841
0.7273407,-1.3052237,-15.200999,0.12744518,0.8396885,0.30606097,0.4301252
0.912436,-0.51830876,-14.971101,0.6610625,0.54619306,-0.47982726,0.18556781
0.7279841,-1.3056334,-15.200146,0.1276069,0.83963335,0.30610982,0.4301502
0.912775,-0.5180178,-14.970937,0.661062,0.5461491,-0.47987047,0.18558723
0.7304707,-1.3059642,-15.199455,0.12784824,0.83945465,0.30629334,0.4302966
0.9131667,-0.5180585,-14.970746,0.66108793,0.54608566,-0.4798869,0.18563923
0.73254,-1.3082978,-15.198882,0.1281459,0.839269,0.30648196,0.43043604
0.91360766,-0.5181043,-14.970531,0.6610989,0.5460368,-0.4798997,0.18571092
0.73551536,-1.309552,-15.198057,0.1285938,0.83906317,0.30668053,0.4305622
0.9140406,-0.51820356,-14.970068,0.66115564,0.5459051,-0.47994456,0.1857795
0.73446554,-1.309068,-15.197787,0.12880886,0.8390057,0.30670136,0.43059498
0.9145909,-0.51886356,-14.969817,0.6611981,0.54582614,-0.47995597,0.18583122
0.7336315,-1.3107163,-15.197574,0.12896772,0.83897984,0.30675063,0.43056285
0.91517925,-0.5195692,-14.969548,0.66125625,0.5457308,-0.47996277,0.18588646
0.7349799,-1.3099973,-15.197408,0.12907304,0.8389723,0.306653,0.43061545
0.916527,-0.51877564,-14.969277,0.6612818,0.5456287,-0.48003313,0.1859137
0.7340933,-1.3094509,-15.197283,0.12909098,0.83900577,0.30657706,0.43059897
0.91626436,-0.5195454,-14.969028,0.6613633,0.5455058,-0.4800496,0.18594173
0.73528063,-1.3090181,-15.197183,0.12912455,0.83899575,0.3064991,0.43066385
0.91602105,-0.5202585,-14.968799,0.6614663,0.54535633,-0.48006257,0.18598044
0.7343812,-1.308684,-15.197105,0.12906304,0.839049,0.30638883,0.43065706
0.91661674,-0.5218503,-14.968559,0.6615862,0.5451668,-0.48008874,0.18604237
0.735461,-1.3084147,-15.197043,0.12905183,0.8390794,0.30624855,0.43070105
0.91629845,-0.5233597,-14.968331,0.6617527,0.54496235,-0.4800678,0.186103
0.7369525,-1.3080429,-15.200026,0.1289868,0.8389065,0.3060562,0.4311936
0.91744083,-0.5235431,-14.968724,0.6620389,0.54443425,-0.48020783,0.1862693
0.73747045,-1.3063489,-15.201062,0.12883097,0.8388707,0.30585185,0.4314548
0.9170878,-0.52317363,-14.969298,0.66227657,0.54406786,-0.4802824,0.18630292
0.73639584,-1.3050016,-15.201885,0.12867293,0.83889407,0.30561927,0.4316213
0.91678,-0.5228515,-14.969799,0.66254455,0.5436982,-0.4802943,0.18639868
0.736945,-1.3039197,-15.202547,0.1285533,0.8389713,0.30523756,0.4317769
0.9165105,-0.5232836,-14.970237,0.66295576,0.5432851,-0.48016524,0.1864735
0.7373901,-1.3030428,-15.203084,0.12840639,0.8390473,0.30486807,0.43193388
0.9169519,-0.52298516,-14.970622,0.66325253,0.5428597,-0.48020345,0.18655889
0.7364794,-1.302326,-15.203523,0.12821214,0.8391476,0.30458426,0.43199685
0.91734165,-0.5233661,-14.970963,0.6637146,0.5423662,-0.48006767,0.18670033
0.7357289,-1.3017354,-15.203884,0.12802938,0.8392474,0.30428246,0.4320699
0.9177244,-0.5244186,-14.970618,0.6641627,0.5418918,-0.47991014,0.18688916
0.73625606,-1.3000948,-15.204183,0.12778716,0.83932966,0.30396324,0.43220666
0.9173829,-0.5254538,-14.97028,0.66462684,0.54154813,-0.47963613,0.1869385
0.7366969,-1.2987227,-15.204434,0.12759496,0.83941907,0.30358833,0.43235323
0.9177647,-0.5249998,-14.970664,0.6648499,0.54129905,-0.47963208,0.18687697
0.7370681,-1.2975675,-15.204645,0.12743177,0.83944297,0.30330268,0.43255547
0.9174538,-0.5245991,-14.970356,0.6651049,0.5410894,-0.479561,0.1867592
0.7383689,-1.2965884,-15.2048235,0.12725396,0.8394509,0.30304357,0.432774
0.9178341,-0.5255787,-14.970049,0.6653574,0.5408972,-0.47933757,0.18699019
0.7386884,-1.293298,-15.205107,0.12679304,0.8395255,0.30250466,0.4331414
0.91858745,-0.526029,-14.970189,0.6656411,0.5407565,-0.47907582,0.18705824
0.73881555,-1.2928343,-15.205219,0.12660438,0.83953065,0.30229095,0.4333358
0.91889507,-0.52551544,-14.970595,0.6657527,0.5407416,-0.4789601,0.18700065
0.7381225,-1.2916292,-15.205317,0.12635542,0.839579,0.30207723,0.43346387
0.9184933,-0.52506346,-14.970952,0.6658679,0.5408692,-0.47868192,0.18693359
0.7382822,-1.2905799,-15.205402,0.12613523,0.839622,0.30184963,0.4336031
0.91813827,-0.5259418,-14.971268,0.66602093,0.5409267,-0.47835588,0.1870563
0.73769695,-1.2889372,-15.206201,0.1257079,0.8397368,0.3015561,0.43370908
0.91721654,-0.5249,-14.971546,0.66607296,0.54164106,-0.47751585,0.18695019
0.7378716,-1.2874945,-15.2069025,0.12535271,0.8398029,0.30131742,0.43384975
0.9169728,-0.52512604,-14.971795,0.66612893,0.5421478,-0.47682625,0.18704246
0.736717,-1.2862221,-15.207522,0.12501226,0.8398891,0.3011204,0.43391803
0.9162074,-0.5253278,-14.972018,0.6662211,0.5426186,-0.47612092,0.18714593
0.7363164,-1.2850956,-15.20807,0.12464548,0.8399841,0.30089268,0.4339975
0.9155216,-0.5244679,-14.972218,0.6662406,0.5431154,-0.47555098,0.18708432
0.7347795,-1.283504,-15.208557,0.12428058,0.8400954,0.30067334,0.43403888
0.91441107,-0.5236952,-14.972397,0.6662879,0.5435089,-0.4750489,0.18704857
0.7334091,-1.2820851,-15.208991,0.12393324,0.84019125,0.30048364,0.4340838
0.91387993,-0.52346843,-14.972558,0.6663112,0.54384696,-0.47459826,0.18712693
0.73324907,-1.2808157,-15.209379,0.12357367,0.84026307,0.30025274,0.43420714
0.91340005,-0.5237098,-14.972703,0.666364,0.5441113,-0.4741535,0.18729769
0.7325992,-1.2796767,-15.209728,0.12318551,0.8403558,0.3000274,0.4342937
0.91296524,-0.5235045,-14.972836,0.66632175,0.5444066,-0.47383055,0.18740697
0.73200285,-1.2786314,-15.210049,0.12279273,0.8404542,0.29978472,0.43438208
0.91216785,-0.5233181,-14.972956,0.6663413,0.5446653,-0.47349936,0.1874233
0.7319196,-1.2780792,-15.210382,0.12248061,0.84050983,0.29958954,0.43449727
0.9118245,-0.5231485,-14.973064,0.6663371,0.5448812,-0.47323668,0.18747377
0.7312484,-1.2775135,-15.210726,0.12216784,0.8405726,0.2994025,0.4345929
0.9115113,-0.5233571,-14.972801,0.66632444,0.54509515,-0.47295502,0.18760747
0.7312005,-1.2769395,-15.211073,0.12186715,0.8406262,0.2992453,0.43468183
0.91087985,-0.52354777,-14.972559,0.6663287,0.5453019,-0.47269046,0.18765816
0.73115253,-1.2763644,-15.211421,0.121586636,0.8406863,0.29909763,0.4347458
0.91095734,-0.52339447,-14.972666,0.6661857,0.54552263,-0.47261596,0.1877124
0.7317555,-1.276502,-15.211083,0.121466935,0.84068406,0.299005,0.43484727
0.9110285,-0.52325386,-14.972764,0.6660358,0.5457346,-0.47257185,0.18773963
0.73166853,-1.2759594,-15.21143,0.12131419,0.8406838,0.2989255,0.43494502
0.9110939,-0.5234205,-14.972559,0.6658955,0.5459296,-0.47250852,0.1878291
0.73158485,-1.2754372,-15.211062,0.12115799,0.84067047,0.29888877,0.43503964
0.91087294,-0.52329284,-14.97237,0.6658076,0.54610527,-0.4724328,0.18782082
0.732137,-1.2736672,-15.211043,0.121126,0.8405342,0.29899472,0.4352391
0.91074103,-0.5230663,-14.972034,0.6655531,0.5463774,-0.47248554,0.18779835
0.73280793,-1.2732589,-15.210652,0.12129055,0.8404006,0.2992135,0.43530083
0.91056037,-0.52296567,-14.971886,0.66543174,0.54645324,-0.4725744,0.18778434
0.7326257,-1.2736697,-15.210312,0.12150489,0.84026474,0.29951373,0.43529677
0.91038024,-0.523112,-14.971737,0.6653382,0.54648894,-0.47267774,0.18775187
0.73245865,-1.2732831,-15.21,0.12169807,0.8401281,0.29979655,0.43531173
0.9104482,-0.52301246,-14.971598,0.6652359,0.5465172,-0.47279772,0.18772982
0.7323125,-1.2743952,-15.209728,0.12199075,0.83994496,0.30019772,0.43530688
0.90989405,-0.5232021,-14.971413,0.66519576,0.5465117,-0.4728553,0.18774298
0.732713,-1.2775302,-15.209277,0.122718096,0.83949155,0.30122945,0.43526447
0.90940064,-0.52328354,-14.971,0.66505885,0.5464852,-0.47306034,0.18778875
0.73319304,-1.2788309,-15.209091,0.123077184,0.8392471,0.30174932,0.43527436
0.9085827,-0.5240763,-14.97074,0.6650343,0.54643816,-0.47313744,0.18781829
0.7336195,-1.2805772,-15.208924,0.123547144,0.8389852,0.30225688,0.43529394
0.90830916,-0.5243253,-14.971009,0.6649692,0.54640806,-0.47324905,0.18785523
0.73399985,-1.2826953,-15.208776,0.12406001,0.83867115,0.3028257,0.43535778
0.9080427,-0.52456784,-14.971271,0.6648849,0.54639614,-0.47336003,0.18790862
0.73487306,-1.2840571,-15.208644,0.12455747,0.8383483,0.30337903,0.4354524
0.90778303,-0.52480435,-14.971526,0.6648042,0.54638547,-0.4734819,0.18791832
0.7351503,-1.2857854,-15.208018,0.12507862,0.8380394,0.30395856,0.4354935
0.9080773,-0.52501607,-14.971755,0.6647141,0.54636496,-0.4736279,0.18792892
0.7358808,-1.2878219,-15.207456,0.1256114,0.8377202,0.30454051,0.43554768
0.9083415,-0.52520615,-14.971961,0.66461754,0.5463537,-0.47377753,0.18792582
0.7369971,-1.2901168,-15.206947,0.1264463,0.8372415,0.3053696,0.43564627
0.9080997,-0.52538043,-14.972148,0.6645015,0.54637474,-0.4739357,0.18787588
0.73800725,-1.2921932,-15.206488,0.12759583,0.83660626,0.30644634,0.4357752
0.9088013,-0.5255377,-14.972319,0.66437113,0.5463803,-0.47412547,0.18784219
0.7401063,-1.2958204,-15.205829,0.12909597,0.8357647,0.30782124,0.43597904
0.9089991,-0.52567995,-14.972472,0.6642666,0.5463888,-0.47427526,0.18780898
0.7418437,-1.3003216,-15.205012,0.13083461,0.8348274,0.30931112,0.43620196
0.90959346,-0.52580893,-14.972611,0.6641503,0.54640657,-0.47443068,0.18777607
0.7462306,-1.3068876,-15.204029,0.13290568,0.83362305,0.3110197,0.43666402
0.90934515,-0.5259262,-14.972344,0.6640809,0.54642123,-0.47454232,0.18769667
0.75290745,-1.3191804,-15.201345,0.13476926,0.8325305,0.31201512,0.43746635
0.9094935,-0.5264076,-14.9721,0.6639978,0.54644465,-0.474655,0.18763758
0.77285403,-1.3545665,-15.191996,0.13780776,0.83044875,0.31294018,0.43980953
0.9093942,-0.5265751,-14.971655,0.6638411,0.5465215,-0.4748444,0.18748884
0.7881357,-1.382086,-15.185161,0.13988945,0.82922417,0.31297776,0.44143322
0.9091208,-0.5271217,-14.971394,0.66380686,0.5465672,-0.47486722,0.1874193
0.8129392,-1.4075348,-15.17961,0.14231771,0.82814544,0.31257728,0.44296303
0.908853,-0.5271959,-14.971601,0.66374606,0.54664075,-0.4749145,0.18730026
0.8349791,-1.4369187,-15.175446,0.14470175,0.8274273,0.3118913,0.444015
0.9085662,-0.5277941,-14.971821,0.66369253,0.54672194,-0.47493377,0.18720405
0.86223143,-1.4808946,-15.168642,0.14659742,0.82719976,0.31093892,0.44448486
0.9082636,-0.5284253,-14.9720545,0.66361004,0.54684305,-0.47495413,0.18709102
0.95648414,-1.6152546,-15.163659,0.14734907,0.82784426,0.30856216,0.44469273
0.90717566,-0.5299025,-14.972331,0.66353905,0.54702723,-0.4748972,0.18694894
1.025044,-1.7115834,-15.16084,0.14776196,0.82838315,0.30668396,0.4448515
0.9068796,-0.5305846,-14.972606,0.66340035,0.54723537,-0.47492036,0.18677278
1.1343055,-1.8861767,-15.159365,0.1475289,0.8294449,0.30485186,0.44420925
0.90659,-0.5312521,-14.972875,0.66317016,0.54741037,-0.475115,0.18658264
1.1933141,-1.9911231,-15.158728,0.1472695,0.8303128,0.30362394,0.4435142
0.90629333,-0.53287023,-14.973149,0.6629383,0.54753774,-0.47535172,0.18642977
1.2348891,-2.0630288,-15.158475,0.14707938,0.8309649,0.302665,0.44301128
0.9069868,-0.53438884,-14.973408,0.66264975,0.5476461,-0.47568914,0.18627672
1.2751691,-2.1085184,-15.1583805,0.14672333,0.8315798,0.3017835,0.4425767
0.90854734,-0.5357244,-14.973634,0.6623316,0.5477176,-0.47611493,0.18611044
1.2960603,-2.1626,-15.158346,0.14632289,0.8321152,0.30119255,0.44210523
0.90796995,-0.5382357,-14.972763,0.6620661,0.5477448,-0.47650638,0.18597294
1.3224431,-2.2007,-15.158333,0.14581122,0.83259606,0.30058107,0.44178492
0.90964353,-0.53932804,-14.972008,0.66173196,0.54775286,-0.4770254,0.18580796
1.3508234,-2.245972,-15.151908,0.14541653,0.83293605,0.30012047,0.44158736
0.9111234,-0.5402939,-14.97134,0.66137016,0.5477361,-0.47759992,0.18566953
1.3798901,-2.293734,-15.149747,0.14498392,0.833209,0.29965654,0.44152975
0.9113623,-0.54118854,-14.970721,0.6610848,0.54766446,-0.47815457,0.18546928
1.4024819,-2.3289776,-15.155604,0.14439759,0.8335104,0.29914415,0.4415004
0.9137133,-0.54086304,-14.970203,0.66058075,0.5476059,-0.47896442,0.18534844
1.4296596,-2.380141,-15.157486,0.14385064,0.833726,0.29869783,0.44157416
0.91474754,-0.54276466,-14.969732,0.6602883,0.5474766,-0.47950652,0.18537068
1.4515288,-2.416186,-15.158072,0.14319804,0.8339584,0.29817513,0.44170064
0.9145588,-0.54337114,-14.969301,0.6600278,0.5473547,-0.4800609,0.18522348
1.4717375,-2.461009,-15.158252,0.14260042,0.834141,0.2976995,0.4418697
0.91438735,-0.54392236,-14.968909,0.65984356,0.54719967,-0.4805401,0.1850956
1.5050849,-2.5017316,-15.158305,0.14201929,0.8342883,0.29723862,0.44208905
0.9154149,-0.5444092,-14.968563,0.6595362,0.54707533,-0.4811005,0.1851027
1.5424342,-2.5481365,-15.158321,0.14152819,0.83436483,0.29685825,0.4423577
0.91739154,-0.54369485,-14.968274,0.659185,0.54697305,-0.48167273,0.18516761
1.573986,-2.5961974,-15.158326,0.14101133,0.83444554,0.2965235,0.44259506
0.91905046,-0.5441595,-14.968031,0.6590001,0.546773,-0.48210204,0.18529941
1.5897405,-2.630535,-15.158327,0.14047909,0.8345654,0.2962434,0.44272584
0.9194713,-0.54458237,-14.967811,0.6589401,0.5466143,-0.4823654,0.18529561
1.6152083,-2.6681385,-15.158327,0.13987076,0.83470595,0.29600406,0.44281355
0.9209506,-0.54496163,-14.967612,0.65886873,0.5464716,-0.48261496,0.18532039
1.6433794,-2.7137907,-15.158327,0.13940397,0.83480024,0.2958287,0.44290018
0.9211631,-0.5453049,-14.967433,0.65879846,0.5463724,-0.4828523,0.18524426
1.6650597,-2.7471995,-15.158327,0.13889363,0.83494425,0.29567564,0.4428913
0.92249364,-0.5456118,-14.967274,0.6587713,0.5462684,-0.48297486,0.1853283
1.7585019,-2.8875952,-15.165642,0.13841656,0.8350494,0.29556692,0.44291493
0.9225263,-0.5458866,-14.96713,0.65872276,0.5463029,-0.48297453,0.18540002
1.7958164,-2.9583898,-15.167408,0.13801809,0.83518267,0.29540953,0.44289297
0.9225554,-0.5461316,-14.967002,0.6586557,0.5464026,-0.48296586,0.185367
1.8342509,-3.004638,-15.167819,0.13765706,0.8352768,0.29522458,0.44295126
0.92258275,-0.54761803,-14.966883,0.65867424,0.5464476,-0.48284337,0.18548772
1.857957,-3.045067,-15.167913,0.13723262,0.8354109,0.29496118,0.44300544
0.9214117,-0.547652,-14.967978,0.65873206,0.54650027,-0.4827359,0.18540654
1.8707521,-3.0915823,-15.167934,0.13679504,0.8355827,0.29465774,0.44301867
0.92037684,-0.54888636,-14.96774,0.65886116,0.546534,-0.4825215,0.18540668
1.9037015,-3.1319911,-15.175468,0.13633901,0.83575076,0.29429364,0.4430842
0.92068475,-0.54999775,-14.968767,0.65889424,0.5465644,-0.48240834,0.18549398
1.9796492,-3.2477498,-15.177124,0.13582201,0.83597004,0.29374558,0.443193
0.91976184,-0.54973966,-14.968438,0.65899247,0.5465271,-0.4822884,0.18556681
2.0184171,-3.302441,-15.177466,0.13530919,0.8361772,0.29318556,0.44332993
0.91899025,-0.5495239,-14.9681635,0.65905356,0.5464923,-0.48221,0.1856561
2.0569696,-3.3441947,-15.185225,0.13470179,0.8364154,0.29255986,0.4434789
0.919444,-0.5504833,-14.9690695,0.65914124,0.5463931,-0.48215806,0.18577158
2.0800595,-3.3909938,-15.186775,0.13395281,0.836736,0.29176432,0.443625
0.9198233,-0.55018723,-14.969827,0.65916437,0.5462623,-0.48225152,0.18583184
2.100057,-3.4311128,-15.187086,0.13300508,0.837142,0.29084292,0.44374922
0.92014563,-0.54993564,-14.969417,0.65919405,0.5461553,-0.4823092,0.18589151
2.1501946,-3.4852746,-15.187149,0.1320012,0.83755225,0.28979844,0.44395816
0.9204243,-0.5497181,-14.969063,0.65916413,0.5460502,-0.4824364,0.1859761
2.160222,-3.5345554,-15.1871605,0.13083194,0.83812517,0.28862494,0.4439876
0.9196891,-0.5495334,-14.968761,0.6591872,0.54591674,-0.48256668,0.18594775
2.2006762,-3.5828602,-15.187162,0.12960546,0.8386876,0.28740782,0.4440748
0.91999155,-0.54937196,-14.968498,0.6591577,0.54579943,-0.48272768,0.18597892
2.231836,-3.6309695,-15.194853,0.12839364,0.83930856,0.2860948,0.4441014
0.9202584,-0.54922944,-14.968266,0.65913117,0.54562694,-0.48297626,0.18593381
2.268827,-3.67904,-15.196391,0.12722541,0.8399349,0.28476432,0.4441086
0.92139095,-0.54910433,-14.968061,0.6590343,0.5454623,-0.4832849,0.18595809
2.2992942,-3.7424817,-15.196698,0.12617123,0.8405335,0.28366527,0.44398016
0.92240036,-0.5489929,-14.96788,0.65897596,0.5452382,-0.4835966,0.18601166
2.3573582,-3.8422947,-15.196773,0.1241846,0.8416971,0.28172824,0.44356897
0.922463,-0.54880357,-14.967571,0.6589386,0.54473066,-0.48421806,0.1860145
2.5457716,-4.170793,-15.212155,0.12180038,0.84312326,0.27983513,0.4427191
0.9250347,-0.54864705,-14.967316,0.65880203,0.54403853,-0.48512357,0.1861641
2.6084433,-4.286835,-15.207542,0.12074712,0.84383357,0.27895758,0.44220784
0.92676514,-0.549551,-14.96719,0.65874344,0.54364544,-0.4855811,0.18632698
2.6440468,-4.3484926,-15.214309,0.119669504,0.8445482,0.27801913,0.44172722
0.9283573,-0.5493774,-14.967073,0.65867805,0.54327714,-0.48606473,0.18637162
2.6819263,-4.414652,-15.215663,0.11877209,0.8451306,0.27714851,0.44140247
0.9288066,-0.5502858,-14.966964,0.6587555,0.54294795,-0.48627678,0.18650374
2.720261,-4.466332,-15.223622,0.11784344,0.845621,0.27627903,0.4412573
0.92920077,-0.55002147,-14.9668665,0.6586964,0.54273266,-0.48660728,0.18647705
2.750997,-4.5381856,-15.217525,0.1170618,0.84613687,0.27551094,0.44095665
0.93064404,-0.549781,-14.966778,0.65857977,0.542559,-0.48692754,0.18655828
2.787903,-4.598695,-15.223994,0.116282314,0.8465491,0.27467787,0.4408914
0.93083733,-0.5495702,-14.966701,0.65858096,0.54237545,-0.48717496,0.18644172
2.8183534,-4.6569347,-15.225288,0.11538677,0.8470148,0.27376625,0.4407992
0.93100053,-0.54837334,-14.966635,0.65844554,0.5422006,-0.48756045,0.18642104
2.8628922,-4.714721,-15.233236,0.114455596,0.8473791,0.27297574,0.44083217
0.9321358,-0.5483236,-14.9665785,0.65832293,0.54199576,-0.48789784,0.18656701
2.8871791,-4.7724166,-15.234826,0.11342889,0.84779817,0.2722011,0.4407708
0.93326116,-0.54937196,-14.966522,0.6582443,0.54173344,-0.48820323,0.18680735
2.930485,-4.830094,-15.235145,0.11263571,0.8480721,0.27153757,0.44085625
0.9343439,-0.55038077,-14.966469,0.6582735,0.54148006,-0.48839563,0.18693615
2.9545257,-4.8954573,-15.235208,0.111860074,0.84838384,0.2712218,0.44064835
0.9353596,-0.5513271,-14.966418,0.6582825,0.54111946,-0.48871288,0.1871195
2.9977822,-4.931599,-15.242912,0.11083804,0.8486915,0.27071288,0.44062722
0.93623966,-0.550871,-14.966373,0.6582361,0.5408704,-0.4889619,0.18735196
3.0295026,-4.9849653,-15.244452,0.1099754,0.84895533,0.27047166,0.44048318
0.937004,-0.5504749,-14.966334,0.65818846,0.54059035,-0.4892746,0.18751156
3.0666056,-5.0494666,-15.24476,0.10944544,0.84911877,0.2705048,0.44027972
0.93914044,-0.5515036,-14.966298,0.6581232,0.5402698,-0.4895837,0.18785705
3.104785,-5.1085052,-15.2448225,0.10903182,0.8492195,0.27068567,0.44007686
0.9395711,-0.55241084,-14.966266,0.6581951,0.5399791,-0.48969832,0.18814197
3.1508694,-5.151072,-15.252523,0.10859309,0.84931713,0.2705633,0.4400722
0.93994683,-0.55320245,-14.966237,0.6582306,0.539628,-0.4898772,0.18855873
3.167776,-5.205724,-15.254065,0.10798276,0.8496363,0.27058935,0.43958998
0.9402523,-0.5524079,-14.966215,0.658164,0.5394414,-0.4900614,0.18884632
3.2096057,-5.255102,-15.254372,0.10731169,0.84989434,0.27044842,0.43934226
0.9420711,-0.55322456,-14.966194,0.65816885,0.5391596,-0.49017033,0.18935098
3.2641098,-5.3034267,-15.262123,0.10658463,0.8500837,0.2701038,0.43936467
0.94360125,-0.5523682,-14.966176,0.65810364,0.5390268,-0.49020392,0.18986821
3.29808,-5.366919,-15.263674,0.10581715,0.8503818,0.26967198,0.4392386
0.94334364,-0.5531886,-14.966162,0.6582213,0.5388641,-0.49003914,0.19034716
3.3433225,-5.4180665,-15.263984,0.10496949,0.8506858,0.2690781,0.43921775
0.944694,-0.5538942,-14.967721,0.6582725,0.5387486,-0.4898789,0.19090861
3.3831298,-5.474434,-15.271734,0.103831396,0.8511092,0.268217,0.4391945
0.94425917,-0.55447435,-14.967459,0.65839064,0.5386913,-0.48961857,0.1913299
3.42185,-5.516466,-15.280975,0.102537446,0.8514792,0.26741862,0.4392683
0.94244486,-0.5549368,-14.967249,0.6585498,0.5387337,-0.48921323,0.19169915
3.4834218,-5.5787005,-15.275133,0.10143098,0.8517111,0.26671115,0.43950573
0.9423787,-0.5553092,-14.96708,0.65866065,0.5386899,-0.4889268,0.19217186
3.6418407,-5.7680106,-15.297035,0.09896447,0.8523872,0.2649637,0.4398141
0.9410004,-0.55561155,-14.968267,0.6586506,0.53887844,-0.48846936,0.19284008
3.7811801,-5.9596667,-15.309104,0.09578554,0.8533582,0.26264668,0.44002458
0.9411298,-0.5558592,-14.96924,0.6585537,0.53914535,-0.48809582,0.19336994
3.839807,-6.0441365,-15.319208,0.09306428,0.8543514,0.26067495,0.43985373
0.9400412,-0.55725914,-14.970043,0.65862864,0.5393388,-0.4876067,0.19380875
3.91305,-6.122548,-15.321229,0.09098434,0.8549005,0.2591394,0.44012937
0.94027126,-0.557288,-14.970711,0.65852493,0.53955424,-0.4873913,0.19410273
4.043044,-6.2997136,-15.337012,0.08824762,0.8556646,0.2574997,0.44016412
0.9404849,-0.55851054,-14.971332,0.6584421,0.53978205,-0.487158,0.19433604
4.1151814,-6.396664,-15.347858,0.08620868,0.85618305,0.25607556,0.4403908
0.9395267,-0.55725557,-14.9718485,0.65833956,0.540001,-0.48704794,0.19435117
4.1526775,-6.4852624,-15.350028,0.08480955,0.8568088,0.25519395,0.43995702
0.93872386,-0.5583626,-14.97228,0.6582826,0.5401611,-0.48689452,0.1944838
4.2063155,-6.5337405,-15.365842,0.08276746,0.8572546,0.2541507,0.44008127
0.9390721,-0.55724573,-14.972645,0.6581084,0.5403521,-0.4868829,0.19457135
4.2554913,-6.604954,-15.376694,0.081158765,0.8577507,0.25314692,0.43999285
0.93839365,-0.55727184,-14.972955,0.6580254,0.5404994,-0.48680887,0.19462846
4.311465,-6.680714,-15.378864,0.08008072,0.85803074,0.2524667,0.44003513
0.9387397,-0.55636895,-14.973219,0.6578673,0.54066145,-0.4868428,0.19462772
4.361108,-6.757384,-15.379298,0.07884761,0.8582874,0.25186613,0.44010144
0.9390368,-0.55647266,-14.973445,0.6577283,0.54077935,-0.48688868,0.1946551
4.4017954,-6.834235,-15.387074,0.07773058,0.8586212,0.25113106,0.44006908
0.9384582,-0.55739725,-14.97364,0.65763,0.54086494,-0.48692226,0.19466543
4.463761,-6.9188128,-15.38863,0.07690612,0.85865885,0.2508493,0.4403012
0.93795633,-0.55661273,-14.973811,0.65747416,0.54100436,-0.4870056,0.19459613
4.4915333,-6.9818664,-15.396631,0.0755333,0.8590063,0.25044167,0.44009316
0.93751884,-0.5566826,-14.973206,0.6573512,0.5411416,-0.48703936,0.19454542
4.543226,-7.055995,-15.3982315,0.07482653,0.8589568,0.25053766,0.44025567
0.9378517,-0.55674374,-14.973391,0.6571635,0.5412584,-0.48716202,0.1945476
4.6073923,-7.116959,-15.398552,0.07343427,0.8587216,0.2508243,0.4407854
0.9381445,-0.5554372,-14.972874,0.65693,0.54141074,-0.4873488,0.19444445
4.6356053,-7.18298,-15.406305,0.072119534,0.85887605,0.2510109,0.44059542
0.9384029,-0.55557615,-14.972417,0.6567527,0.5415097,-0.48747197,0.19445902
4.679696,-7.2346325,-15.4155445,0.070342645,0.858947,0.25152582,0.44045076
0.93863195,-0.55508536,-14.9720125,0.65648407,0.5416448,-0.48770535,0.19440442
4.857688,-7.4602747,-15.432773,0.0659355,0.85866374,0.2539157,0.4403136
0.93883556,-0.55464894,-14.97107,0.65584385,0.5420524,-0.4880463,0.19457364
5.0249796,-7.6220846,-15.436908,0.059630282,0.8576096,0.25747097,0.4412014
0.94022983,-0.5544371,-14.969476,0.654207,0.54337704,-0.48846644,0.19533345
5.111297,-7.6761794,-15.452425,0.055722322,0.8568172,0.25889277,0.44241837
0.94090635,-0.55404764,-14.968702,0.65323734,0.5444684,-0.48826316,0.19604659
5.15932,-7.7331367,-15.447838,0.053251367,0.8563044,0.26010665,0.44300306
0.94097495,-0.5542667,-14.967927,0.6525132,0.54549515,-0.48777956,0.19680598
5.207373,-7.7599077,-15.454611,0.05093994,0.8557784,0.2607779,0.44389585
0.9417273,-0.55381536,-14.967116,0.6517621,0.54659206,-0.48721346,0.19765209
5.255432,-7.7960205,-15.455964,0.049100965,0.8553613,0.2610908,0.44472218
0.9417468,-0.55409044,-14.966322,0.6512263,0.5475974,-0.4864438,0.19852948
5.3807735,-7.909268,-15.474746,0.04541468,0.8548215,0.26045382,0.4465215
0.94109046,-0.55320984,-14.964923,0.65075696,0.5496885,-0.484017,0.20021357
5.4439063,-7.964307,-15.483061,0.043887038,0.854489,0.2598163,0.44768062
0.94049567,-0.5535029,-14.964346,0.65081453,0.55056953,-0.4825602,0.20112035
5.5421066,-8.060566,-15.494284,0.04118649,0.8546082,0.2579312,0.4487985
0.93890935,-0.5534079,-14.963382,0.65107197,0.5522451,-0.47964948,0.20265025
5.576139,-8.0868435,-15.525416,0.039325997,0.85483813,0.25652808,0.44933125
0.93796456,-0.553085,-14.962976,0.6510996,0.5530893,-0.47837472,0.20327124
5.636773,-8.130548,-15.523954,0.037506904,0.85502034,0.25565043,0.4496402
0.9371194,-0.55333066,-14.962615,0.6511637,0.5538018,-0.4771515,0.2039996
5.6719694,-8.177737,-15.5390415,0.03611797,0.8555036,0.2547326,0.44935557
0.9358536,-0.5530434,-14.962798,0.65116686,0.5544876,-0.47606826,0.20465644
5.740526,-8.241003,-15.526679,0.03539819,0.85565984,0.25417995,0.44942826
0.9351968,-0.5532672,-14.962964,0.6511504,0.55503154,-0.47515243,0.2053616
5.8584843,-8.337697,-15.542167,0.0328747,0.85608023,0.25322768,0.449357
0.9345033,-0.5536496,-14.963247,0.6510474,0.55579776,-0.47381392,0.20670421
5.916244,-8.3806505,-15.550373,0.03148281,0.8563534,0.25298995,0.44906995
0.93399835,-0.5534019,-14.963369,0.6509313,0.55616146,-0.47334352,0.20716858
5.966244,-8.42,-15.559705,0.03007144,0.8567012,0.25233248,0.44887325
0.9335392,-0.55356956,-14.963481,0.65089285,0.5563778,-0.47296008,0.20758373
6.0146933,-8.474009,-15.56157,0.028879385,0.85705954,0.25209534,0.44840023
0.9327477,-0.5533491,-14.963582,0.6508729,0.556539,-0.47270465,0.20779602
6.070521,-8.515569,-15.5696335,0.027332082,0.85724324,0.25176194,0.44833353
0.93237954,-0.5531478,-14.963675,0.65081155,0.5565875,-0.47260576,0.20808317
6.1124454,-8.577708,-15.563557,0.025926711,0.8574241,0.25202644,0.44792247
0.9316367,-0.5533161,-14.963767,0.65081435,0.5565662,-0.47251794,0.2083304
6.2054167,-8.636275,-15.585411,0.022856105,0.8573859,0.2520121,0.44817075
0.93128204,-0.5530993,-14.9638605,0.65064627,0.55636346,-0.47288975,0.20855325
6.336924,-8.71031,-15.590655,0.017926864,0.85686094,0.2511518,0.44987866
0.93137187,-0.55308396,-14.963253,0.65023726,0.5558037,-0.473915,0.20899352
6.3656583,-8.770451,-15.598519,0.016313985,0.8567321,0.250879,0.4503375
0.9318042,-0.5532639,-14.962977,0.64992654,0.5554867,-0.47455588,0.20934825
6.4021635,-8.790169,-15.600093,0.013992738,0.85650367,0.25009438,0.45128545
0.9321981,-0.55305606,-14.962727,0.64964026,0.5551729,-0.47524217,0.20951277
6.4402237,-8.832561,-15.592717,0.012462973,0.8560827,0.24987623,0.45224893
0.9325579,-0.5532195,-14.962497,0.64943016,0.5547761,-0.47592762,0.20965925
6.478595,-8.841039,-15.598932,0.009999295,0.8555098,0.24935149,0.45368153
0.93289196,-0.5530307,-14.962283,0.6491801,0.55443937,-0.47665057,0.20968205
6.5477867,-8.842734,-15.607864,0.002996634,0.8537884,0.24996091,0.45667928
0.9336025,-0.5528356,-14.961698,0.64883465,0.5538593,-0.4777345,0.20981756
6.561625,-8.858454,-15.601962,0.0023782367,-0.8524851,-0.250976,-0.4585571
0.9343731,-0.5526239,-14.961062,0.64855903,0.5532467,-0.47878647,0.20988773
6.572082,-8.846217,-15.593092,0.007719475,-0.85143185,-0.25144204,-0.46019676
0.93522453,-0.5528651,-14.9603615,0.6483366,0.5526396,-0.47971043,0.21006437
6.5818634,-8.843771,-15.583628,0.012727253,-0.8506469,-0.25132787,-0.46159732
0.93671024,-0.55313027,-14.959589,0.6480787,0.55204177,-0.48066714,0.21024537
6.56844,-8.820212,-15.597114,0.018194322,-0.8502246,-0.25043258,-0.46267763
0.9376013,-0.55339193,-14.959403,0.64790833,0.55152285,-0.48144943,0.2103421
6.5657554,-8.792432,-15.599812,0.02419001,-0.8498142,-0.24961555,-0.46359774
0.93857086,-0.5543424,-14.958534,0.6478006,0.5510202,-0.4820832,0.21053982
6.572908,-8.802255,-15.584971,0.027942752,-0.8494741,-0.24920076,-0.46423274
0.94034976,-0.5538356,-14.957617,0.6476302,0.5505945,-0.4827503,0.21064878
6.5743384,-8.79653,-15.582003,0.03109266,-0.84896976,-0.24851747,-0.46532005
0.9422135,-0.5541632,-14.9566555,0.6475034,0.5501873,-0.48327962,0.21088882
6.5823145,-8.780005,-15.5814085,0.033982664,-0.8481768,-0.24850295,-0.46657017
0.94311726,-0.5535594,-14.955712,0.647339,0.54981196,-0.48387456,0.21100844
6.58391,-8.761321,-15.588982,0.03620705,-0.847577,-0.24808592,-0.4677134
0.9450399,-0.55397844,-14.954772,0.64715624,0.5494076,-0.4844818,0.21122871
6.5688496,-8.780653,-15.582805,0.036833275,-0.84726614,-0.24782938,-0.46836323
0.9469102,-0.5543861,-14.953856,0.6469572,0.54905665,-0.48504865,0.2114499
6.573527,-8.784519,-15.58157,0.037019856,-0.8467117,-0.24772738,-0.46940404
0.94868773,-0.5547735,-14.952987,0.64675987,0.54866064,-0.4856673,0.21166141
6.5898423,-8.777603,-15.581323,0.03730838,-0.84575635,-0.2492582,-0.4702921
0.9516483,-0.5538531,-14.9521675,0.6464187,0.5481155,-0.48649934,0.21220447
6.57036,-8.79137,-15.581274,0.036882088,-0.8457764,-0.25058162,-0.46958598
0.95298964,-0.55436504,-14.951424,0.64624953,0.54756796,-0.4871141,0.21272239
6.566231,-8.801811,-15.573741,0.036213424,-0.8460118,-0.2510782,-0.46894827
0.95564616,-0.5562642,-14.950745,0.64609075,0.5470716,-0.4876434,0.21326849
6.580292,-8.79659,-15.57959,0.035988215,-0.8458496,-0.2519579,-0.46878642
0.9579159,-0.55644953,-14.951601,0.64592075,0.54660726,-0.4881673,0.21377468
6.5613837,-8.802776,-15.588186,0.03587237,-0.84636205,-0.25244635,-0.46760598
0.9584176,-0.5580727,-14.95088,0.64580923,0.54625493,-0.4884989,0.21425429
6.5425854,-8.8186,-15.583007,0.035340566,-0.84704405,-0.25265267,-0.46629825
0.9603135,-0.55945444,-14.951734,0.64585763,0.54582727,-0.48876852,0.21458302
6.5590963,-8.801353,-15.581725,0.03586302,-0.847302,-0.25292283,-0.46564272
0.9619196,-0.55915636,-14.952457,0.645739,0.5455704,-0.48901844,0.21502373
6.54268,-8.803765,-15.588299,0.03624988,-0.8480706,-0.25320327,-0.46405855
0.9618155,-0.5589128,-14.953049,0.64573675,0.5453699,-0.48914063,0.21526077
6.5860476,-8.804439,-15.576433,0.036633,-0.8480359,-0.254349,-0.46346503
0.96172947,-0.5587115,-14.953538,0.6457369,0.5451167,-0.48930058,0.21553794
6.5521107,-8.811174,-15.579722,0.037251316,-0.8489568,-0.2546879,-0.46153954
0.9616578,-0.5598766,-14.953945,0.64576423,0.54483336,-0.48943192,0.21587408
6.547898,-8.806817,-15.58076,0.038117874,-0.84965354,-0.25511727,-0.45994684
0.9615978,-0.55955684,-14.954286,0.64570504,0.54462475,-0.48962638,0.21613626
6.5338297,-8.811784,-15.581092,0.0388778,-0.85038483,-0.25558832,-0.45826718
0.96154726,-0.55928695,-14.954574,0.6456687,0.5443336,-0.48988843,0.21638454
6.5167155,-8.825882,-15.574974,0.039234508,-0.8511418,-0.25608096,-0.45655337
0.9615043,-0.56029373,-14.954817,0.6455872,0.5440986,-0.49007645,0.21679258
6.523125,-8.824624,-15.572826,0.03975926,-0.8514826,-0.25658947,-0.45558584
0.96146774,-0.5599438,-14.955025,0.6456072,0.5438435,-0.49020514,0.21708223
6.507345,-8.818205,-15.584071,0.04044693,-0.85198855,-0.25649315,-0.45463255
0.9614374,-0.559653,-14.956343,0.64559877,0.5434956,-0.49050066,0.21731086
6.495686,-8.815842,-15.588212,0.040825177,-0.8525833,-0.25645164,-0.45350602
0.961412,-0.5604977,-14.957445,0.6456093,0.5431937,-0.4906958,0.21759328
6.5027995,-8.820751,-15.578164,0.04086667,-0.85279465,-0.25671524,-0.4529554
0.9624242,-0.5601758,-14.958375,0.64549285,0.5429487,-0.49093303,0.21801487
6.4998393,-8.8112545,-15.585689,0.04128085,-0.852999,-0.25675854,-0.45250833
0.9623005,-0.5599028,-14.959162,0.6454828,0.5427074,-0.49114057,0.21817824
6.493068,-8.807451,-15.588702,0.04146069,-0.8532939,-0.25658402,-0.45203456
0.9631378,-0.5596671,-14.959843,0.6453943,0.5424285,-0.49142697,0.2184881
6.5014076,-8.811447,-15.584376,0.04147906,-0.8534379,-0.2567038,-0.4516929
0.9639122,-0.5613857,-14.960471,0.6455029,0.54198474,-0.49158356,0.2189159
6.4883776,-8.8240595,-15.582599,0.041223943,-0.8538684,-0.25663942,-0.45093858
0.9646267,-0.5619779,-14.961051,0.64552546,0.54167265,-0.4917082,0.2193415
6.4829626,-8.813371,-15.58717,0.041857686,-0.85418314,-0.2563106,-0.45047086
0.9642916,-0.5615386,-14.961545,0.6455231,0.54145974,-0.49192318,0.21939218
6.4805555,-8.813892,-15.583928,0.0420323,-0.8544766,-0.256076,-0.45003137
0.9649354,-0.5620882,-14.961992,0.64546436,0.54122823,-0.4920669,0.21981348
6.474291,-8.814125,-15.587682,0.04251216,-0.8548268,-0.2559475,-0.4493937
0.96553445,-0.56259954,-14.962409,0.64544415,0.5410219,-0.4921177,0.22026683
6.4971247,-8.809094,-15.58425,0.04292409,-0.85467917,-0.25602782,-0.44958964
0.96608865,-0.56307256,-14.962793,0.64530534,0.54080844,-0.49233034,0.2207218
6.487481,-8.806815,-15.582696,0.043574948,-0.85502577,-0.25574794,-0.44902703
0.9665984,-0.5635077,-14.963148,0.6451534,0.54061097,-0.4925939,0.2210613
6.47353,-8.801004,-15.586752,0.044163696,-0.85535914,-0.255384,-0.44854146
0.96704805,-0.5628689,-14.96346,0.64498514,0.54049283,-0.4928067,0.22136694
6.476027,-8.807596,-15.579277,0.044248268,-0.85543543,-0.2553483,-0.44840798
0.96859664,-0.5633601,-14.963764,0.6449025,0.54027927,-0.49292177,0.22187197
6.4913487,-8.801496,-15.575553,0.04451687,-0.8551738,-0.25544718,-0.44882372
0.971397,-0.5638503,-14.9640665,0.6446993,0.54001004,-0.49331114,0.22225247
6.5026245,-8.789948,-15.582085,0.044824623,-0.85487485,-0.25523043,-0.4494855
0.9736954,-0.56357723,-14.963238,0.6447267,0.5395496,-0.49357224,0.22271119
6.491603,-8.796714,-15.581707,0.044454016,-0.8549903,-0.25511408,-0.44936886
0.97330755,-0.5640554,-14.962324,0.6448555,0.5393463,-0.49354628,0.22288826
6.481503,-8.800281,-15.581508,0.044389352,-0.855155,-0.25496233,-0.44914785
0.97431356,-0.56448716,-14.961498,0.6447155,0.53925604,-0.49366635,0.22324516
6.4802012,-8.806523,-15.577125,0.044089723,-0.855186,-0.25502828,-0.44908097
0.9752143,-0.56628776,-14.960759,0.6447644,0.5390861,-0.49366006,0.22352827
6.483739,-8.80572,-15.574699,0.044161163,-0.8550815,-0.2551822,-0.4491855
0.9760113,-0.56788087,-14.960106,0.64462256,0.5391174,-0.4936565,0.22386947
6.4815035,-8.801123,-15.57754,0.0442175,-0.8551519,-0.25515586,-0.4490608
0.9752503,-0.569179,-14.959573,0.6446991,0.53914595,-0.49343958,0.22405858
6.492642,-8.7985325,-15.575007,0.044108506,-0.85500497,-0.25526047,-0.44929183
0.97602475,-0.56887084,-14.95911,0.64463913,0.53925455,-0.4933621,0.22414002
6.4827285,-8.805143,-15.573602,0.043847468,-0.855254,-0.25519803,-0.44887865
0.97669375,-0.56860477,-14.958711,0.64467245,0.53931695,-0.49325144,0.22413762
6.481003,-8.804963,-15.572789,0.04365069,-0.85537946,-0.25532678,-0.4485854
0.97724026,-0.5669842,-14.9583845,0.6445684,0.5395545,-0.49316996,0.22404476
6.4880447,-8.812917,-15.568282,0.0432446,-0.8554116,-0.2556174,-0.44839802
0.9777151,-0.56700367,-14.9581,0.6447091,0.5397292,-0.49282676,0.2239743
6.480222,-8.817433,-15.569663,0.042972576,-0.8557063,-0.25562087,-0.44785953
0.9767428,-0.5683758,-14.9578705,0.6449779,0.5398466,-0.4923189,0.22403426
6.483467,-8.816167,-15.566556,0.04291454,-0.85574305,-0.255787,-0.44769993
0.97726643,-0.56819725,-14.957672,0.6450143,0.5400863,-0.49203953,0.22396536
6.4893374,-8.819348,-15.564706,0.042716492,-0.8557683,-0.25595447,-0.44757488
0.9763992,-0.5680516,-14.95751,0.64517546,0.54035306,-0.491588,0.22384943
6.4851027,-8.813588,-15.567438,0.042963687,-0.8559239,-0.256023,-0.44721437
0.97568625,-0.5691613,-14.957377,0.6452631,0.5405804,-0.49125078,0.22378801
6.4682903,-8.810269,-15.576198,0.043359995,-0.85633636,-0.25600615,-0.44639546
0.97509557,-0.56891274,-14.957267,0.6453523,0.54078513,-0.49095663,0.22368175
6.4787693,-8.804882,-15.574582,0.043595735,-0.8562471,-0.2563862,-0.44632536
0.97460264,-0.5675958,-14.957175,0.64540267,0.5409975,-0.4907356,0.22350799

