ICVP Direct Stim Program 4.0.1+v4.0.1 - RelativeLocations
Updated at: 2022-08-22--20-13-39
Subject ID: CKT
Tester ID: kstipp
Direct Stimulation Input from the UI

UserID ; Time ; Electrodes ; Frequency (Hz) ; Cathodic Phase Duration (us) ; Train Length (ms) ; Duty On (ms); Duty Off (ms) ; Inter-train Length (ms) ; Amplitude (uA) ; Sent to Gateway ; Response ; Response Latency (ms) ; Response Duration (ms) ; Comments
kstipp ; 2022-08-22--20-13-39 ; 0D03 , 0D03-0D00 ; 200 ; 200 ; 1000 ; 1000 ; 0 ; 0 ; 40 ; True ;  ;  ;  ; nothing

Position t,Position u,Position v,Orientation w,Orientation x,Orientation y,Orientation z
0.68256956,-1.2953949,-15.234838,0.16769648,0.81685495,0.2855384,0.47232798
0.9018418,-0.5241914,-14.941385,0.6591056,0.50395215,-0.53997326,0.14156635
0.6839435,-1.2943295,-15.234894,0.16743316,0.8166193,0.28535032,0.47294217
0.9020087,-0.5236865,-14.940979,0.6588276,0.5041218,-0.54003024,0.1420384
0.68514305,-1.2933995,-15.234942,0.16719688,0.81637245,0.28515443,0.4735696
0.9031517,-0.5232115,-14.940597,0.65849966,0.50424844,-0.5401977,0.14247212
0.68618417,-1.292592,-15.234985,0.16690305,0.8161822,0.28496766,0.47411335
0.90319175,-0.52278304,-14.940251,0.65841603,0.5044131,-0.5400979,0.14265347
0.68561065,-1.2904078,-15.236504,0.16653611,0.8160123,0.28473902,0.4746718
0.9032268,-0.52337533,-14.939949,0.6582467,0.50463444,-0.54003567,0.14288765
0.6881573,-1.2885076,-15.2378235,0.1662678,0.815787,0.2844798,0.47530818
0.90428144,-0.5218949,-14.939662,0.6578637,0.5049423,-0.54018086,0.14301534
0.6887672,-1.2884325,-15.238915,0.16600144,0.8155768,0.2843569,0.47583532
0.905228,-0.5226175,-14.9394045,0.65776575,0.50505793,-0.5401374,0.14322174
0.689281,-1.2883692,-15.238341,0.16575429,0.8153783,0.2842597,0.47631952
0.9061004,-0.5222253,-14.939168,0.65770775,0.50518453,-0.5400725,0.1432858
0.69126797,-1.2867744,-15.239383,0.16555072,0.81520563,0.28410268,0.47677928
0.9068771,-0.52293485,-14.938956,0.6576621,0.50531995,-0.5399331,0.14354318
0.69441694,-1.2869711,-15.238729,0.16540985,0.81493896,0.2840658,0.47730577
0.90758693,-0.522496,-14.938763,0.65745944,0.5055443,-0.5399545,0.14360136
0.6955501,-1.2871355,-15.238182,0.16523023,0.8147351,0.2839854,0.47776362
0.9082314,-0.5220975,-14.938588,0.65736187,0.5056361,-0.5399457,0.14375731
0.69653267,-1.2857386,-15.239247,0.16494413,0.81457466,0.2839346,0.4781661
0.9088131,-0.5217378,-14.93843,0.65730864,0.5057004,-0.5399209,0.14386797
0.698845,-1.2860968,-15.240123,0.16479743,0.81430084,0.28400546,0.4786407
0.90933555,-0.5214149,-14.938288,0.6572967,0.5057199,-0.5399031,0.14392057
0.69930327,-1.284857,-15.239332,0.1645841,0.8141584,0.2840415,0.478935
0.9086605,-0.52114,-14.938167,0.6573136,0.505759,-0.53987277,0.14381966
0.6981493,-1.2838286,-15.240211,0.16432853,0.8140609,0.2841414,0.4791291
0.90917647,-0.5220047,-14.938061,0.6574347,0.50563234,-0.53982455,0.14389244
0.6986934,-1.2844744,-15.240923,0.16428462,0.8139203,0.28418657,0.4793562
0.9096417,-0.5216595,-14.937966,0.65735525,0.5056204,-0.53992957,0.14390327
0.700591,-1.285009,-15.240066,0.16426194,0.8137708,0.28432438,0.47953606
0.91005933,-0.52134967,-14.9378805,0.6574121,0.5055826,-0.5398985,0.14389291
0.70074755,-1.2868152,-15.240748,0.16429567,0.8137121,0.2843991,0.47957975
0.9104204,-0.52220404,-14.937806,0.6575296,0.50548184,-0.5398361,0.14394444
0.7008778,-1.2856487,-15.241316,0.16430536,0.8139483,0.28418845,0.47930047
0.910744,-0.52183104,-14.93774,0.65763444,0.5055226,-0.53965205,0.14401276
0.6984489,-1.2859621,-15.241781,0.16429634,0.8142246,0.28409344,0.47889045
0.9099295,-0.52151716,-14.937686,0.657747,0.5055566,-0.5394633,0.14408644
0.6976501,-1.2862208,-15.242164,0.16431965,0.8144109,0.28399363,0.47862467
0.9092432,-0.5222851,-14.937638,0.65781784,0.5055476,-0.53933805,0.14426348
0.6969858,-1.2852907,-15.242481,0.16435257,0.8146693,0.28382322,0.47827467
0.90965414,-0.52194554,-14.938608,0.65781987,0.50542647,-0.5394029,0.1444361
0.69534206,-1.2856002,-15.242747,0.16437922,0.81493235,0.2836691,0.4779086
0.90903705,-0.5216538,-14.938471,0.657832,0.50537926,-0.5394003,0.14455579
0.69395727,-1.2848276,-15.242971,0.16432309,0.81515586,0.28346726,0.47766635
0.90850234,-0.521401,-14.938352,0.6578422,0.50531375,-0.5394461,0.14456709
0.69374907,-1.2841188,-15.243178,0.16431758,0.8153406,0.2832817,0.477463
0.9080355,-0.5211803,-14.938249,0.65788263,0.505188,-0.53948927,0.14466181
0.6935592,-1.2834724,-15.243366,0.16436698,0.81547505,0.28307143,0.47734123
0.9085105,-0.5218753,-14.938156,0.65786594,0.5049987,-0.5396486,0.14480436
0.6933993,-1.2839624,-15.243525,0.16441335,0.81558985,0.2828624,0.47725293
0.9089371,-0.52249944,-14.938073,0.6579721,0.5048045,-0.53966415,0.14494094
0.692069,-1.2828077,-15.243797,0.164526,0.8159343,0.28215152,0.47704604
0.9096688,-0.5235701,-14.93793,0.65803325,0.50444657,-0.53991085,0.14499076
0.6920695,-1.2811533,-15.243921,0.16449703,0.8160996,0.28177586,0.4769954
0.9091409,-0.52400917,-14.937871,0.6579979,0.5044073,-0.53999025,0.14499202
0.6932121,-1.2808278,-15.24403,0.16427237,0.81598705,0.28166083,0.47733328
0.9086826,-0.52360374,-14.93782,0.65784705,0.5047524,-0.5398593,0.14496323
0.692954,-1.2802807,-15.244213,0.1637683,0.81574106,0.28162566,0.4779472
0.9086529,-0.5236618,-14.938426,0.6575092,0.5052896,-0.539719,0.14514692
0.6940137,-1.2800541,-15.244289,0.16356239,0.815519,0.2816364,0.4783901
0.9082793,-0.5233252,-14.93834,0.657356,0.5055533,-0.5396602,0.1451408
0.6949486,-1.2798542,-15.244356,0.1633607,0.8152985,0.28169337,0.47880113
0.9079452,-0.52302414,-14.938263,0.6571941,0.50567895,-0.5397259,0.14519188
0.6970639,-1.278424,-15.245662,0.16311516,0.8148997,0.28173423,0.4795391
0.90832865,-0.52273184,-14.938188,0.65696245,0.5058748,-0.5397835,0.14534424
0.69900966,-1.2771086,-15.245549,0.16296953,0.8145189,0.28179437,0.48019975
0.9086983,-0.5224501,-14.938116,0.65678483,0.50592357,-0.53990394,0.14552937
0.70077145,-1.2759175,-15.245447,0.16274612,0.8141733,0.2819345,0.4807791
0.9090523,-0.52218026,-14.938047,0.6566736,0.5059302,-0.5399807,0.14572366
0.7022515,-1.2762684,-15.245361,0.16264279,0.8138026,0.28210548,0.48134112
0.9093741,-0.52268934,-14.937984,0.65656507,0.5058906,-0.540107,0.14588152
0.7034987,-1.276564,-15.246614,0.1625115,0.81343776,0.28223848,0.48192376
0.9096678,-0.523154,-14.937927,0.6564589,0.50579953,-0.5402658,0.14608715
0.70456153,-1.276816,-15.246373,0.16249599,0.8131235,0.2823282,0.48240653
0.910743,-0.52360666,-14.937872,0.65628356,0.5057373,-0.5404666,0.14634739
0.70547175,-1.2770318,-15.246165,0.16238718,0.81288344,0.28239197,0.48281023
0.9109453,-0.5232244,-14.9378195,0.6561572,0.5056413,-0.54067373,0.14648089
0.7076933,-1.2758473,-15.247357,0.16214396,0.8126868,0.28234658,0.48324934
0.91201913,-0.5228456,-14.937768,0.65594125,0.5056112,-0.5409141,0.14666417
0.70959073,-1.2762157,-15.248376,0.1620738,0.8124342,0.28240374,0.4836641
0.9121233,-0.52249706,-14.937719,0.65585536,0.50549775,-0.54110086,0.14675061
0.7112979,-1.2750974,-15.247842,0.16192484,0.81228083,0.28236577,0.48399368
0.91221523,-0.5230483,-14.937677,0.6558338,0.5053477,-0.54125434,0.1467973
0.7128087,-1.2741077,-15.24737,0.16182823,0.8121257,0.28234133,0.48430046
0.91229683,-0.52353764,-14.93764,0.65573037,0.5052262,-0.54145867,0.14692438
0.7141267,-1.2732443,-15.246958,0.16172366,0.8120586,0.2821811,0.48454106
0.91237205,-0.52314335,-14.937606,0.65565467,0.50510293,-0.5416425,0.14700876
0.7136679,-1.2725236,-15.2466135,0.16158317,0.8120968,0.28201562,0.48462045
0.91243887,-0.52361655,-14.937575,0.65557307,0.50484717,-0.541951,0.147114
0.71330273,-1.273431,-15.246341,0.16158001,0.812113,0.28189665,0.48466352
0.9133918,-0.52319556,-14.937545,0.6554857,0.50462484,-0.5422357,0.1472166
0.7129994,-1.2727305,-15.247567,0.16177212,0.81243026,0.28149244,0.4843026
0.9133696,-0.52191883,-14.937518,0.6554181,0.50397223,-0.54303217,0.14681667
0.71130216,-1.2704152,-15.249476,0.1623548,0.8132081,0.28075656,0.483228
0.91421145,-0.5221976,-14.93912,0.65546197,0.50259113,-0.54432994,0.14654957
0.7113015,-1.2715545,-15.250185,0.16270489,0.81343985,0.2805213,0.48285675
0.91503346,-0.5218956,-14.939864,0.6555342,0.50209355,-0.54472566,0.14646193
0.71000016,-1.2711818,-15.250763,0.16292112,0.8136453,0.2803649,0.48252848
0.9157845,-0.5225534,-14.940544,0.65553284,0.5016381,-0.5451636,0.14639927
0.7089312,-1.2708758,-15.251237,0.16312627,0.81382823,0.2801796,0.48225808
0.91553676,-0.5222241,-14.941138,0.6556299,0.5012756,-0.54544216,0.14616814
0.7080462,-1.2717963,-15.251629,0.16337137,0.81391245,0.28004387,0.4821118
0.91624916,-0.52191174,-14.940755,0.65550685,0.50091213,-0.5459515,0.14606453
0.7073082,-1.2714487,-15.251956,0.16347733,0.8140037,0.2799047,0.48200268
0.91691834,-0.52161837,-14.941381,0.6554308,0.50060916,-0.5463525,0.14594518
0.70668495,-1.2711554,-15.252233,0.16360387,0.81406826,0.27977806,0.48192424
0.91751987,-0.5223436,-14.941946,0.6553747,0.5001452,-0.54682696,0.14601086
0.7072082,-1.2708882,-15.252483,0.16370879,0.8140707,0.2797128,0.48192233
0.9180623,-0.5229976,-14.942454,0.6552889,0.49981022,-0.54722095,0.14606725
0.7065919,-1.2706553,-15.252704,0.16378495,0.81407946,0.27961478,0.4819386
0.918547,-0.523582,-14.941917,0.6552552,0.4994779,-0.5475883,0.14597827
0.7071273,-1.2704444,-15.252901,0.16382161,0.81404805,0.27955237,0.48201537
0.9189846,-0.52410966,-14.9424305,0.65519446,0.49920052,-0.54790354,0.14601678
0.70761013,-1.2702541,-15.253081,0.16373673,0.8140081,0.27953866,0.48211962
0.9204889,-0.52354187,-14.941849,0.6548802,0.49908197,-0.5483663,0.14609456
0.7103516,-1.2700802,-15.253245,0.16351166,0.8135489,0.2796453,0.48290858
0.92462516,-0.52294534,-14.941237,0.65404063,0.4986728,-0.5496209,0.1465378
0.713019,-1.2686398,-15.253405,0.16322358,0.81313694,0.27970833,0.48366278
0.9271379,-0.5223824,-14.94066,0.6535164,0.49843526,-0.55041593,0.14670052
0.715398,-1.2686617,-15.253547,0.16294843,0.81273896,0.27980235,0.48436964
0.92789835,-0.52329457,-14.940165,0.6533528,0.49824297,-0.55074143,0.14686036
0.71751314,-1.2686812,-15.253674,0.1626744,0.81234336,0.27990666,0.48506457
0.92856133,-0.5226669,-14.9397335,0.6532154,0.49799606,-0.55117655,0.14667688
0.7208344,-1.2686988,-15.253787,0.16253433,0.81189054,0.2800446,0.4857895
0.929136,-0.52212286,-14.939359,0.65293777,0.4979701,-0.55154717,0.146608
0.7250599,-1.2689173,-15.253976,0.1624396,0.8112623,0.28002685,0.48687965
0.9315818,-0.5224588,-14.938758,0.65270686,0.49756387,-0.5521754,0.1466508
0.7259319,-1.2673643,-15.254051,0.16240886,0.811146,0.2798062,0.4872104
0.9333143,-0.5218922,-14.938507,0.652689,0.49749196,-0.55228657,0.14655527
0.726628,-1.26904,-15.254111,0.16250862,0.81094986,0.27977058,0.48752412
0.93316007,-0.5214256,-14.9383,0.65271103,0.4973528,-0.55242324,0.14641435
0.7257871,-1.2675914,-15.254161,0.16238767,0.8109396,0.2795901,0.4876851
0.93467206,-0.5210196,-14.938121,0.6525822,0.4973476,-0.5525536,0.1465146
0.7264878,-1.2677704,-15.254203,0.16238315,0.8109036,0.27945456,0.48782417
0.934288,-0.5206909,-14.937976,0.6527038,0.4972426,-0.55253094,0.14641403
0.7271089,-1.2664491,-15.25424,0.16236775,0.8108991,0.27926672,0.48794422
0.93562275,-0.5204073,-14.93785,0.65267396,0.4970716,-0.5527368,0.14635104
0.727652,-1.2652937,-15.254273,0.16235453,0.81088,0.27908826,0.48808244
0.9385872,-0.52015644,-14.937738,0.6524624,0.49687847,-0.55312383,0.14648801
0.72810125,-1.2658428,-15.2543,0.16245921,0.81081635,0.27901742,0.4881939
0.9392277,-0.519949,-14.937646,0.65250015,0.49677506,-0.55324274,0.14622107
0.73001605,-1.2663136,-15.254324,0.16261587,0.8107144,0.27897197,0.4883369
0.9397363,-0.5215552,-14.937573,0.6525806,0.49651206,-0.55339676,0.14617275
0.7300951,-1.2667025,-15.254344,0.16286439,0.81066334,0.27866632,0.4885134
0.94014925,-0.51933444,-14.937513,0.6522272,0.4959884,-0.55438155,0.14579578
0.7316951,-1.2670369,-15.25436,0.1630963,0.81059545,0.27840915,0.4886951
0.94229627,-0.52108425,-14.937464,0.65216476,0.49545547,-0.5549287,0.14580552
0.73151237,-1.2673117,-15.2543745,0.16329268,0.8105698,0.27824673,0.48876455
0.9422389,-0.5207061,-14.937424,0.6521254,0.49514535,-0.5553303,0.14550559
0.73135686,-1.2660362,-15.254386,0.16337015,0.81059414,0.27803093,0.4888212
0.9440298,-0.5203903,-14.93923,0.6522476,0.49481383,-0.5554239,0.14572793
0.73122466,-1.2649523,-15.255917,0.16334549,0.8106381,0.2778268,0.48887265
0.9436589,-0.5218944,-14.940617,0.6524563,0.49443913,-0.55545866,0.1459331
0.7311123,-1.2640312,-15.257218,0.16338113,0.810639,0.27771205,0.48892435
0.9433677,-0.5213995,-14.941706,0.6525563,0.49416226,-0.55557406,0.14598471
0.7325598,-1.2647965,-15.258316,0.16347922,0.81057405,0.27764624,0.4890366
0.9448281,-0.5226886,-14.942619,0.6525968,0.49377716,-0.55585396,0.14604132
0.732232,-1.2638946,-15.259241,0.16352597,0.81060433,0.2774939,0.4890572
0.946049,-0.52376634,-14.943384,0.6525867,0.49348328,-0.55612403,0.1460517
0.73197067,-1.2646443,-15.258509,0.16355036,0.81061494,0.277454,0.48905423
0.9453516,-0.52295715,-14.943982,0.6526413,0.49323326,-0.5563218,0.14589836
0.7328245,-1.263098,-15.257358,0.16398065,0.81056255,0.27650455,0.4895344
0.9473251,-0.52476037,-14.941855,0.65189993,0.49051794,-0.55943215,0.14647327
0.7355638,-1.2624651,-15.256887,0.16422297,0.8104157,0.2761485,0.48989728
0.9518384,-0.52366465,-14.940971,0.6514038,0.48985067,-0.5605395,0.14667958
0.7362853,-1.2634654,-15.258019,0.16442871,0.81032515,0.27587914,0.49012977
0.9536914,-0.5246535,-14.940235,0.6513055,0.4895023,-0.5609434,0.14673509
0.7369032,-1.2627786,-15.257445,0.16437514,0.81035113,0.27558354,0.49027103
0.9532921,-0.523584,-14.939665,0.65125483,0.48946038,-0.5610607,0.14665109
0.7359222,-1.2622268,-15.258463,0.16422813,0.8103506,0.27545148,0.4903954
0.95485395,-0.52269095,-14.939189,0.6509566,0.489967,-0.56091565,0.14683872
0.7365895,-1.2617456,-15.25935,0.16429108,0.8102939,0.27537036,0.49051344
0.95424455,-0.52200985,-14.940626,0.65076023,0.49037987,-0.56080055,0.14677006
0.73566765,-1.2613572,-15.260066,0.16435389,0.8102858,0.27525792,0.49056897
0.95558256,-0.5214425,-14.941823,0.6505351,0.49067333,-0.5607855,0.14684503
0.7349249,-1.2624315,-15.260642,0.16453038,0.81022537,0.27520114,0.49064147
0.9548548,-0.52100605,-14.942744,0.6505557,0.4908991,-0.56053704,0.14694773
0.73563915,-1.263305,-15.261111,0.16465032,0.8101061,0.27528405,0.49075168
0.9560495,-0.5206394,-14.943517,0.650449,0.49117836,-0.5603674,0.14713398
0.7362695,-1.2627276,-15.261525,0.16472849,0.8100616,0.2752054,0.49084288
0.95525503,-0.5203565,-14.944115,0.6504312,0.49150884,-0.5600924,0.14715606
0.73682994,-1.2622144,-15.261892,0.16478914,0.80999386,0.27520263,0.49093583
0.9546351,-0.5217665,-14.94458,0.65047294,0.49181437,-0.55975837,0.14722177
0.737323,-1.261763,-15.262217,0.16484234,0.8099128,0.27527127,0.49101332
0.954146,-0.52132946,-14.944947,0.6504879,0.49203414,-0.5595685,0.14714345
0.7377259,-1.262772,-15.262481,0.16505615,0.8098195,0.2753859,0.49103108
0.95228446,-0.5209812,-14.945241,0.65058154,0.49241012,-0.5591444,0.14708363
0.7380799,-1.2622453,-15.2627125,0.16512296,0.8097591,0.2754658,0.49106354
0.95218503,-0.520701,-14.945477,0.65059245,0.4926773,-0.5589134,0.1470182
0.73836976,-1.2631706,-15.262903,0.16532119,0.8097109,0.27551886,0.4910464
0.9521043,-0.52047354,-14.945667,0.65061873,0.49301124,-0.55865794,0.14675343
0.7386242,-1.2625964,-15.263069,0.16555563,0.8096571,0.2754609,0.49108875
0.9507763,-0.5202873,-14.945825,0.65073836,0.4932778,-0.55831826,0.14661981
0.73883307,-1.2634547,-15.2632065,0.16578014,0.8096553,0.27543628,0.49102968
0.9496803,-0.5213324,-14.945954,0.6508682,0.49356392,-0.55795056,0.14648044
0.7390164,-1.2628535,-15.263328,0.16592187,0.809667,0.27539802,0.4909841
0.94876903,-0.52106255,-14.944922,0.6509229,0.49388334,-0.5576664,0.14624248
0.7391673,-1.2636564,-15.263426,0.16597497,0.8097522,0.2752676,0.49089864
0.94800586,-0.5208366,-14.944059,0.65103894,0.49434316,-0.5572048,0.14593188
0.73805857,-1.2643161,-15.263507,0.16608429,0.8098102,0.2751525,0.49083045
0.9473625,-0.52064604,-14.943331,0.6511595,0.494755,-0.5567559,0.14571093
0.73714036,-1.2636914,-15.263576,0.1661455,0.8099117,0.27499652,0.4907297
0.94681656,-0.52048445,-14.942712,0.6511921,0.49508616,-0.5564582,0.14557742
0.7363743,-1.2631702,-15.263632,0.16612755,0.81003517,0.27485037,0.4906139
0.94727826,-0.5203465,-14.942185,0.6511442,0.49525812,-0.55636907,0.14554763
0.7367877,-1.2627325,-15.263679,0.16632129,0.80990654,0.27464876,0.49087352
0.94591206,-0.5202281,-14.941732,0.65111345,0.4952713,-0.556414,0.14546843
0.7361332,-1.2623622,-15.262714,0.16649157,0.80983245,0.27450934,0.49101588
0.94557035,-0.5201259,-14.941341,0.65097964,0.49520963,-0.5566235,0.14547624
0.737484,-1.2630012,-15.261894,0.16679779,0.8095669,0.27447274,0.4913702
0.9460693,-0.5200373,-14.941003,0.65085626,0.495122,-0.55684006,0.14549805
0.7377338,-1.2635479,-15.261192,0.1670326,0.8094139,0.27437162,0.49159887
0.9465041,-0.5199601,-14.940708,0.65079904,0.49487963,-0.55709994,0.14558345
0.7388998,-1.2631248,-15.26147,0.1671215,0.80926895,0.27416632,0.49192187
0.94760245,-0.5206102,-14.94045,0.65074444,0.49452516,-0.557446,0.14570697
0.739018,-1.2627479,-15.2607975,0.16723399,0.80918103,0.27401,0.49211523
0.9478861,-0.5204999,-14.940223,0.650675,0.49422237,-0.55777395,0.14578934
0.7382365,-1.2615362,-15.261098,0.16716564,0.8092183,0.27369544,0.4922522
0.94889516,-0.5203905,-14.939997,0.6505379,0.49391642,-0.5581808,0.14588097
0.73931056,-1.2622142,-15.261375,0.16720778,0.8090066,0.273497,0.49269605
0.9490983,-0.5210119,-14.939791,0.6504881,0.49327415,-0.55875695,0.1460706
0.740276,-1.2628236,-15.260735,0.16720253,0.80881214,0.2734566,0.4930394
0.9501218,-0.52084655,-14.939576,0.6503837,0.49269912,-0.5593427,0.14623438
0.74123156,-1.2624568,-15.26107,0.16721396,0.80860806,0.27339453,0.49340457
0.95115733,-0.5206793,-14.939359,0.6502579,0.49204928,-0.5601078,0.14605308
0.742106,-1.2631083,-15.261377,0.16747177,0.8083801,0.27343237,0.49366945
0.95217925,-0.5205142,-14.939144,0.6501903,0.49150443,-0.5607136,0.14586428
0.7429071,-1.2637051,-15.26166,0.16765673,0.8082482,0.2734369,0.4938202
0.9521229,-0.5213076,-14.93896,0.65015703,0.49098346,-0.5612671,0.1456379
0.74364024,-1.2642515,-15.261916,0.16788898,0.80818117,0.27336138,0.49389282
0.9530762,-0.5210714,-14.938781,0.6499685,0.4904688,-0.5620126,0.14533804
0.7432769,-1.2637268,-15.262138,0.16796657,0.8082517,0.27318946,0.49384624
0.9539857,-0.520846,-14.938609,0.6499089,0.48989588,-0.56264037,0.14510813
0.7439609,-1.2642634,-15.262341,0.1682981,0.80814105,0.2731479,0.4939373
0.95483893,-0.52063453,-14.938448,0.6498778,0.48936117,-0.5632233,0.14478986
0.7435765,-1.2647192,-15.262513,0.16847062,0.8081842,0.2731105,0.49382862
0.9556274,-0.52043915,-14.9383,0.6498272,0.48880672,-0.5638384,0.1444956
0.7442187,-1.2641436,-15.262674,0.16870682,0.8082065,0.27288267,0.49383733
0.95765364,-0.5202546,-14.939442,0.64972675,0.48811692,-0.5646033,0.14429164
0.74381477,-1.2646041,-15.262812,0.16891105,0.8082734,0.27271342,0.49375167
0.95956403,-0.5200806,-14.939124,0.6496917,0.48742372,-0.5652394,0.1443029
0.743469,-1.2640954,-15.262929,0.16909319,0.8084006,0.27240247,0.49365264
0.95979804,-0.5212991,-14.938858,0.6497641,0.48668483,-0.5658105,0.14423287
0.7440601,-1.2645385,-15.263036,0.1693744,0.8083693,0.27224052,0.49369696
0.96147215,-0.5209584,-14.938614,0.64960265,0.48609298,-0.56647563,0.14434512
0.7437065,-1.2640569,-15.263128,0.1695108,0.80846673,0.27199313,0.49362683
0.9629501,-0.52217656,-14.938397,0.6494495,0.48563498,-0.56698203,0.14458734
0.743401,-1.2644627,-15.263208,0.16973102,0.80851656,0.27184436,0.49355152
0.96268666,-0.5231609,-14.938224,0.6495522,0.48513797,-0.5672328,0.1448108
0.74396485,-1.2639941,-15.263285,0.17011344,0.80849594,0.27151042,0.49363738
0.9655978,-0.52248746,-14.93964,0.64935744,0.48471147,-0.5677112,0.14523745
0.74446297,-1.2644082,-15.262523,0.1706313,0.80847776,0.27124864,0.49363238
0.96647084,-0.5235196,-14.939241,0.6493903,0.48433474,-0.5679288,0.14549617
0.7441086,-1.2647679,-15.261862,0.171604,0.8084376,0.27077004,0.49362376
0.96721,-0.5243933,-14.938904,0.6491983,0.48407003,-0.5682098,0.14613527
0.7437995,-1.2650816,-15.262033,0.17228168,0.8085076,0.27033022,0.49351403
0.96957237,-0.5251566,-14.940325,0.649028,0.48435366,-0.5679243,0.14705819
0.7435287,-1.2653564,-15.261473,0.1728117,0.8085094,0.27011093,0.49344587
0.96815395,-0.5257523,-14.941433,0.64920324,0.48472878,-0.567282,0.14752732
0.7432905,-1.2662728,-15.26098,0.17331919,0.8084945,0.27005163,0.49332476
0.9670351,-0.52467275,-14.942308,0.6492769,0.48513502,-0.5668071,0.14769332
0.74372095,-1.2670822,-15.260545,0.1737248,0.8083915,0.27000034,0.49337897
0.96614355,-0.5238125,-14.943006,0.6493448,0.48553675,-0.56633586,0.14788242
0.74410254,-1.267191,-15.260768,0.1738593,0.80828184,0.2699779,0.49352345
0.9654263,-0.5245187,-14.943566,0.6494166,0.4859427,-0.5658347,0.14815183
0.7438637,-1.2678664,-15.260387,0.17417663,0.80822223,0.26993608,0.4935321
0.9661724,-0.52376366,-14.944021,0.6493482,0.48642036,-0.56546414,0.14829889
0.74365044,-1.2673703,-15.260048,0.1742324,0.8081773,0.2699049,0.49360308
0.9655213,-0.52440745,-14.943132,0.6493308,0.4870794,-0.56485975,0.14851497
0.7434595,-1.2679701,-15.259745,0.17442828,0.8080433,0.27000526,0.49369827
0.9649839,-0.5237399,-14.942399,0.6492715,0.48774785,-0.56431603,0.14864762
0.74378383,-1.2680129,-15.259471,0.1745402,0.80772597,0.270021,0.49416912
0.9645371,-0.5231848,-14.941789,0.64924073,0.48859707,-0.5635939,0.14873214
0.7440761,-1.2680514,-15.259225,0.1746314,0.8074761,0.2700413,0.4945341
0.9630809,-0.52380186,-14.9412775,0.6492916,0.48906252,-0.5631016,0.1488452
0.7443664,-1.2680899,-15.258981,0.17478254,0.80724025,0.27006426,0.49485317
0.96390903,-0.52329427,-14.940846,0.64911056,0.489485,-0.56292725,0.14890568
0.7446651,-1.2686629,-15.258729,0.17502993,0.807013,0.27015057,0.4950893
0.96363515,-0.52384007,-14.940482,0.6490842,0.48972052,-0.5626975,0.14911406
0.74564344,-1.2686721,-15.258444,0.17522062,0.8067529,0.27007356,0.49548727
0.9634014,-0.52430594,-14.940169,0.6490073,0.48991156,-0.5625907,0.14922461
0.7459311,-1.2686812,-15.258163,0.17526215,0.8066579,0.27010697,0.4956092
0.96408194,-0.5238245,-14.939902,0.6488905,0.49005553,-0.5625759,0.14931606
0.7462124,-1.2693988,-15.257891,0.17543234,0.80651826,0.27015704,0.4957489
0.9646693,-0.5242463,-14.939671,0.648784,0.49016422,-0.5625546,0.14950228
0.74733853,-1.270171,-15.257596,0.17545614,0.8063354,0.27021787,0.49600488
0.96358794,-0.52381676,-14.93947,0.6487649,0.49016556,-0.56257975,0.14948536
0.74755216,-1.2709023,-15.257317,0.17532682,0.80624634,0.27033064,0.49613392
0.96264565,-0.52419806,-14.939296,0.6488143,0.49006522,-0.56258386,0.1495842
0.7487027,-1.2706976,-15.257037,0.17521627,0.80613005,0.2702124,0.49642622
0.9632565,-0.52381396,-14.939143,0.6487449,0.48999426,-0.5627036,0.14966784
0.74985254,-1.2715302,-15.256759,0.17529377,0.8059885,0.27011612,0.496681
0.9637934,-0.52415824,-14.939008,0.6487219,0.4898686,-0.56281483,0.1497608
0.7498413,-1.2712405,-15.256513,0.1751836,0.80603904,0.27005824,0.49666935
0.9636195,-0.52446216,-14.9388895,0.6487731,0.48975432,-0.56284595,0.14979544
0.7509185,-1.2709644,-15.25628,0.17513123,0.8059825,0.27001762,0.49680164
0.96411073,-0.52474886,-14.938778,0.64876646,0.4896946,-0.5628776,0.1499004
0.75078905,-1.2707256,-15.256078,0.17501079,0.80611867,0.26984644,0.49671614
0.96392304,-0.52438,-14.93868,0.64877826,0.48965847,-0.56290066,0.14988077
0.7517931,-1.2705002,-15.255886,0.17495817,0.8061926,0.26972467,0.49668083
0.9637563,-0.52464384,-14.938591,0.64881504,0.4895955,-0.56291395,0.14987753
0.75272596,-1.2702906,-15.25571,0.1749447,0.8062696,0.26959598,0.4966305
0.9642238,-0.52490985,-14.938502,0.6488274,0.48954523,-0.5629408,0.14988728
0.7523739,-1.2712504,-15.25556,0.17503588,0.80642194,0.26952094,0.49639165
0.9640343,-0.5251463,-14.938424,0.64884645,0.48951104,-0.5629574,0.14985391
0.7520777,-1.2709743,-15.255435,0.17501184,0.80656916,0.26940832,0.49622208
0.96386564,-0.5247821,-14.938354,0.64890236,0.4894789,-0.5629406,0.14978015
0.75182587,-1.2707397,-15.255328,0.17511748,0.8067148,0.26922476,0.4960477
0.963715,-0.5250028,-14.938292,0.64896196,0.48941413,-0.5629401,0.14973548
0.7506263,-1.2705408,-15.255238,0.17527014,0.8069868,0.2688715,0.49574265
0.9641392,-0.5246479,-14.938229,0.6489773,0.48935243,-0.5629952,0.14966351
0.75147736,-1.271308,-15.255161,0.17551273,0.8070793,0.26864493,0.4956292
0.96397334,-0.52433085,-14.938173,0.64902735,0.48931357,-0.5629975,0.14956462
0.7513155,-1.2710735,-15.255095,0.17564355,0.80725163,0.2683414,0.4954666
0.96438473,-0.52401406,-14.938119,0.6490459,0.4892589,-0.5630479,0.14947356
0.75117165,-1.2717459,-15.255035,0.1758263,0.8073428,0.26818097,0.49533993
0.96420383,-0.52427953,-14.938069,0.64911735,0.48919165,-0.5630162,0.14950289
0.75021094,-1.2714895,-15.254984,0.17583176,0.8074183,0.26815242,0.49523056
0.96404177,-0.5245173,-14.9380245,0.64917815,0.48915714,-0.56297356,0.14951214
0.7501725,-1.2704724,-15.25494,0.17576382,0.8074949,0.2680385,0.49519145
0.96389616,-0.5242361,-14.937984,0.64922506,0.48913166,-0.5629369,0.14952993
0.7493839,-1.2703412,-15.254901,0.17571849,0.80758303,0.26792592,0.49512473
0.9637649,-0.52445275,-14.937948,0.6492743,0.48910907,-0.5628856,0.1495832
0.749411,-1.2709435,-15.254867,0.17584988,0.8075217,0.2679457,0.49516737
0.9636463,-0.52464855,-14.937916,0.6492883,0.48909986,-0.5628633,0.14963613
0.7501031,-1.2706575,-15.254811,0.17582165,0.80741066,0.26789021,0.4953884
0.9643637,-0.5250502,-14.937849,0.64930093,0.48906803,-0.56284004,0.1497731
0.7494653,-1.2705387,-15.254788,0.17581514,0.807399,0.26793006,0.4953882
0.9642026,-0.5252351,-14.937819,0.64930266,0.4890444,-0.5628451,0.14982362
0.7494824,-1.2710174,-15.254767,0.17584711,0.80736375,0.26802865,0.495381
0.9640574,-0.52540183,-14.93779,0.6493325,0.48901233,-0.56282157,0.14988717
0.7494976,-1.2708894,-15.254748,0.17580509,0.8073322,0.26803336,0.49544472
0.9644028,-0.52507794,-14.937762,0.6493117,0.48899162,-0.5628491,0.14994152
0.74951124,-1.2707748,-15.254732,0.17578436,0.8072232,0.26812747,0.4955788
0.9642481,-0.5252519,-14.937737,0.64932173,0.48895562,-0.56285113,0.15000768
0.7495235,-1.2706721,-15.254717,0.17573245,0.80713105,0.2681896,0.49571374
0.96410835,-0.5254092,-14.937715,0.6493397,0.48891073,-0.56284624,0.1500948
0.7500397,-1.2700694,-15.254703,0.17553237,0.80689985,0.2682837,0.4961099
0.9639816,-0.5255518,-14.9376955,0.6493205,0.48882386,-0.5629401,0.1501086
0.750589,-1.2699946,-15.254687,0.17546861,0.806684,0.26846847,0.4963833
0.9643128,-0.52570254,-14.937674,0.64926666,0.48876223,-0.56304806,0.15013711
0.7505403,-1.2699257,-15.254673,0.17531772,0.80657905,0.26858214,0.49654567
0.96417034,-0.52583885,-14.937654,0.64920956,0.4887,-0.5631668,0.1501414
0.7511073,-1.2698534,-15.254659,0.17539038,0.8063729,0.26872513,0.49677747
0.9644885,-0.5255145,-14.937635,0.6491147,0.48865607,-0.56330943,0.15015937
0.7516901,-1.2704581,-15.254643,0.1754343,0.8062019,0.26886502,0.4969638
0.96433973,-0.52565765,-14.937617,0.64909756,0.4885701,-0.56340235,0.15016492
0.75227714,-1.2703311,-15.254628,0.17540623,0.80609554,0.2689794,0.49708432
0.9646648,-0.5258085,-14.937599,0.64904326,0.48849997,-0.56352437,0.15017003
0.7537861,-1.2701929,-15.254612,0.17538787,0.8059624,0.26908952,0.49724716
0.9645004,-0.5254869,-14.937582,0.6490154,0.48839527,-0.5636562,0.15013598
0.7543159,-1.2700605,-15.254597,0.17534114,0.80588627,0.26917964,0.49733806
0.96480864,-0.52564186,-14.937566,0.648985,0.4882812,-0.56377834,0.15017982
0.7548174,-1.2699354,-15.254581,0.17532416,0.80580384,0.26931047,0.49740687
0.96511495,-0.52530646,-14.93755,0.64892983,0.4881805,-0.56391513,0.1502321
0.75640786,-1.2708881,-15.254566,0.17542104,0.80566186,0.2694573,0.4975232
0.965421,-0.52497137,-14.937533,0.6488531,0.48809624,-0.5640633,0.15028109
0.7567444,-1.2717464,-15.254554,0.17540133,0.80556273,0.2696089,0.49760848
0.96520674,-0.5251596,-14.937519,0.64883316,0.48804516,-0.5640843,0.15045394
0.75704557,-1.271407,-15.254541,0.17537433,0.80549467,0.2697122,0.49767217
0.9650135,-0.52532923,-14.937506,0.64883417,0.4880111,-0.5640645,0.15063423
0.7562466,-1.2711217,-15.254531,0.17520559,0.8054951,0.26976424,0.49770278
0.9648388,-0.52548265,-14.937494,0.6488508,0.48802197,-0.5639992,0.15077193
0.75657016,-1.2708805,-15.254523,0.17518185,0.8054116,0.26983348,0.49780872
0.9651132,-0.5256287,-14.937483,0.64878887,0.48806748,-0.56399053,0.15092362
0.75686294,-1.2706621,-15.254515,0.17503496,0.8053482,0.26991042,0.49792102
0.9649434,-0.525761,-14.937472,0.6487964,0.48812973,-0.5638878,0.15107395
0.7571274,-1.2714837,-15.254508,0.17500043,0.8052616,0.27009317,0.49797428
0.96478903,-0.526279,-14.937463,0.6487877,0.4881648,-0.5638022,0.151317
0.7585244,-1.2723011,-15.2545,0.17495091,0.8051528,0.2701632,0.4981297
0.9646485,-0.5263728,-14.937454,0.6487515,0.48825353,-0.56371945,0.15149413
0.7575407,-1.2719089,-15.254495,0.17483756,0.80510163,0.27027863,0.4981893
0.96491677,-0.52647245,-14.937445,0.648676,0.48834372,-0.56368226,0.1516646
0.75789845,-1.2703251,-15.254485,0.17428862,0.8048552,0.2703894,0.49871945
0.9655178,-0.52723724,-14.937426,0.6484866,0.4885195,-0.56364346,0.15205242
0.7602422,-1.2690631,-15.25448,0.17403197,0.8045293,0.27038053,0.49933937
0.966433,-0.52673537,-14.937414,0.64827883,0.4886433,-0.5637453,0.15216301
0.7612917,-1.2678759,-15.2544775,0.17366311,0.8042775,0.27050108,0.49980804
0.9661248,-0.5274169,-14.937406,0.64825314,0.48869908,-0.56370705,0.15223505
0.76227045,-1.2679938,-15.254474,0.17351815,0.80398387,0.27070725,0.500219
0.9664202,-0.52749544,-14.937396,0.6481586,0.48878685,-0.5637206,0.15230568
0.7646077,-1.2681096,-15.25447,0.17334907,0.80371135,0.27085152,0.50063723
0.96610934,-0.52756536,-14.937387,0.6481093,0.48883247,-0.56372947,0.15233576
0.7652512,-1.2682115,-15.254467,0.1731907,0.803504,0.27096003,0.50096613
0.96583164,-0.5276279,-14.93738,0.64804494,0.48882464,-0.5637909,0.15240784
0.7673578,-1.2698236,-15.254464,0.17326039,0.8032089,0.27113116,0.5013225
0.9661117,-0.5276862,-14.937372,0.6479552,0.48877367,-0.56390655,0.15252508
0.7692583,-1.2696506,-15.254462,0.17320523,0.80299795,0.2711474,0.50167054
0.96639335,-0.52774477,-14.937366,0.6479066,0.48872855,-0.56399024,0.15256633
0.7709252,-1.2694987,-15.254459,0.17312263,0.80284274,0.2712151,0.50191087
0.9666449,-0.5272516,-14.937358,0.64779335,0.4886921,-0.56412834,0.15265347
0.7723543,-1.2693685,-15.254457,0.17305261,0.80271924,0.2712584,0.5021091
0.9668953,-0.5273364,-14.937351,0.64775854,0.48855665,-0.5642581,0.15275535
0.773533,-1.267442,-15.2544565,0.1729498,0.8025848,0.27118215,0.50240046
0.9677842,-0.52679276,-14.937345,0.6476302,0.48841515,-0.56450343,0.15284543
0.77451336,-1.2677059,-15.254455,0.17295052,0.8024156,0.27118537,0.5026687
0.9687566,-0.5269368,-14.937337,0.6475208,0.48825163,-0.56473,0.15299435
0.77349097,-1.266135,-15.254454,0.17284842,0.80244607,0.2710933,0.5027049
0.96892035,-0.5270738,-14.93733,0.64749974,0.48811918,-0.5648554,0.15304331
0.7726988,-1.266602,-15.254453,0.17271574,0.8024124,0.27111343,0.50279343
0.9690753,-0.52720344,-14.937323,0.64749974,0.4879927,-0.56495506,0.15307878
0.77207816,-1.2669681,-15.254453,0.17264447,0.8022759,0.27105024,0.5030697
0.96922123,-0.5273255,-14.937317,0.64743847,0.48795617,-0.56502855,0.15318303
0.7731289,-1.2672642,-15.254453,0.17261007,0.8021394,0.27100378,0.5033242
0.9693581,-0.52744,-14.937311,0.6473482,0.48793977,-0.5651372,0.15321583
0.7740069,-1.2659643,-15.256,0.17235555,0.80217344,0.27081996,0.50345606
0.9686977,-0.5275395,-14.937306,0.64739966,0.48790663,-0.5651073,0.15321435
0.7747465,-1.2648691,-15.257302,0.17214465,0.80225664,0.2706666,0.5034781
0.9688616,-0.52762634,-14.937302,0.6474022,0.48786846,-0.56512356,0.15326506
0.7753784,-1.2639334,-15.256832,0.17209816,0.80229425,0.2705507,0.50349635
0.9690124,-0.5277063,-14.937299,0.64733094,0.48782283,-0.5652286,0.15332408
0.7758978,-1.2647225,-15.258004,0.17212342,0.8022833,0.27049983,0.50353247
0.9700156,-0.52779067,-14.937294,0.6472928,0.4877573,-0.5653171,0.15336719
0.7763336,-1.2638242,-15.258987,0.17198859,0.8022542,0.27049023,0.50363004
0.9710396,-0.5278768,-14.937289,0.64726657,0.4876968,-0.56538826,0.15340817
0.7751982,-1.2631096,-15.25977,0.17192562,0.8023112,0.27039725,0.5036108
0.97101843,-0.5289058,-14.937285,0.6473874,0.48761454,-0.5653139,0.15343402
0.774286,-1.2625352,-15.260399,0.17194769,0.80230457,0.27034754,0.5036404
0.97100025,-0.5279801,-14.937282,0.64733136,0.4877489,-0.5652869,0.15334257
0.77488387,-1.2620696,-15.260908,0.17192973,0.8022479,0.27036166,0.5037292
0.97098464,-0.5280414,-14.93728,0.6473471,0.48783246,-0.5652347,0.15320274
0.77410203,-1.2629595,-15.261325,0.17194282,0.8021861,0.2705235,0.5037363
0.9701559,-0.5280945,-14.937278,0.64742357,0.4879575,-0.5650512,0.15315829
0.77466476,-1.2636931,-15.261668,0.17205167,0.8020632,0.27067295,0.5038145
0.9702098,-0.5281406,-14.937275,0.64741546,0.48811772,-0.56491864,0.15317059
0.7751487,-1.2643241,-15.261964,0.17202158,0.8018521,0.27091053,0.504033
0.97025687,-0.5281809,-14.938008,0.64740855,0.48824573,-0.5648121,0.15318489
0.77557844,-1.2648845,-15.262227,0.1718637,0.80180246,0.27098918,0.5041236
0.9702982,-0.52821624,-14.938652,0.647444,0.48831615,-0.5647062,0.15320127
0.77479273,-1.2653501,-15.262445,0.17176697,0.8017317,0.2711558,0.5041796
0.96967053,-0.52824736,-14.938555,0.64746046,0.48845565,-0.5645663,0.15320225
0.7764528,-1.2657777,-15.262646,0.17172171,0.8015058,0.27124628,0.5045054
0.9697463,-0.52764416,-14.93847,0.64742965,0.48858884,-0.56448525,0.15320665
0.7755723,-1.2661335,-15.262813,0.17157416,0.80144954,0.27133715,0.50459594
0.96921426,-0.52770793,-14.938394,0.6474638,0.4886067,-0.5644295,0.15321039
0.777098,-1.2652941,-15.262964,0.17149282,0.80122375,0.2714037,0.5049463
0.969879,-0.5277647,-14.938325,0.6473827,0.4886143,-0.5645096,0.15323454
0.7772774,-1.2645559,-15.263097,0.1712673,0.8011219,0.2713961,0.5051886
0.9699322,-0.52781546,-14.938264,0.6473361,0.48861173,-0.56456137,0.1532485
0.7774356,-1.2639055,-15.263214,0.17122234,0.8009176,0.2715066,0.50546825
0.96997994,-0.5273472,-14.9382105,0.6472547,0.48862177,-0.5646523,0.15322517
0.77883744,-1.2645433,-15.263324,0.17119081,0.80066556,0.27160507,0.50582516
0.97002286,-0.52741426,-14.938161,0.6472075,0.4885929,-0.5647283,0.15323626
0.7816758,-1.2637421,-15.263434,0.17107199,0.800141,0.271611,0.5066916
0.97057986,-0.52748126,-14.938111,0.6470531,0.4884357,-0.56502146,0.15330873
0.7835861,-1.2624079,-15.2636175,0.1705318,0.79962415,0.2715786,0.50770587
0.9711717,-0.52714807,-14.93802,0.64676297,0.48803473,-0.5656638,0.15344128
0.78432536,-1.2603495,-15.262146,0.17030936,0.79954076,0.27135748,0.50803
0.9711514,-0.5272367,-14.937976,0.646646,0.48781666,-0.56597227,0.15349057
0.7849623,-1.2601584,-15.262462,0.17038676,0.79926795,0.2713316,0.50844693
0.9717547,-0.52670515,-14.937928,0.64636326,0.48759487,-0.566453,0.15361284
0.7872474,-1.2599859,-15.262746,0.17048311,0.79892576,0.27115995,0.5090438
0.9723953,-0.52684987,-14.937878,0.6461325,0.4871775,-0.567008,0.15385982
0.78924197,-1.2598354,-15.262995,0.1704455,0.7988296,0.27105245,0.5092644
0.9730567,-0.52699935,-14.937826,0.6459008,0.48682258,-0.56754506,0.15397613
0.7909367,-1.2597076,-15.263206,0.17057829,0.7987081,0.27101007,0.5094331
0.9737228,-0.52714986,-14.937775,0.6457132,0.48650426,-0.5679993,0.15409397
0.7904192,-1.2577956,-15.263368,0.17051668,0.79873854,0.27091572,0.50945616
0.97548944,-0.527314,-14.937718,0.6454711,0.4862448,-0.56846637,0.15420496
0.79186237,-1.2580678,-15.263502,0.17068195,0.79865235,0.27083546,0.50957865
0.9760529,-0.5274681,-14.937665,0.6453587,0.4860423,-0.56875396,0.15425317
0.7911817,-1.2582759,-15.263606,0.17076564,0.7987679,0.27084404,0.5093647
0.9754873,-0.52759784,-14.93762,0.64532787,0.48594338,-0.56887823,0.15423541
0.79239583,-1.2602047,-15.263689,0.17100796,0.7987254,0.27106237,0.50923395
0.97601795,-0.52874297,-14.93758,0.6453045,0.4857974,-0.5689883,0.1543872
0.79341894,-1.2600126,-15.26376,0.17110085,0.79871523,0.2710242,0.50923914
0.97651297,-0.52873445,-14.937543,0.6452099,0.48584023,-0.5690325,0.15448494
0.7924805,-1.2598646,-15.263813,0.17110851,0.79874045,0.27109325,0.5091601
0.9769697,-0.52872664,-14.937509,0.6451932,0.48590112,-0.56899285,0.1545091
0.79174906,-1.2597493,-15.263856,0.17105356,0.7987769,0.27122724,0.50905
0.97738695,-0.5287195,-14.937477,0.6452391,0.48600954,-0.56883764,0.15454802
0.79278874,-1.2596531,-15.263891,0.17099638,0.7987373,0.2713934,0.50904286
0.97774386,-0.52758855,-14.937449,0.64521384,0.48618987,-0.56872326,0.1545069
0.79203963,-1.2611446,-15.263919,0.17089485,0.7987745,0.27157843,0.5089199
0.9769748,-0.5277084,-14.9374275,0.6453388,0.4863725,-0.56842273,0.1545161
0.791444,-1.2608417,-15.263942,0.17081574,0.79874986,0.27174008,0.50889885
0.97632533,-0.5278097,-14.937408,0.6454709,0.4865788,-0.5681184,0.15443438
0.7909659,-1.262013,-15.263959,0.17078874,0.7987055,0.27189723,0.50889355
0.9767379,-0.5278957,-14.937392,0.6455087,0.48678732,-0.56790036,0.15442081
0.7905785,-1.2616181,-15.263973,0.17031863,0.7985422,0.27202874,0.50923705
0.97617435,-0.52705306,-14.937378,0.6455155,0.48753107,-0.5673225,0.15417013
0.7924247,-1.2609975,-15.263995,0.16953434,0.79812485,0.27239436,0.5099571
0.97527146,-0.5264987,-14.937356,0.6455031,0.48866513,-0.5664367,0.15388834
0.7931878,-1.262104,-15.264005,0.16942133,0.79792386,0.27250367,0.5102506
0.9749081,-0.52589035,-14.937347,0.64548534,0.48910877,-0.566113,0.15374437
0.79385227,-1.2603018,-15.264013,0.16901131,0.7979387,0.272404,0.51041657
0.9745912,-0.52535975,-14.93734,0.6454943,0.48940158,-0.5658734,0.15365754
0.793079,-1.2601497,-15.26402,0.168891,0.79790664,0.27250037,0.51045495
0.9743134,-0.52560365,-14.937332,0.64557326,0.48959357,-0.5656193,0.1536499
0.79578876,-1.2598937,-15.264031,0.16905583,0.79771614,0.2725772,0.5106573
0.97449285,-0.5253793,-14.937322,0.6455786,0.4897071,-0.56550366,0.15369083
0.796083,-1.2611922,-15.264036,0.16928731,0.79767656,0.27253526,0.51066464
0.9748687,-0.5255872,-14.937317,0.6455753,0.48957554,-0.5656171,0.1537068
0.79632825,-1.262275,-15.26404,0.16951638,0.79760855,0.27251577,0.51070535
0.9746259,-0.5257722,-14.937314,0.64560056,0.48947626,-0.56567454,0.15370545
0.79522854,-1.2605581,-15.264042,0.16945827,0.7976817,0.27233002,0.5107096
0.97386044,-0.5259374,-14.93731,0.645601,0.48937932,-0.5657637,0.15368369
0.7955597,-1.261617,-15.264045,0.1696454,0.79757893,0.27234557,0.51079965
0.9736959,-0.5260854,-14.937306,0.64559555,0.48926878,-0.5658591,0.15370788
0.79583395,-1.2601478,-15.264047,0.16961308,0.79758567,0.27222198,0.51086575
0.973548,-0.52621835,-14.937304,0.64557844,0.48913154,-0.5659925,0.15372528
0.79607403,-1.2600311,-15.264048,0.16973183,0.79758525,0.2721533,0.51086354
0.9734148,-0.52633816,-14.937301,0.6455544,0.48899922,-0.5661293,0.15374292
0.79754055,-1.2611648,-15.26405,0.1700364,0.7975008,0.27211526,0.5109144
0.9737412,-0.5264464,-14.937299,0.645532,0.48885846,-0.56627005,0.15376669
0.7963928,-1.2609222,-15.2640505,0.17003255,0.7976621,0.27190173,0.51077753
0.9736124,-0.52654445,-14.937296,0.6455451,0.48869765,-0.5663947,0.15376346
0.7954363,-1.2607199,-15.264051,0.1700298,0.7979288,0.2714743,0.5105891
0.9734955,-0.5266335,-14.937294,0.6455681,0.48852462,-0.566507,0.15380327
0.79592097,-1.260407,-15.264054,0.1703177,0.79833305,0.27071595,0.5102638
0.9736606,-0.5267884,-14.93729,0.6455995,0.48824188,-0.56674016,0.15371029
0.7961129,-1.260283,-15.264055,0.17063911,0.7985866,0.27019095,0.51003796
0.9739043,-0.526856,-14.937289,0.6455781,0.48814487,-0.5668612,0.15366162
0.79534733,-1.2611066,-15.264055,0.17090832,0.79880685,0.26983637,0.50979054
0.9741276,-0.52658945,-14.937288,0.6455518,0.48807222,-0.5669708,0.15359834
0.79247904,-1.2599727,-15.264055,0.17093204,0.7996843,0.2686992,0.509007
0.9742182,-0.52671885,-14.937285,0.6456355,0.4879221,-0.5669844,0.15367351
0.7921239,-1.2591109,-15.264055,0.17101492,0.7999923,0.2682289,0.5087431
0.9741188,-0.52677596,-14.937284,0.64568293,0.4878496,-0.5669894,0.15368581
0.7910576,-1.2583601,-15.264055,0.17099233,0.8003608,0.26777884,0.5084081
0.97432536,-0.52715194,-14.9372835,0.6457362,0.48776478,-0.5669915,0.1537235
0.79084337,-1.2577031,-15.264055,0.17112036,0.8006794,0.26737872,0.5080739
0.97421664,-0.52690053,-14.937282,0.64577144,0.48776492,-0.5669546,0.15371138
0.78997195,-1.2571255,-15.264055,0.17123671,0.80099505,0.2671014,0.5076828
0.9741166,-0.5269526,-14.937281,0.6458205,0.48777106,-0.56689256,0.15371446
0.78852177,-1.2567717,-15.264055,0.17150404,0.80154383,0.26666582,0.50695485
0.97393924,-0.527045,-14.937279,0.6459443,0.48779655,-0.56672007,0.15374947
0.7879161,-1.256919,-15.264055,0.171665,0.801797,0.26644132,0.506618
0.9738605,-0.5270861,-14.937278,0.64599645,0.48780805,-0.56664556,0.15376839
0.78681946,-1.2564939,-15.264055,0.17178302,0.8020292,0.26625213,0.50630975
0.97378755,-0.52712405,-14.937276,0.64604604,0.48783404,-0.56655914,0.15379648
0.78636646,-1.2561135,-15.264055,0.17189837,0.80220616,0.26609957,0.50607044
0.9737199,-0.5271593,-14.937494,0.6460968,0.487853,-0.5664875,0.15378681
0.7854577,-1.2557721,-15.264055,0.1719922,0.8024427,0.26593325,0.50575083
0.97344875,-0.527192,-14.937489,0.6461531,0.4878775,-0.5664057,0.1537738
0.7839007,-1.255187,-15.264508,0.17203212,0.8028877,0.2656907,0.5051582
0.972957,-0.52725124,-14.937865,0.6462371,0.4879276,-0.5662672,0.15377234
0.783094,-1.2548839,-15.265003,0.17213726,0.80308807,0.26556766,0.50486845
0.9729144,-0.52727956,-14.938045,0.64625746,0.48795184,-0.5662222,0.15377544
0.7822115,-1.2545522,-15.264944,0.17225912,0.80333436,0.26535007,0.5045493
0.9728726,-0.52730733,-14.938028,0.64628893,0.48795274,-0.5661882,0.1537653
0.7804405,-1.2544638,-15.264826,0.17275591,0.80376714,0.26478997,0.5039842
0.9725993,-0.5273612,-14.937998,0.6463221,0.4879474,-0.56615597,0.1537614
0.77956396,-1.2548249,-15.264768,0.17308944,0.80396855,0.26451835,0.5036911
0.97237164,-0.5273873,-14.937983,0.6463324,0.48794195,-0.5661449,0.1537763
0.7786626,-1.2543783,-15.264708,0.17323595,0.80419934,0.26420262,0.50343794
0.97233504,-0.52764523,-14.937964,0.646343,0.48791984,-0.56614345,0.15380728
0.7777585,-1.2539303,-15.2646475,0.17348202,0.8043502,0.2639047,0.50326854
0.9722979,-0.5276703,-14.937947,0.64634305,0.48791155,-0.5661469,0.15382037
0.77692515,-1.2544291,-15.264592,0.17367664,0.8044516,0.26372993,0.5031308
0.9722603,-0.5276958,-14.93793,0.6463429,0.48790544,-0.5661473,0.15383929
0.7761557,-1.2548894,-15.264541,0.17379682,0.80453336,0.26363775,0.5030069
0.97222227,-0.5277215,-14.937912,0.6463514,0.4878946,-0.566141,0.15386094
0.77437925,-1.255344,-15.26449,0.1740891,0.8049979,0.26338312,0.5022954
0.9721809,-0.5277495,-14.938177,0.64636534,0.48789415,-0.56612366,0.15386774
0.7737771,-1.2547021,-15.265512,0.1744484,0.8052967,0.26309577,0.5018422
0.9721355,-0.52778023,-14.938468,0.6463799,0.48789963,-0.56609845,0.15388145
0.7720639,-1.2552353,-15.26534,0.17479694,0.8056149,0.2629369,0.5012933
0.9720934,-0.5274998,-14.938738,0.64639926,0.48789805,-0.56607884,0.15387739
0.7716984,-1.2557024,-15.265188,0.17517622,0.8057815,0.2628114,0.50095886
0.97204596,-0.5275435,-14.939042,0.64641935,0.48789427,-0.5660511,0.15390733
0.77014756,-1.2561406,-15.265046,0.17536491,0.80601966,0.26269293,0.50057167
0.97200257,-0.5272419,-14.938978,0.6464255,0.4878973,-0.5660421,0.15390523
0.7687167,-1.2565448,-15.264916,0.17545526,0.8061286,0.26263565,0.50039464
0.9719628,-0.52729,-14.93892,0.6464388,0.4878945,-0.5660258,0.15391837
0.7674168,-1.2569121,-15.264798,0.17554761,0.8062267,0.2624766,0.5002876
0.9719263,-0.52733415,-14.938866,0.6464409,0.48790357,-0.5660135,0.15392514
0.7662523,-1.257241,-15.264691,0.1756387,0.8062436,0.26242697,0.5002544
0.9718923,-0.5273752,-14.938817,0.6464362,0.48791358,-0.5660079,0.15393399
0.76522183,-1.2575322,-15.264597,0.17572911,0.8062094,0.2624469,0.5002674
0.9718595,-0.5274149,-14.938768,0.6464268,0.48794267,-0.5659872,0.15395749
0.7643201,-1.257787,-15.264515,0.17555185,0.80626243,0.262498,0.50021726
0.9718278,-0.5274534,-14.938722,0.6464282,0.48803738,-0.5658924,0.15399979
0.76353836,-1.2580078,-15.264443,0.17540595,0.80625004,0.26280135,0.50012904
0.9714397,-0.52749777,-14.938667,0.6464566,0.48817784,-0.56572837,0.15403831
0.76286626,-1.2581978,-15.264382,0.17519443,0.80626315,0.2629954,0.5000801
0.97141725,-0.52754045,-14.938616,0.6464681,0.4883683,-0.56553584,0.15409268
0.76379865,-1.2583491,-15.264333,0.17506896,0.8062094,0.2631076,0.5001517
0.9713956,-0.5275816,-14.938567,0.6464978,0.48866972,-0.5652026,0.1542358
0.76155055,-1.2584834,-15.26429,0.17486946,0.8062502,0.26328248,0.50006366
0.97095126,-0.52762896,-14.938509,0.6466075,0.48911637,-0.56465584,0.15436237
0.7595281,-1.2569575,-15.264251,0.174699,0.8063141,0.2633406,0.4999896
0.97049826,-0.52723014,-14.938451,0.64668417,0.48974133,-0.56400096,0.15445393
0.7594994,-1.2557082,-15.264219,0.17458767,0.8063724,0.26355717,0.49982032
0.96849287,-0.52665514,-14.938366,0.647022,0.49117365,-0.56241035,0.1542909
0.7563892,-1.2584813,-15.262506,0.1751078,0.8069274,0.26363176,0.4987022
0.964276,-0.527058,-14.938143,0.6477702,0.49366283,-0.55955774,0.15357712
0.75521713,-1.2586061,-15.261085,0.17550054,0.8074564,0.26330605,0.4978791
0.9626945,-0.52605945,-14.938032,0.6478104,0.4944911,-0.5589096,0.15310256
0.7542612,-1.2603873,-15.259925,0.17605813,0.80787784,0.26312006,0.49709636
0.961173,-0.52641714,-14.937925,0.64796776,0.4949933,-0.5583567,0.15283114
0.75347483,-1.2618527,-15.258971,0.17666154,0.8083642,0.26281407,0.49625286
0.9597984,-0.5267402,-14.936448,0.64806837,0.49509746,-0.55818254,0.15270302
0.75227684,-1.2626855,-15.257519,0.17745234,0.80898887,0.2624083,0.49516633
0.9601573,-0.52722913,-14.935375,0.6480183,0.49484542,-0.55844396,0.15277687
0.7518291,-1.262067,-15.256975,0.17776336,0.8091903,0.2621036,0.49488696
0.96029234,-0.52741313,-14.935615,0.64799607,0.49472085,-0.558574,0.15279928
0.74965024,-1.2610898,-15.256118,0.17762662,0.80926496,0.26206142,0.49483624
0.9605034,-0.5265574,-14.935989,0.6482194,0.49407235,-0.5590561,0.15218557
0.7496675,-1.2624804,-15.255817,0.17773022,0.80914044,0.26238698,0.49483
0.9593878,-0.5256172,-14.936148,0.64837873,0.49380723,-0.5592247,0.1517474
0.7496813,-1.2635918,-15.255577,0.17791882,0.8090412,0.2624932,0.49486825
0.9596051,-0.524836,-14.936279,0.64852184,0.49357048,-0.55939275,0.15128578
0.74969214,-1.2660676,-15.255388,0.17841318,0.8090765,0.26264256,0.49455327
0.9619611,-0.52526927,-14.936389,0.6484305,0.49284,-0.5602631,0.15083699
0.74970114,-1.2665198,-15.255233,0.1786096,0.80915356,0.26272747,0.49431115
0.96188074,-0.52563435,-14.936481,0.6484619,0.49213564,-0.56097066,0.15037191
0.74805397,-1.2652576,-15.255098,0.17868218,0.8092689,0.26265576,0.49413416
0.96181256,-0.5259439,-14.936561,0.64847463,0.4914809,-0.56161517,0.15005247
0.74833316,-1.2642564,-15.254992,0.1788549,0.8092366,0.26259774,0.49415538
0.9626865,-0.5262079,-14.936627,0.64846545,0.49084175,-0.56221724,0.14992924
0.7485592,-1.2649832,-15.254905,0.17916761,0.8091501,0.26262346,0.4941701
0.9634361,-0.5264345,-14.936685,0.64843935,0.4902339,-0.56280375,0.14983049
0.7487395,-1.2670239,-15.254835,0.17943813,0.8089748,0.2627112,0.49431235
0.9640827,-0.52662987,-14.936734,0.6484194,0.48961347,-0.5633566,0.14986823
0.7488894,-1.2672887,-15.254778,0.17948693,0.8089758,0.2625523,0.49437723
0.96464324,-0.5267992,-14.936776,0.6484241,0.48903802,-0.56384027,0.14990729
0.7490152,-1.2675108,-15.254729,0.17955394,0.8088943,0.2625009,0.49451363
0.96589065,-0.5277059,-14.936814,0.6483656,0.48850685,-0.5643165,0.15010019
0.75045884,-1.2663492,-15.254691,0.17949438,0.8088504,0.26218957,0.49477217
0.96698207,-0.527778,-14.936847,0.6482909,0.4880184,-0.5647813,0.15026355
0.75036436,-1.2653997,-15.254659,0.17942826,0.8088509,0.26197603,0.49490845
0.9679411,-0.52852654,-14.936875,0.6482224,0.48757982,-0.56517684,0.1504955
0.75243795,-1.2639679,-15.25461,0.17827745,0.80844086,0.26154998,0.49621782
0.96953666,-0.52915347,-14.935696,0.6479019,0.48722968,-0.56562954,0.1513069
0.7532247,-1.2634246,-15.254591,0.1776901,0.8081523,0.2617471,0.49679425
0.9702028,-0.5291237,-14.935203,0.6477894,0.4873403,-0.5655678,0.15166254
0.75388706,-1.2629671,-15.254576,0.1772172,0.807905,0.26197594,0.49724463
0.9696809,-0.52909726,-14.935322,0.64776456,0.4874921,-0.56539917,0.15190908
0.75769097,-1.2622491,-15.254553,0.176336,0.8069233,0.2625996,0.4988207
0.96980065,-0.52854985,-14.935523,0.64752847,0.48793158,-0.5652084,0.15221445
0.7596255,-1.2610756,-15.254543,0.17592207,0.80652153,0.26253694,0.49964878
0.97080857,-0.5285557,-14.935609,0.6473737,0.48788366,-0.5653753,0.1524061
0.7612932,-1.260064,-15.254535,0.17552711,0.8061908,0.26244706,0.5003682
0.9712639,-0.52856094,-14.935232,0.6472571,0.48780885,-0.5655302,0.15256633
0.762738,-1.2591876,-15.254528,0.17527105,0.8059239,0.26225594,0.5009877
0.97167593,-0.5285657,-14.934891,0.6471469,0.4876214,-0.5657805,0.15270485
0.76475906,-1.2584246,-15.254522,0.1750295,0.8057017,0.26204216,0.50154114
0.97204983,-0.52857006,-14.934581,0.6470568,0.48744458,-0.56600183,0.15283072
0.7658016,-1.2570324,-15.254516,0.17479034,0.8056121,0.26176655,0.50191224
0.9723899,-0.528574,-14.934299,0.6469543,0.48727113,-0.56624085,0.15293224
0.76602864,-1.2558094,-15.254511,0.17456725,0.8055592,0.26153994,0.50219285
0.9726999,-0.52820736,-14.934413,0.6468745,0.4870864,-0.56647754,0.15298213
0.76622885,-1.2547309,-15.255161,0.17442106,0.8055254,0.26128885,0.5024285
0.97333467,-0.5282242,-14.934166,0.64677817,0.48686484,-0.56675714,0.15305874
0.7670277,-1.2543976,-15.2551155,0.17436261,0.8054364,0.26111707,0.5026808
0.97361356,-0.52786416,-14.93391,0.64667743,0.48661873,-0.5670667,0.1531206
0.7677375,-1.2541015,-15.2550745,0.17430319,0.80536646,0.26099667,0.5028757
0.9744027,-0.5279027,-14.934071,0.6465473,0.48633674,-0.5674258,0.15323581
0.76837045,-1.2543983,-15.255038,0.17431615,0.80526555,0.2609865,0.5030381
0.97530144,-0.5279466,-14.934254,0.6464218,0.48601928,-0.5677992,0.15338945
0.7689367,-1.2541311,-15.255005,0.17425776,0.8051985,0.26094192,0.50318885
0.9756101,-0.5279899,-14.934433,0.64631706,0.48571688,-0.56814677,0.15350154
0.7694447,-1.2538911,-15.255483,0.17419583,0.805139,0.26092008,0.50331676
0.975913,-0.5280324,-14.93461,0.64623404,0.485455,-0.56841797,0.15367532
0.7699641,-1.2536459,-15.255971,0.1741308,0.80507195,0.26090994,0.5034518
0.976209,-0.52807397,-14.934783,0.6461759,0.48521385,-0.56864804,0.15383004
0.770495,-1.2533952,-15.25647,0.17410344,0.8050087,0.26094386,0.5035448
0.97725815,-0.5281189,-14.934969,0.64607936,0.48501447,-0.5688946,0.15395221
0.7710764,-1.2524297,-15.257015,0.17390257,0.8049329,0.26094374,0.5037355
0.9775054,-0.5281615,-14.935146,0.64611435,0.4850106,-0.56880367,0.15415394
0.77164924,-1.2522119,-15.257552,0.1737145,0.80484015,0.26094088,0.50394994
0.9777391,-0.5282018,-14.935314,0.64615303,0.48502395,-0.5686952,0.1543497
0.7722478,-1.2511547,-15.258115,0.17347428,0.804753,0.2609079,0.50418884
0.9772155,-0.5282371,-14.935461,0.6461978,0.48502743,-0.5686023,0.1544936
0.7738415,-1.2500362,-15.25871,0.17324714,0.8046447,0.26087633,0.5044561
0.97744733,-0.52826804,-14.93559,0.6462313,0.48503736,-0.56852543,0.15460536
0.774326,-1.2499894,-15.259256,0.17312525,0.80460215,0.2607457,0.50463325
0.9776682,-0.5282975,-14.935712,0.6462451,0.48494348,-0.5685713,0.15467317
0.77414715,-1.2478924,-15.261331,0.17304736,0.80473953,0.26027068,0.50468606
0.9780664,-0.5276456,-14.936639,0.64638054,0.48460647,-0.5687457,0.15452242
0.7746762,-1.2469468,-15.262803,0.1731248,0.80482495,0.26004162,0.5046415
0.9782406,-0.5277207,-14.93739,0.64648455,0.48430398,-0.5689258,0.15437211
0.7739883,-1.2461051,-15.264113,0.17317948,0.8049362,0.25983596,0.5045513
0.9777228,-0.5277868,-14.938052,0.64662015,0.48405698,-0.5690219,0.15422496
0.7745304,-1.2465147,-15.264108,0.17322406,0.8049451,0.25969025,0.5045967
0.9779029,-0.5278452,-14.937999,0.64665484,0.48378697,-0.56924766,0.15409382
0.77387977,-1.2457483,-15.264102,0.17321278,0.80501646,0.25947368,0.50459814
0.9780693,-0.52853054,-14.937949,0.64669216,0.48348376,-0.56945807,0.154111
0.7732964,-1.2450609,-15.265239,0.17314509,0.8050277,0.2593222,0.5046813
0.9782291,-0.5285397,-14.937902,0.6467411,0.48324546,-0.56961405,0.15407689
0.7739462,-1.2444344,-15.265095,0.17297754,0.80490303,0.2593229,0.5049371
0.97914433,-0.5285496,-14.937852,0.64667445,0.48302302,-0.5698558,0.15415987
0.77453345,-1.2438682,-15.264963,0.17282842,0.8047811,0.2593536,0.50516677
0.97924095,-0.52783966,-14.937808,0.64663136,0.4828037,-0.5700735,0.15422302
0.7763415,-1.2433516,-15.264844,0.17265023,0.80464154,0.25938118,0.5054357
0.9801513,-0.52790934,-14.93776,0.64654773,0.48259175,-0.5702995,0.1544011
0.7779742,-1.242885,-15.264735,0.1725224,0.8044446,0.2594485,0.5057583
0.98107356,-0.52797997,-14.937713,0.6464645,0.48237094,-0.5705374,0.15456042
0.7780589,-1.2424784,-15.264642,0.17239209,0.8043365,0.2594872,0.50595474
0.9819847,-0.5280497,-14.937666,0.6463761,0.48220977,-0.5707493,0.15465161
0.7781325,-1.2421247,-15.26456,0.17229013,0.80419683,0.25958818,0.50615966
0.9818355,-0.5271823,-14.937626,0.6463016,0.48210818,-0.5709198,0.15464959
0.7810434,-1.2418052,-15.264485,0.17226905,0.8039702,0.25968114,0.5064791
0.9826633,-0.5283006,-14.937589,0.64625686,0.4819319,-0.5710749,0.15481375
0.78212845,-1.2415259,-15.264421,0.17220522,0.80377835,0.25983095,0.5067284
0.983451,-0.52936476,-14.9375515,0.6462321,0.4817804,-0.57118094,0.1549968
0.7830767,-1.2412819,-15.265868,0.17199397,0.803546,0.25991914,0.5071233
0.9841947,-0.52928615,-14.937518,0.64616215,0.4815996,-0.5713275,0.15531018
0.78389806,-1.2410705,-15.267121,0.17182277,0.8033096,0.2600164,0.50750583
0.9848836,-0.5303443,-14.937487,0.64612323,0.48143914,-0.5714235,0.15561616
0.7846034,-1.240889,-15.268197,0.17170063,0.80309683,0.26007557,0.5078534
0.9855165,-0.5313164,-14.937457,0.64604056,0.48130736,-0.5715634,0.1558533
0.7868735,-1.2407299,-15.269138,0.17169495,0.8025869,0.26000905,0.5086949
0.9889505,-0.53093344,-14.938817,0.64564836,0.47931245,-0.573674,0.15587147
0.78882694,-1.2405933,-15.269949,0.17160322,0.8021363,0.26002672,0.509427
0.992318,-0.5321506,-14.940149,0.64530575,0.47752774,-0.5755297,0.15592751
0.79233444,-1.2404746,-15.270652,0.17149816,0.8016251,0.26011145,0.51022327
0.9935743,-0.53155464,-14.9412985,0.6449761,0.4763894,-0.5768341,0.1559533
0.7953094,-1.240374,-15.271248,0.17130199,0.8010291,0.260413,0.5110706
0.99463993,-0.53273183,-14.94059,0.64475626,0.47568843,-0.5776087,0.15613492
0.7977845,-1.2402904,-15.271743,0.1710759,0.80046123,0.26073617,0.51187074
0.9955305,-0.532011,-14.941702,0.6446732,0.47531685,-0.5780243,0.1560714
0.80204415,-1.2380909,-15.27217,0.17080274,0.79997253,0.26098698,0.5125976
0.9962784,-0.5331458,-14.942636,0.64454406,0.47509685,-0.5783137,0.15620244
0.80324143,-1.2385082,-15.272504,0.17079891,0.79955965,0.26126656,0.5131004
0.9968807,-0.53234833,-14.941677,0.6444722,0.4755043,-0.57808316,0.1561127
0.80640113,-1.2388419,-15.272772,0.17065096,0.7992003,0.26149192,0.5135943
0.9992261,-0.5316516,-14.942658,0.6443877,0.47576338,-0.57800144,0.15597485
0.8066365,-1.2368783,-15.272981,0.17050034,0.7991014,0.2615949,0.5137458
0.99930584,-0.53110516,-14.941668,0.64452434,0.47606266,-0.57764757,0.1558079
0.8046963,-1.2375565,-15.273133,0.17051134,0.7990183,0.2618025,0.5137656
0.99769574,-0.53235304,-14.940899,0.6447442,0.47634977,-0.57722557,0.15558435
0.8052676,-1.2380617,-15.273247,0.17059503,0.798858,0.2620437,0.5138641
0.99643224,-0.531744,-14.940296,0.64486027,0.47668946,-0.57687813,0.15535155
0.80378044,-1.2403569,-15.273332,0.17070492,0.7987977,0.26220813,0.5138376
0.9969392,-0.53126097,-14.941326,0.6448638,0.47693712,-0.5767053,0.1552184
0.8026493,-1.2402827,-15.273396,0.17076704,0.79880923,0.26225227,0.5137765
0.99734515,-0.53087413,-14.940719,0.64486367,0.47723526,-0.5765101,0.15502787
0.8017782,-1.2402254,-15.273445,0.17088391,0.798799,0.26218703,0.5137868
0.99494964,-0.53056145,-14.9402275,0.6450456,0.4775269,-0.5761281,0.15479243
0.8010995,-1.2401809,-15.273484,0.1708253,0.79872185,0.26152766,0.514262
0.9942901,-0.53030646,-14.939826,0.645037,0.4783303,-0.57551533,0.15462692
0.8021254,-1.2401458,-15.273515,0.17093289,0.79843885,0.26119864,0.5148327
0.9949769,-0.52886784,-14.939496,0.6449641,0.4788786,-0.57516587,0.15453437
0.8014573,-1.2401178,-15.273539,0.17087428,0.7983368,0.26082596,0.51519924
0.9943783,-0.5276759,-14.939222,0.64499605,0.47924772,-0.5748607,0.15439247
0.8009208,-1.2400954,-15.272146,0.17072584,0.79799855,0.26102507,0.51567143
0.99498796,-0.52779025,-14.938995,0.6448994,0.47938976,-0.57482034,0.1545052
0.804937,-1.240075,-15.272385,0.16960107,0.7962132,0.2622166,0.5181916
0.99550027,-0.5278864,-14.938804,0.6445381,0.47950712,-0.5750881,0.15465245
0.81044936,-1.2400556,-15.272611,0.16881381,0.7945518,0.26327285,0.5204583
0.99593365,-0.5269667,-14.938642,0.64418596,0.47958338,-0.57539946,0.15472454
0.81543183,-1.240038,-15.272817,0.16821559,0.79338336,0.26389703,0.5221157
0.9963073,-0.5271371,-14.938502,0.6439532,0.47954842,-0.57566756,0.15480433
0.81772006,-1.2380612,-15.272991,0.16760182,0.79263675,0.2642234,0.5232807
0.996649,-0.52631384,-14.9383745,0.64374596,0.47950256,-0.57591796,0.15487732
0.8196292,-1.2343553,-15.273136,0.16682774,0.7916714,0.26431513,0.5249404
0.99601036,-0.5265416,-14.938265,0.6436275,0.47926465,-0.5762343,0.15492952
0.8233989,-1.2334478,-15.273258,0.16642156,0.7908402,0.26452073,0.52621716
0.9963488,-0.52584755,-14.938171,0.6434242,0.47903174,-0.57664686,0.15495941
0.8288517,-1.2326965,-15.273359,0.166345,0.79016393,0.26436305,0.52733535
0.9966648,-0.5251995,-14.938084,0.64322186,0.47873676,-0.5771224,0.15494081
0.83579665,-1.2320852,-15.273441,0.16643153,0.7894801,0.26411396,0.52845585
0.9979975,-0.525566,-14.937995,0.6429896,0.47827274,-0.5777486,0.15500404
0.83849746,-1.2316206,-15.273504,0.16637552,0.78933597,0.26356438,0.528963
0.9992971,-0.5259234,-14.93791,0.6428021,0.47775617,-0.5783432,0.15515672
0.84324765,-1.2312659,-15.273551,0.16652676,0.7891192,0.26322296,0.5294085
1.0019277,-0.52500105,-14.93782,0.6425371,0.4772864,-0.5790068,0.15522574
0.8439832,-1.2283108,-15.276283,0.16627415,0.7891831,0.2627575,0.529624
1.0029669,-0.5241599,-14.937739,0.64234287,0.47691667,-0.57951564,0.15526663
0.84451437,-1.2261766,-15.278257,0.16607758,0.78924125,0.26243922,0.5297568
1.0038842,-0.52481556,-14.937668,0.6422497,0.47641674,-0.58001715,0.1553143
0.8448973,-1.2246383,-15.27968,0.1660693,0.789305,0.26206714,0.5298486
1.0046955,-0.5239483,-14.937605,0.64217186,0.4759968,-0.5804499,0.15530764
0.84798944,-1.2234994,-15.280734,0.1660626,0.7891657,0.2618733,0.53015393
1.0053936,-0.52466804,-14.937551,0.6420533,0.4755643,-0.58093315,0.15531573
0.84737813,-1.2227046,-15.281469,0.16587925,0.7891291,0.261892,0.53025657
1.0059927,-0.5252854,-14.937504,0.64202976,0.47515604,-0.58128566,0.1553435
0.84433407,-1.2247976,-15.281967,0.16586426,0.78931075,0.26128626,0.53028977
1.0064926,-0.52580076,-14.93893,0.6420929,0.47410476,-0.58193684,0.15585573
0.8447327,-1.2237427,-15.28231,0.16575563,0.7894255,0.26084712,0.5303691
1.0069137,-0.52623475,-14.940131,0.6421878,0.47329327,-0.5824094,0.1561657
0.84501517,-1.2253882,-15.282553,0.16591416,0.7893711,0.26063773,0.53050333
1.0072702,-0.5266022,-14.941148,0.6423215,0.47263902,-0.58270633,0.15648924
0.84294343,-1.2242891,-15.282726,0.16632095,0.7900574,0.25995636,0.52968806
1.0091572,-0.52693766,-14.942077,0.6424872,0.47210693,-0.58293885,0.15654908
0.8414408,-1.2234918,-15.282851,0.16644624,0.7904983,0.2594449,0.52924144
1.0108322,-0.52723545,-14.9429,0.64257145,0.47166762,-0.58315456,0.1567243
0.83828235,-1.2208529,-15.282945,0.16655438,0.7910117,0.25891533,0.5286994
1.0122849,-0.52749366,-14.943614,0.64256406,0.4713201,-0.58341974,0.15681274
0.8359223,-1.2208301,-15.283013,0.16681397,0.7914873,0.258609,0.5280554
1.011765,-0.5276962,-14.944176,0.6427296,0.4709604,-0.58350116,0.1569119
0.8359865,-1.2226644,-15.283067,0.16755162,0.7919947,0.25814438,0.5272877
1.0130478,-0.52787113,-14.944658,0.64286673,0.4706389,-0.5835519,0.1571264
0.83603567,-1.2240713,-15.283106,0.1681879,0.79239213,0.2577332,0.5266888
1.0141101,-0.5297652,-14.94506,0.64297336,0.47043866,-0.5835293,0.15737331
0.8327317,-1.2251632,-15.283138,0.1685008,0.7929875,0.25735602,0.52587664
1.0150031,-0.52955985,-14.945396,0.6429901,0.47022235,-0.5836706,0.15742745
0.8317262,-1.2260202,-15.283163,0.16885212,0.7933628,0.2570069,0.52536845
1.0139853,-0.52940124,-14.945657,0.64303714,0.4700829,-0.5837319,0.1574247
0.82942057,-1.2267,-15.283181,0.16913515,0.7937714,0.25669423,0.5248128
1.0131902,-0.5308995,-14.94586,0.64321864,0.46992016,-0.58363825,0.1575162
0.82757384,-1.2272444,-15.283196,0.1694545,0.79412293,0.25643703,0.52430344
1.0125623,-0.5320827,-14.946021,0.6433194,0.46972173,-0.5836738,0.15756449
0.82744205,-1.2276845,-15.28321,0.16972679,0.79434216,0.25619614,0.52400094
1.0135373,-0.53303814,-14.94615,0.64317495,0.46971294,-0.58377606,0.15780133
0.8273345,-1.2280434,-15.28322,0.16992487,0.79453117,0.2559784,0.5237566
1.0129126,-0.53239787,-14.946255,0.6431472,0.46971586,-0.5838259,0.15772155
0.8260178,-1.2295669,-15.282,0.17012915,0.7947736,0.2558488,0.5233855
1.0124062,-0.5332163,-14.946339,0.6432491,0.46976644,-0.58363324,0.15786834
0.8260937,-1.2273284,-15.282156,0.16911463,0.7946881,0.25605953,0.52374095
1.0119921,-0.5338856,-14.946408,0.6432495,0.46971425,-0.58352536,0.15841943
0.82615703,-1.2254599,-15.282286,0.16826616,0.79452854,0.25630516,0.52413607
1.0129234,-0.53447914,-14.946469,0.64311683,0.46973917,-0.58350194,0.15896945
0.8283166,-1.2249428,-15.282395,0.16761728,0.79419607,0.25658807,0.5247092
1.012455,-0.53373325,-14.945287,0.6430765,0.46971324,-0.5834797,0.15929078
0.83014345,-1.2245053,-15.282488,0.16674925,0.79350877,0.25712442,0.52576184
1.0132389,-0.5331156,-14.944306,0.64272994,0.4694182,-0.5839782,0.15973213
0.83274806,-1.2231301,-15.28257,0.16613822,0.79286027,0.25720474,0.5268932
1.0152315,-0.5325347,-14.943386,0.6419846,0.46907398,-0.58466244,0.16123044
0.83565515,-1.2216333,-15.282728,0.16515264,0.79194146,0.25724998,0.52856016
1.0161283,-0.53285545,-14.94315,0.6413628,0.46868482,-0.58513117,0.16312522
0.8369904,-1.2202598,-15.282802,0.16481519,0.7916448,0.25709438,0.5291852
1.017902,-0.5322549,-14.943683,0.641126,0.46860594,-0.5852674,0.16379258
0.8382282,-1.2189864,-15.282869,0.16449282,0.79143286,0.25694442,0.5296752
1.0180417,-0.5317453,-14.944134,0.6410625,0.4686282,-0.58520633,0.16419515
0.8408609,-1.2177873,-15.282932,0.16436388,0.79118526,0.25679427,0.5301577
1.0181607,-0.53131115,-14.944519,0.6409178,0.46865073,-0.5852735,0.16445628
0.8416525,-1.2167343,-15.282989,0.16413431,0.79117906,0.25648114,0.53038967
1.0182595,-0.53095084,-14.943529,0.64082956,0.46872282,-0.5852307,0.164747
0.8423388,-1.2158214,-15.283037,0.1639652,0.7911467,0.25625232,0.5306008
1.0183442,-0.53064203,-14.943979,0.6408003,0.4689234,-0.58504766,0.16493993
0.8429033,-1.2166084,-15.283077,0.16398166,0.7911528,0.25602618,0.5306958
1.018417,-0.5303766,-14.944366,0.6407463,0.46903342,-0.5849586,0.16515258
0.84339523,-1.2141035,-15.283113,0.1638602,0.7912035,0.25572947,0.5308007
1.0198525,-0.5301332,-14.943353,0.64065737,0.4692319,-0.5848612,0.16527872
0.8438124,-1.2136014,-15.283141,0.16382656,0.791275,0.25541884,0.5308539
1.0197183,-0.5299297,-14.94384,0.6406668,0.46938273,-0.5846909,0.1654165
0.84258,-1.2116305,-15.283165,0.16368185,0.7914457,0.2551481,0.5307744
1.0196079,-0.5297622,-14.9429655,0.64074975,0.469543,-0.5844584,0.1654616
0.8416001,-1.2115527,-15.283184,0.16364244,0.79163784,0.25492516,0.53060704
1.0195166,-0.5308385,-14.943459,0.6409447,0.4695562,-0.5842167,0.1655225
0.8407878,-1.2100273,-15.283199,0.16344039,0.79184836,0.25469264,0.5304669
1.018287,-0.53057784,-14.943867,0.64116323,0.46961507,-0.58394015,0.1654849
0.84013164,-1.2101867,-15.283212,0.16336873,0.7920575,0.25450408,0.53026724
1.0183553,-0.5303599,-14.944208,0.64130473,0.46965194,-0.58372986,0.16557439
0.83957183,-1.2089345,-15.283222,0.1631226,0.7921141,0.25446874,0.5302754
1.0173712,-0.53121793,-14.944495,0.6417489,0.46903592,-0.58377,0.16545811
0.83909273,-1.207863,-15.283232,0.1628964,0.792094,0.2544394,0.5303891
1.0185164,-0.5309554,-14.944739,0.6419428,0.46858776,-0.58393025,0.16540997
0.8386816,-1.2069433,-15.284633,0.16248575,0.79212546,0.2543726,0.5305
1.0185525,-0.5316715,-14.944947,0.64224494,0.46817178,-0.5839296,0.16541743
0.83831394,-1.2046646,-15.285885,0.16218418,0.7924648,0.2537945,0.53036237
1.0185844,-0.5323031,-14.94513,0.64236,0.46812004,-0.58365023,0.16610129
0.8380021,-1.2041875,-15.286948,0.16212139,0.7927266,0.2534278,0.5301657
1.018613,-0.53287125,-14.945294,0.6424732,0.4680971,-0.5834113,0.16656704
0.8377371,-1.2037822,-15.28785,0.16211568,0.7929877,0.25306854,0.5299485
1.018639,-0.53338456,-14.945444,0.6425498,0.4681716,-0.58314097,0.16700843
0.8360758,-1.2020035,-15.288606,0.16192745,0.79344314,0.25262925,0.52953374
1.0186616,-0.53294957,-14.945574,0.64271414,0.4686823,-0.58255965,0.16697258
0.8346682,-1.2004964,-15.289247,0.16176851,0.7938406,0.25223273,0.5291756
1.0169973,-0.5325745,-14.945686,0.6429893,0.46917972,-0.58188057,0.16688426
0.8334681,-1.1992115,-15.289792,0.16167413,0.7941966,0.25183803,0.5288581
1.0171546,-0.53224933,-14.945784,0.64306974,0.46971032,-0.58137536,0.1668424
0.8324419,-1.1981127,-15.290258,0.16161944,0.7945208,0.25150147,0.528548
1.0165315,-0.53196615,-14.945869,0.6432167,0.4702915,-0.58078784,0.16668476
0.8302407,-1.1985989,-15.290635,0.16160041,0.79481614,0.25129083,0.52820987
1.0152646,-0.5317184,-14.945944,0.64340854,0.47087595,-0.58017814,0.16641735
0.82844824,-1.1989948,-15.290943,0.16165172,0.79514796,0.25105032,0.527809
1.0141515,-0.53218645,-14.94601,0.64364797,0.47145292,-0.579509,0.16618921
0.8269765,-1.1993197,-15.289956,0.16176201,0.7954611,0.2508631,0.52739197
1.0131693,-0.531948,-14.946067,0.6438859,0.47205368,-0.5788656,0.1658041
0.8257585,-1.1995888,-15.290317,0.16187194,0.7957658,0.25068247,0.52698445
1.0122997,-0.53173673,-14.946118,0.64412075,0.4726499,-0.5782261,0.1654245
0.8236249,-1.199813,-15.289498,0.16205902,0.79611284,0.25053427,0.52647305
1.0115266,-0.531549,-14.946164,0.6443489,0.47324514,-0.577607,0.16499624
0.8165219,-1.2031883,-15.287749,0.16326992,0.79743695,0.2505696,0.52407277
1.0086029,-0.53082293,-14.946205,0.6452984,0.47513276,-0.57553244,0.16309904
0.8105199,-1.2060405,-15.285262,0.16437452,0.79857635,0.25064123,0.52195394
1.0054561,-0.5307039,-14.946241,0.64613324,0.4768121,-0.57366914,0.16144925
0.80445784,-1.2084656,-15.283148,0.1656404,0.7998041,0.25076225,0.5196104
1.0022534,-0.52943957,-14.946278,0.6470178,0.47883424,-0.5715364,0.15947369
0.7937543,-1.2132965,-15.280415,0.17070019,0.80415785,0.24995194,0.51158154
0.991926,-0.5282359,-14.946346,0.64916044,0.4848338,-0.5649593,0.1560384
0.78123313,-1.220845,-15.276883,0.17625353,0.8086133,0.24911667,0.5030111
0.9787403,-0.5266991,-14.946431,0.6511883,0.49062514,-0.5584615,0.15284492
0.74961144,-1.2378533,-15.268927,0.18439496,0.81565535,0.24844843,0.48885405
0.9575308,-0.5237129,-14.946599,0.6539751,0.4977305,-0.5498661,0.14909145
0.735713,-1.2453288,-15.263108,0.18700801,0.8178192,0.24848215,0.4842071
0.9488126,-0.5225448,-14.946665,0.6546067,0.4994102,-0.5477612,0.14844951
0.7269512,-1.2538478,-15.258403,0.18884824,0.81902707,0.24878609,0.48128644
0.94456136,-0.5241284,-14.946715,0.6549182,0.50026435,-0.54664737,0.14830507
0.720159,-1.2604517,-15.25734,0.19006471,0.8195127,0.24932593,0.47969884
0.94391584,-0.5276791,-14.946752,0.6546364,0.499703,-0.54721063,0.14936094
0.7150374,-1.2654313,-15.256538,0.19092602,0.8196546,0.24961533,0.47896335
0.94343585,-0.52553123,-14.946779,0.6542792,0.49916202,-0.5479784,0.14991917
0.71125346,-1.2691103,-15.255946,0.19147727,0.81960624,0.24997866,0.4786364
0.9430766,-0.5263097,-14.946799,0.65404177,0.49856076,-0.5486122,0.15063618
0.708499,-1.2717885,-15.255516,0.19160615,0.8194656,0.25002792,0.4788
0.9428088,-0.5245238,-14.946815,0.6537554,0.49799013,-0.54933685,0.15112506
0.7092947,-1.273672,-15.255213,0.1918194,0.81902987,0.25019318,0.47937337
0.9426081,-0.52318555,-14.946826,0.6535168,0.4974509,-0.5499813,0.15158838
0.7098591,-1.2750081,-15.254998,0.19169763,0.81861097,0.25014004,0.4801646
0.94469863,-0.52445984,-14.946834,0.65322614,0.49688902,-0.5506433,0.15227921
0.7102555,-1.2732973,-15.254847,0.1913223,0.8182538,0.25005677,0.48096582
0.9441002,-0.52751184,-14.94684,0.65305233,0.49636456,-0.5511419,0.15293014
0.710538,-1.2720782,-15.254739,0.19096926,0.8177364,0.24996588,0.48203215
0.9456738,-0.52775425,-14.94886,0.6527247,0.495905,-0.55178225,0.15350969

