ICVP Direct Stim Program 4.0.1+v4.0.1 - RelativeLocations
Updated at: 2022-08-22--21-17-46
Subject ID: CKT
Tester ID: kstipp
Direct Stimulation Input from the UI

UserID ; Time ; Electrodes ; Frequency (Hz) ; Cathodic Phase Duration (us) ; Train Length (ms) ; Duty On (ms); Duty Off (ms) ; Inter-train Length (ms) ; Amplitude (uA) ; Sent to Gateway ; Response ; Response Latency (ms) ; Response Duration (ms) ; Comments
kstipp ; 2022-08-22--21-17-46 ; 5B0F-5B0C , 5B0F-5B0C-5B00-5B04 ; 200 ; 200 ; 1000 ; 1000 ; 0 ; 0 ; 40 ; True ;  ;  ;  ; couldnt differentiate

Position t,Position u,Position v,Orientation w,Orientation x,Orientation y,Orientation z
0.8182406,-1.2831333,-15.221641,0.12378932,0.81876427,0.2942787,0.47718066
1.0997608,-0.54216367,-14.945341,0.62510854,0.49266127,-0.5545821,0.242823
0.81873274,-1.2828568,-15.221873,0.123507515,0.81872195,0.2943631,0.4772742
1.1002142,-0.54185104,-14.945463,0.6250699,0.4924347,-0.5548239,0.24282949
0.8186286,-1.2825849,-15.222102,0.12325207,0.8187059,0.29443228,0.477325
1.0998755,-0.54157794,-14.94557,0.6250796,0.4922399,-0.5550067,0.24278201
0.8191314,-1.2823232,-15.222322,0.123015985,0.81871176,0.29443938,0.47737157
1.1003108,-0.54207593,-14.945672,0.62505585,0.4920266,-0.5552226,0.24278173
0.81897163,-1.2805643,-15.222572,0.12273342,0.8187753,0.29438284,0.47737032
1.1007141,-0.5417748,-14.945766,0.62503254,0.49176908,-0.55550355,0.24272066
0.81881016,-1.2795855,-15.222826,0.12254048,0.8188361,0.29435146,0.47733474
1.1010879,-0.5414956,-14.945854,0.6249433,0.49149626,-0.5558907,0.24261674
0.81779355,-1.2786231,-15.223075,0.122378975,0.8189322,0.29429966,0.47724333
1.1014345,-0.5412367,-14.945935,0.624837,0.49123353,-0.55626786,0.24255821
0.8168801,-1.2786045,-15.223297,0.122295946,0.8190233,0.2942431,0.47714314
1.1010015,-0.54174656,-14.946006,0.6248068,0.49098068,-0.5565388,0.24252646
0.8168934,-1.2785877,-15.223501,0.122223035,0.81910676,0.29416594,0.47706625
1.1013403,-0.5414791,-14.946072,0.6246967,0.4907422,-0.55691046,0.24243978
0.81606615,-1.2785724,-15.223686,0.12217368,0.81921494,0.29407346,0.47695005
1.1016687,-0.5419986,-14.9461355,0.62465847,0.49044022,-0.5572383,0.24239571
0.81539255,-1.2785459,-15.224007,0.122079276,0.81946385,0.29380274,0.4767134
1.1031034,-0.54140025,-14.946252,0.6244313,0.4899217,-0.55800605,0.2422634
0.81554425,-1.2776438,-15.224155,0.122044295,0.8196097,0.2936041,0.47659394
1.1042066,-0.541111,-14.946308,0.62432784,0.48967117,-0.55835086,0.24224207
0.81567997,-1.277714,-15.224288,0.12201841,0.81975746,0.2934233,0.47645786
1.1043156,-0.54085106,-14.946359,0.6242273,0.4894134,-0.55869,0.2422402
0.81580186,-1.2777771,-15.224407,0.12201534,0.8199338,0.29314727,0.47632512
1.105389,-0.5415579,-14.946409,0.6241298,0.4892027,-0.5589419,0.24233611
0.8150152,-1.2769347,-15.223619,0.12196195,0.82015055,0.29284927,0.47614887
1.1064311,-0.54224414,-14.946459,0.6240378,0.4889932,-0.5591983,0.24240398
0.81422037,-1.2750778,-15.222822,0.121932805,0.82034993,0.29252145,0.4760143
1.1073855,-0.5418029,-14.945433,0.62395906,0.48884156,-0.5594047,0.24243654
0.81545526,-1.2754095,-15.222144,0.12200438,0.82048583,0.29224536,0.47593135
1.1082577,-0.54139966,-14.944497,0.6238134,0.4887586,-0.5595998,0.2425285
0.8156068,-1.2747741,-15.221554,0.121995434,0.8206883,0.29190868,0.4757911
1.1090512,-0.54103273,-14.943645,0.62376463,0.4886314,-0.5597537,0.24255475
0.8157475,-1.2741841,-15.2210045,0.12202703,0.82087106,0.29160005,0.47565687
1.1097698,-0.5407005,-14.942873,0.6236694,0.4885473,-0.5599026,0.24262549
0.8148995,-1.273636,-15.220495,0.12205251,0.8211056,0.29126167,0.475453
1.1092638,-0.5415323,-14.942223,0.62371373,0.48848832,-0.5598933,0.24265185
0.81405973,-1.2720144,-15.219991,0.122035995,0.8213234,0.29098952,0.4752477
1.109945,-0.5411464,-14.941632,0.62360334,0.48841426,-0.56005305,0.24271607
0.81330144,-1.2716473,-15.219536,0.12209446,0.82147974,0.2907833,0.47508857
1.1105597,-0.54079825,-14.9411,0.62355477,0.48841307,-0.5600939,0.242749
0.8126183,-1.2713168,-15.219125,0.12219612,0.8216068,0.29058927,0.47496137
1.1111113,-0.54048586,-14.940622,0.62350917,0.48839274,-0.560132,0.24281894
0.81200486,-1.2710199,-15.218757,0.122213446,0.8217296,0.2904734,0.47481528
1.1116096,-0.5414331,-14.94019,0.62343216,0.4883742,-0.5601912,0.24291746
0.81256825,-1.2718487,-15.218449,0.12227535,0.82179,0.2903727,0.47475654
1.1120564,-0.54228246,-14.939803,0.62346226,0.48831773,-0.56019694,0.24294034
0.81304353,-1.2715242,-15.218187,0.12229932,0.82182705,0.29029027,0.47473663
1.1124452,-0.54175484,-14.939466,0.6234719,0.48831588,-0.56019384,0.24292636
0.81247455,-1.2722211,-15.217966,0.12230671,0.8218269,0.29031727,0.47471854
1.1115625,-0.54252315,-14.939189,0.62351626,0.4883636,-0.56008637,0.24296474
0.81291246,-1.2728163,-15.217777,0.12231281,0.8217673,0.29033136,0.4748115
1.1119865,-0.5420008,-14.938951,0.62348866,0.4884538,-0.5600309,0.24298193
0.8124109,-1.2733272,-15.217615,0.122309804,0.8217013,0.2904121,0.4748771
1.1112157,-0.54268956,-14.938751,0.62353987,0.48846686,-0.55994093,0.24303184
0.8128116,-1.2729347,-15.217476,0.12222558,0.8216117,0.2905029,0.47499824
1.110569,-0.5432674,-14.938584,0.6235597,0.48850274,-0.55989534,0.24301383
0.81316817,-1.2725853,-15.217351,0.122152016,0.8215266,0.290634,0.47508416
1.1110699,-0.5437893,-14.938435,0.6235192,0.48849362,-0.5599374,0.24303894
0.8134783,-1.2730532,-15.217243,0.122185655,0.8213814,0.29077503,0.47524026
1.1115123,-0.54317015,-14.938302,0.62343603,0.48860183,-0.5599194,0.24307622
0.813987,-1.2738206,-15.217762,0.12208179,0.8209825,0.2911628,0.4757185
1.1112148,-0.5441353,-14.940051,0.62355864,0.4885436,-0.55977815,0.24320433
0.81485814,-1.273475,-15.218303,0.12196979,0.82074976,0.29129508,0.4760678
1.1115948,-0.5445116,-14.940734,0.6236754,0.48844114,-0.55971473,0.24325645
0.81500024,-1.2731694,-15.2187805,0.12185968,0.8205654,0.29139423,0.47635287
1.1119235,-0.5439113,-14.941324,0.6237131,0.48836103,-0.5597171,0.24331538
0.81572545,-1.2728974,-15.219206,0.12175679,0.8203827,0.29142523,0.47667482
1.1122247,-0.5443,-14.941865,0.62378806,0.4881903,-0.5597516,0.24338627
0.81581867,-1.2719185,-15.219664,0.12166219,0.8202711,0.29140192,0.47690517
1.1124876,-0.54373115,-14.942337,0.62385285,0.48807025,-0.5597483,0.24346873
0.81590736,-1.2716904,-15.220099,0.12157516,0.82017255,0.2913992,0.4770986
1.1127195,-0.5432292,-14.942753,0.623893,0.4879116,-0.5597793,0.24361224
0.8152787,-1.2714764,-15.220508,0.12151553,0.82010305,0.29136187,0.47725603
1.1129339,-0.54366606,-14.943138,0.62408197,0.4876148,-0.5597758,0.24373071
0.8161203,-1.2712783,-15.220885,0.1214899,0.8200137,0.29133153,0.47743452
1.1131233,-0.5431736,-14.943479,0.6241821,0.48743355,-0.5598036,0.2437731
0.8161894,-1.2710901,-15.221244,0.121451296,0.8199472,0.2912628,0.47760049
1.1132985,-0.5436125,-14.943792,0.6242695,0.4871531,-0.55994326,0.24378891
0.8163165,-1.2707444,-15.221904,0.1213683,0.81987065,0.29103866,0.4778895
1.1145408,-0.54265624,-14.944343,0.62427,0.48661426,-0.5603724,0.24387784
0.8171426,-1.270589,-15.2222,0.12136879,0.8198012,0.2909296,0.4780749
1.1156138,-0.54321355,-14.944611,0.6242889,0.4862973,-0.5605793,0.24398609
0.8178646,-1.2711836,-15.22246,0.121393844,0.81973344,0.29082686,0.47824728
1.1155498,-0.54370654,-14.944848,0.62435,0.48599878,-0.56071347,0.24411596
0.8185127,-1.2710078,-15.2226925,0.12145132,0.8196746,0.29068732,0.4784182
1.115493,-0.5441443,-14.945058,0.6244608,0.4857716,-0.5607614,0.24417493
0.8191333,-1.2708393,-15.222915,0.12145874,0.81964093,0.290556,0.47855383
1.1154423,-0.5455415,-14.945247,0.62458855,0.48554403,-0.5607403,0.24434891
0.8189567,-1.2698609,-15.223142,0.121438056,0.81965566,0.2903667,0.47864884
1.1153969,-0.5457865,-14.945415,0.62459457,0.48542666,-0.5607827,0.24446951
0.81878084,-1.2688864,-15.223367,0.1213764,0.819689,0.2901719,0.4787255
1.1153563,-0.54600537,-14.945564,0.6246936,0.48535985,-0.5607153,0.24450405
0.81946284,-1.2697128,-15.223561,0.12138943,0.8196418,0.29009283,0.47885087
1.1143723,-0.5461917,-14.945692,0.6247791,0.48538515,-0.5605994,0.24450079
0.8192495,-1.2687896,-15.223741,0.12132894,0.81968087,0.28989473,0.47891924
1.1144319,-0.5463512,-14.946704,0.62485176,0.48532134,-0.5604835,0.2447074
0.81905663,-1.2687906,-15.223904,0.12136235,0.81967765,0.28979352,0.4789776
1.114485,-0.5473837,-14.946718,0.6249607,0.48532084,-0.56029457,0.24486282
0.8188819,-1.2687916,-15.224051,0.12136754,0.8196721,0.28969526,0.47904518
1.1145337,-0.547431,-14.946731,0.625037,0.4853933,-0.5601213,0.2449209
0.8187101,-1.2678996,-15.224197,0.12132427,0.8196775,0.2895914,0.4791096
1.114578,-0.54747415,-14.946742,0.6251106,0.4855018,-0.5599401,0.24493234
0.8185436,-1.2670362,-15.224339,0.121308036,0.81971675,0.28945306,0.47913027
1.1137602,-0.54751134,-14.9467535,0.625234,0.48558003,-0.5597405,0.2449184
0.81839776,-1.2672065,-15.224462,0.121342584,0.81975365,0.28938013,0.47910237
1.1138656,-0.54754347,-14.947576,0.6252714,0.48570102,-0.55960363,0.24489614
0.81825775,-1.2663852,-15.224579,0.12136577,0.8198001,0.28930193,0.47906435
1.1131848,-0.5475714,-14.947518,0.6253389,0.48581702,-0.5594185,0.24491666
0.81711555,-1.2649156,-15.225862,0.12143818,0.8199425,0.28912595,0.4789086
1.112068,-0.5476008,-14.947423,0.625467,0.48600245,-0.5591661,0.24479789
0.81608886,-1.265327,-15.225836,0.121554896,0.8200329,0.28902552,0.47878474
1.1116083,-0.5476208,-14.948048,0.62551665,0.48602787,-0.5591307,0.24470145
0.8161836,-1.2656764,-15.225813,0.12168643,0.8200927,0.28897533,0.47867915
1.1118307,-0.54763854,-14.947969,0.6255308,0.48600006,-0.55916804,0.2446353
0.81626964,-1.2650176,-15.225793,0.12180514,0.82018626,0.28884313,0.47856843
1.1120282,-0.5476542,-14.947901,0.625569,0.4859768,-0.5591908,0.24453178
0.81634307,-1.2653825,-15.225776,0.12193361,0.82030755,0.2886964,0.47841644
1.1122043,-0.5476682,-14.948407,0.62559664,0.48586637,-0.5592762,0.24448515
0.81464463,-1.2656958,-15.22576,0.12206807,0.8204794,0.28855944,0.47816983
1.1123616,-0.5476808,-14.94832,0.6256769,0.4856698,-0.5594208,0.24433957
0.81399333,-1.2651093,-15.225747,0.12218298,0.8206794,0.2883073,0.47794938
1.1125166,-0.54769313,-14.948798,0.62575555,0.48545972,-0.5595934,0.24416026
0.81425345,-1.2654256,-15.225736,0.1223416,0.82088035,0.28801966,0.477737
1.1121202,-0.54823923,-14.94869,0.62593806,0.4851593,-0.5597606,0.2439059
0.8136974,-1.2657001,-15.225725,0.122562,0.82115364,0.2875929,0.47746795
1.1117646,-0.5482208,-14.948594,0.62607247,0.48485538,-0.5599884,0.24364235
0.8123639,-1.2651538,-15.225716,0.12273173,0.821522,0.2869986,0.47714826
1.1114445,-0.54820424,-14.948507,0.62617487,0.4844704,-0.56036603,0.24327661
0.81192464,-1.2646239,-15.225706,0.123000555,0.8218479,0.2863325,0.47691786
1.1116145,-0.54818934,-14.948428,0.6262499,0.48396724,-0.56084746,0.24297518
0.8115443,-1.2649765,-15.225698,0.123298,0.82221395,0.28564432,0.47662273
1.1117682,-0.5481759,-14.948357,0.62637275,0.48332238,-0.5614356,0.24258362
0.8104311,-1.2652863,-15.225691,0.12359067,0.8226173,0.28485727,0.47632182
1.1124014,-0.54816186,-14.948283,0.62634766,0.4827239,-0.5620846,0.24233694
0.8101972,-1.2655593,-15.225685,0.12392504,0.8229725,0.2840408,0.47610897
1.1130735,-0.54814696,-14.948204,0.6262912,0.482081,-0.5628215,0.24205206
0.80914056,-1.2650161,-15.225679,0.12400238,0.82347775,0.28308198,0.4757862
1.1131808,-0.5481328,-14.94813,0.6263747,0.48146987,-0.56339973,0.24170715
0.80713797,-1.264459,-15.225674,0.12404845,0.8239878,0.28215978,0.4754388
1.1132901,-0.54869384,-14.948053,0.6265445,0.48080057,-0.5639442,0.2413293
0.80617887,-1.2639174,-15.225668,0.12409335,0.8243945,0.28128356,0.4752411
1.114095,-0.54931974,-14.9479685,0.6266463,0.48019665,-0.56449413,0.24098144
0.8063084,-1.2634234,-15.225661,0.1240932,0.82476866,0.28046626,0.47507492
1.1148964,-0.54921097,-14.947885,0.62658197,0.47966352,-0.5652046,0.2405446
0.8064326,-1.2618747,-15.225656,0.12394053,0.8251311,0.2797292,0.47492006
1.1157405,-0.54993093,-14.947795,0.62670404,0.47905678,-0.5657643,0.24011964
0.8065438,-1.2615718,-15.225651,0.1239091,0.8254597,0.27916056,0.47469172
1.1165485,-0.5497453,-14.94771,0.62681943,0.4785816,-0.5662793,0.23955144
0.8054509,-1.2600713,-15.225646,0.123779476,0.8258156,0.27846435,0.47451547
1.117317,-0.54956883,-14.94763,0.6268651,0.4781196,-0.5668017,0.23911841
0.8057077,-1.2587018,-15.225642,0.12369045,0.82601446,0.27804163,0.47444037
1.1180421,-0.54940224,-14.947554,0.6269549,0.47768667,-0.5672948,0.23857851
0.8047282,-1.2599537,-15.225638,0.12359773,0.8258412,0.27873695,0.4743583
1.1198376,-0.5492347,-14.947477,0.6273395,0.47776088,-0.56734884,0.23728672
0.8038886,-1.2598609,-15.225635,0.12343524,0.82569486,0.27931666,0.47431433
1.1203994,-0.5502061,-14.947404,0.6277464,0.47777632,-0.56729656,0.23630226
0.8031352,-1.2597777,-15.225633,0.1233113,0.82555336,0.27983174,0.47428927
1.1209015,-0.54993063,-14.94734,0.62801087,0.47795266,-0.5671901,0.23549756
0.8024622,-1.2597033,-15.22563,0.12324794,0.8254515,0.280235,0.47424486
1.1213493,-0.549685,-14.947282,0.62830096,0.4781824,-0.5670097,0.23469059
0.80305856,-1.2596414,-15.225628,0.123118185,0.82528144,0.2807065,0.47429565
1.1217235,-0.5483797,-14.947234,0.6284583,0.4783945,-0.5670224,0.23380458
0.8035569,-1.2606883,-15.225627,0.12308099,0.8251088,0.28109625,0.47437483
1.1220559,-0.54832363,-14.94719,0.6287379,0.47854656,-0.56687367,0.2331013
0.80397624,-1.2605255,-15.225625,0.12297271,0.8249648,0.28146943,0.47443205
1.1212872,-0.5482765,-14.947154,0.62910193,0.47877464,-0.56660515,0.23230208
0.8043313,-1.261379,-15.225624,0.122883625,0.82480884,0.2818552,0.47449738
1.1206366,-0.5482366,-14.947124,0.62930787,0.4790373,-0.56647545,0.23151784
0.8036919,-1.2611644,-15.225623,0.12271514,0.82473767,0.28211376,0.474511
1.1210285,-0.54725665,-14.947098,0.62940204,0.47930485,-0.56642973,0.23081899
0.80493367,-1.2618754,-15.225622,0.122700796,0.8245179,0.28247046,0.47468436
1.1204655,-0.547316,-14.947076,0.62955356,0.47965392,-0.56625855,0.23009956
0.8051534,-1.2624879,-15.22562,0.12264717,0.82428217,0.2828625,0.47487414
1.1199807,-0.5473671,-14.947057,0.6296977,0.47996798,-0.5660852,0.22947577
0.80534375,-1.2622106,-15.225619,0.12256431,0.82409513,0.28314734,0.47505045
1.1211832,-0.5466003,-14.947041,0.62965184,0.48032966,-0.5660959,0.22881736
0.8047422,-1.2627366,-15.225619,0.1225136,0.823915,0.2834917,0.47517058
1.1214586,-0.54593325,-14.947026,0.62976557,0.48066267,-0.5659643,0.22812982
0.8049452,-1.2639253,-15.225619,0.122504726,0.82369405,0.28383484,0.47535104
1.1209673,-0.5460824,-14.947014,0.62995934,0.48099872,-0.565724,0.22748148
0.8051234,-1.2642766,-15.225619,0.12241667,0.82350487,0.2841626,0.47550565
1.1198407,-0.5455178,-14.947003,0.6301823,0.48135945,-0.5654758,0.22671674
0.80593824,-1.265244,-15.225619,0.12235095,0.8233018,0.2844899,0.47567847
1.1195085,-0.54502034,-14.946994,0.6303959,0.48173428,-0.5652143,0.2259779
0.80603456,-1.2654753,-15.225619,0.1222684,0.82313555,0.28476396,0.4758233
1.1192145,-0.54458016,-14.946985,0.6306272,0.48203912,-0.5649693,0.22529402
0.80612004,-1.2656806,-15.225619,0.12220532,0.8229491,0.2849783,0.47603357
1.1183574,-0.54418933,-14.946978,0.630981,0.4823291,-0.56464994,0.22448203
0.8067602,-1.2658637,-15.225619,0.12212708,0.82277036,0.28516668,0.47624987
1.1175935,-0.5438411,-14.94697,0.6312503,0.48257506,-0.5644254,0.22375977
0.8073326,-1.2660273,-15.225619,0.1220484,0.82256395,0.2853597,0.4765109
1.1174487,-0.54352975,-14.946964,0.6315209,0.48273376,-0.5642538,0.22308563
0.8068282,-1.2656652,-15.225619,0.12196689,0.8224545,0.285472,0.47665346
1.1168077,-0.54273933,-14.946959,0.63171947,0.48297024,-0.56412643,0.22233254
0.80734146,-1.2653395,-15.225619,0.121867135,0.82228476,0.28558466,0.4769042
1.1162311,-0.54251397,-14.946954,0.63200456,0.48302436,-0.56402606,0.22165819
0.80826384,-1.2655048,-15.225619,0.12182896,0.82208264,0.28571302,0.47718546
1.115711,-0.5423107,-14.946949,0.6322472,0.48319983,-0.56386256,0.22099875
0.8086618,-1.2652181,-15.225619,0.12173779,0.8219156,0.2858198,0.4774325
1.1152406,-0.5421269,-14.946945,0.6324206,0.48325875,-0.563785,0.22057131
0.8090228,-1.2649581,-15.225619,0.12165342,0.82174873,0.28592464,0.47767836
1.1148142,-0.5423766,-14.946942,0.63263077,0.48330218,-0.563653,0.22021055
0.80935085,-1.2643279,-15.225619,0.12155122,0.82159036,0.2859738,0.47794735
1.1144265,-0.54220796,-14.9469385,0.6327499,0.48332936,-0.5636163,0.21990235
0.8100239,-1.2641279,-15.225619,0.12147953,0.8214313,0.28603753,0.4782008
1.1140734,-0.54205436,-14.946935,0.6328802,0.48332444,-0.56358916,0.21960731
0.810283,-1.2639452,-15.225619,0.12141204,0.8212801,0.2861252,0.47842497
1.1141081,-0.54191417,-14.946933,0.63284725,0.48331958,-0.56371135,0.21939945
0.81085896,-1.2637777,-15.225619,0.121349044,0.8211197,0.28619942,0.47867188
1.1138006,-0.5417859,-14.94693,0.6329142,0.48334828,-0.5636376,0.21933272
0.81110257,-1.2635967,-15.225619,0.12127503,0.8209531,0.28628558,0.47892487
1.113519,-0.54166836,-14.946928,0.6328617,0.4832765,-0.56378675,0.21925929
0.8118395,-1.2633877,-15.225619,0.121197365,0.8207757,0.28634053,0.4792157
1.1135663,-0.5418665,-14.946925,0.6328993,0.48306957,-0.5638682,0.21939707
0.81210786,-1.2631706,-15.225619,0.12108985,0.8205915,0.28642192,0.4795095
1.1136098,-0.541758,-14.946923,0.63281894,0.48289487,-0.5641043,0.21940628
0.81298345,-1.2629308,-15.225619,0.12101233,0.820357,0.2864915,0.4798885
1.1136501,-0.54165804,-14.94692,0.6328263,0.48270774,-0.564195,0.21956383
0.81392485,-1.2626729,-15.225619,0.12094016,0.82014894,0.28655598,0.48022386
1.1134247,-0.5415658,-14.946919,0.6329191,0.48240474,-0.5643569,0.21954614
0.8141493,-1.2624211,-15.225619,0.120849796,0.81997055,0.2866065,0.48052084
1.1132164,-0.54148054,-14.9469185,0.6330096,0.48207211,-0.5645296,0.21957183
0.81436676,-1.2621772,-15.225619,0.12072479,0.8197311,0.28672564,0.4808897
1.1129967,-0.5413906,-14.946918,0.6331395,0.4816186,-0.5647664,0.21958344
0.8145577,-1.2626522,-15.225619,0.12068832,0.8194479,0.28689906,0.4812781
1.1127864,-0.5415705,-14.946917,0.6333153,0.4811819,-0.5648769,0.21974972
0.8155336,-1.2623724,-15.226395,0.120667994,0.81907,0.28708813,0.4818134
1.1125462,-0.54146355,-14.946914,0.6333885,0.4808551,-0.56507397,0.2197472
0.8165343,-1.2620857,-15.227191,0.12052221,0.818686,0.28736413,0.48233762
1.1122781,-0.54134417,-14.946912,0.6334422,0.4805576,-0.5652502,0.21978973
0.8174739,-1.2627099,-15.227937,0.12054317,0.8182606,0.28765765,0.48287892
1.1127176,-0.54157734,-14.947251,0.6333965,0.48010024,-0.5655861,0.2200568
0.8184081,-1.2623512,-15.22868,0.12042852,0.8178453,0.28792736,0.48345014
1.112795,-0.54179096,-14.947564,0.6333786,0.4798453,-0.56574756,0.22024916
0.8204917,-1.261982,-15.229444,0.12031639,0.8173045,0.2883297,0.4841522
1.1128662,-0.541987,-14.94785,0.63338315,0.47959635,-0.5658947,0.22040062
0.82254463,-1.2616183,-15.230197,0.12021403,0.816803,0.2886288,0.48484528
1.1129315,-0.5421673,-14.9481125,0.6333033,0.4793929,-0.5660569,0.22065617
0.82449436,-1.2612727,-15.230911,0.12014855,0.8162929,0.28904977,0.4854693
1.1129917,-0.54233336,-14.948356,0.63324153,0.47918814,-0.5662095,0.22088641
0.82790023,-1.2609407,-15.231599,0.12008731,0.8157312,0.2893625,0.48624173
1.1127822,-0.54222167,-14.94858,0.6332793,0.47902054,-0.56627434,0.22097534
0.831026,-1.2606359,-15.23223,0.120023355,0.8151833,0.2897748,0.4869305
1.1130922,-0.5423701,-14.948787,0.63318837,0.47878158,-0.566518,0.22112913
0.8319626,-1.2603767,-15.232766,0.1199511,0.8147487,0.29012343,0.48746774
1.1131407,-0.54250985,-14.948981,0.63319397,0.4785793,-0.5666465,0.22122182
0.8327497,-1.2601589,-15.233216,0.11966352,0.81404424,0.29063734,0.48840827
1.1131927,-0.5426599,-14.94919,0.63323,0.47845232,-0.56672174,0.2212007
0.83737844,-1.2599614,-15.235583,0.119547784,0.8133279,0.29106,0.48937732
1.1132495,-0.5425225,-14.949419,0.63318586,0.47844648,-0.56675017,0.22126688
0.8391596,-1.2597994,-15.235508,0.11918649,0.81281835,0.29147366,0.4900655
1.11331,-0.542707,-14.949661,0.63319117,0.47847608,-0.56668556,0.22135279
0.8406004,-1.2596682,-15.235447,0.11891068,0.8123674,0.2919353,0.49060494
1.1133741,-0.5429027,-14.949919,0.63321155,0.478548,-0.56655914,0.22146271
0.8417563,-1.2595631,-15.237508,0.11862057,0.81199795,0.29223633,0.49110746
1.1134416,-0.54271156,-14.95019,0.63314635,0.47874057,-0.56640506,0.22162701
0.84497505,-1.2572209,-15.239226,0.11845752,0.8116035,0.29246292,0.49166363
1.1135123,-0.5425114,-14.950474,0.63309425,0.478882,-0.56630284,0.22173163
0.84517926,-1.2576714,-15.23831,0.11835195,0.8113829,0.2926424,0.49194628
1.1131023,-0.5422976,-14.950776,0.6331278,0.47902283,-0.5661136,0.22181499
0.8453357,-1.2580163,-15.239795,0.118400104,0.8111432,0.2928435,0.49221018
1.113689,-0.542093,-14.951066,0.6330469,0.47913972,-0.56603175,0.22200185
0.84545606,-1.2582816,-15.240936,0.11830059,0.8109362,0.29306886,0.49244106
1.1132379,-0.5424083,-14.951361,0.6330832,0.47922218,-0.56586844,0.2221367
0.8456205,-1.2564815,-15.242496,0.11809689,0.810677,0.29334378,0.49275294
1.1134397,-0.542512,-14.951943,0.63311315,0.47939533,-0.5655903,0.22238585
0.8479024,-1.2571082,-15.243037,0.11814912,0.8104835,0.29341337,0.4930171
1.1135381,-0.542246,-14.952229,0.63310045,0.47946495,-0.5654922,0.22252126
0.8496947,-1.2576004,-15.2434635,0.118156016,0.81028336,0.2934913,0.493298
1.1136351,-0.54198444,-14.952508,0.63313365,0.47950527,-0.5653954,0.22258604
0.8488221,-1.2557712,-15.243776,0.11805323,0.8103114,0.2934166,0.49332103
1.1137275,-0.5423821,-14.952776,0.6331948,0.4795167,-0.56528157,0.2226768
0.85038507,-1.254317,-15.244025,0.118012935,0.810179,0.29333785,0.49359494
1.1131486,-0.5427649,-14.9530325,0.6332595,0.479536,-0.5651635,0.22275077
0.8493664,-1.2532481,-15.244208,0.117927,0.81024,0.2931281,0.49363986
1.1125863,-0.5424396,-14.953282,0.6332977,0.479553,-0.56508714,0.22279938
0.8486036,-1.2503521,-15.244346,0.117727645,0.81037563,0.29284623,0.4936321
1.1127656,-0.5421316,-14.953519,0.63329965,0.47956204,-0.56504965,0.22286917
0.8480221,-1.2501874,-15.244451,0.117731944,0.81038207,0.29282168,0.4936351
1.1122062,-0.5425687,-14.953743,0.63334537,0.4795875,-0.5649522,0.22293158
0.8496486,-1.2500541,-15.2445345,0.11772608,0.81036234,0.29271176,0.49373412
1.1124207,-0.54224026,-14.953952,0.6333519,0.479574,-0.564936,0.2229831
0.8488494,-1.2479217,-15.244599,0.117529996,0.81054056,0.29251,0.49360788
1.111871,-0.5426824,-14.954148,0.6334068,0.4795534,-0.5648674,0.22304522
0.84824336,-1.2482581,-15.244647,0.11750266,0.8105911,0.29236102,0.49361962
1.1121144,-0.54308677,-14.9543295,0.6334184,0.4795103,-0.56486696,0.22310647
0.84777564,-1.2485178,-15.244685,0.11756386,0.8106442,0.29216018,0.49363685
1.1123383,-0.54345876,-14.954494,0.63343406,0.47945437,-0.56488085,0.22314692
0.8474098,-1.2487206,-15.244714,0.11757172,0.81071764,0.2921084,0.4935449
1.111787,-0.5438107,-14.954652,0.63347065,0.47940916,-0.56487054,0.22316615
0.845378,-1.2488766,-15.244737,0.11757657,0.81092197,0.29191428,0.49332285
1.1112648,-0.5441441,-14.954801,0.6334851,0.4793394,-0.56491005,0.22317518
0.84546274,-1.2489977,-15.244754,0.11765451,0.8109416,0.2918171,0.49332955
1.1115673,-0.5444469,-14.954936,0.63349694,0.47926134,-0.56495154,0.22320403
0.8472037,-1.2490983,-15.244768,0.11778299,0.8109464,0.29151276,0.49347088
1.1118356,-0.54396564,-14.955055,0.63349146,0.4791969,-0.56500435,0.22322439
0.8469756,-1.2491801,-15.24478,0.11784322,0.8110599,0.2912657,0.49341592
1.1120812,-0.54426956,-14.955166,0.6335063,0.47910383,-0.5650574,0.22324777
0.8452377,-1.2492445,-15.244789,0.11785611,0.81130236,0.29096478,0.49319148
1.1123067,-0.5445488,-14.955267,0.6335069,0.47897974,-0.5651457,0.2232888
0.8453346,-1.2478151,-15.244796,0.11778105,0.81143534,0.2908259,0.49307263
1.1132085,-0.5447936,-14.955355,0.63348544,0.4788437,-0.565262,0.22334696
0.8454141,-1.248078,-15.244802,0.11781997,0.8115474,0.2907115,0.49294648
1.1140169,-0.5456941,-14.955435,0.633505,0.4786458,-0.56538177,0.22341274
0.84548104,-1.2482994,-15.244807,0.117901094,0.8116056,0.2906895,0.49284425
1.1140838,-0.54519296,-14.955504,0.6334912,0.47847158,-0.5655265,0.22345863
0.84553885,-1.2470533,-15.244811,0.117894046,0.81163913,0.29060236,0.49284205
1.1141472,-0.54603815,-14.955572,0.6335319,0.478207,-0.5656731,0.22353843
0.84422034,-1.2474117,-15.244815,0.11783918,0.81171334,0.29064062,0.4927103
1.114207,-0.54616725,-14.955634,0.63354015,0.47796556,-0.5658492,0.22358565
0.8444425,-1.2477039,-15.244819,0.1178196,0.81168324,0.2906517,0.49275813
1.1142635,-0.546289,-14.955694,0.6335523,0.4777043,-0.56602937,0.22365357
0.8459311,-1.2479564,-15.244821,0.11792957,0.81158066,0.29065543,0.4928986
1.1143168,-0.5464037,-14.95575,0.6335436,0.47741705,-0.56624484,0.22374591
0.8486033,-1.2495229,-15.244823,0.11809422,0.81140894,0.29074714,0.49308768
1.1150428,-0.54650855,-14.9558,0.6334658,0.47713274,-0.5665189,0.22387883
0.8495435,-1.2508446,-15.244825,0.118248805,0.8113501,0.29078794,0.4931233
1.1157175,-0.546606,-14.955848,0.6334793,0.4767492,-0.56678253,0.22399074
0.8517891,-1.2520497,-15.244826,0.118428856,0.8112307,0.29078785,0.49327666
1.1163516,-0.54669756,-14.955892,0.63337046,0.47644815,-0.56708294,0.2241788
0.85233545,-1.2516836,-15.244828,0.11838709,0.81118345,0.29074198,0.49339142
1.1169754,-0.54751295,-14.9559355,0.63340133,0.47608337,-0.56729,0.22434242
0.8528108,-1.2513651,-15.244829,0.1183864,0.8111482,0.29066128,0.493497
1.1175628,-0.54754204,-14.9559765,0.6333204,0.47578228,-0.56756985,0.22450194
0.85322154,-1.2510898,-15.24483,0.118340075,0.81106806,0.29057044,0.4936934
1.118117,-0.54756945,-14.956016,0.6332301,0.47559556,-0.5677846,0.22460896
0.8521462,-1.2508686,-15.244831,0.11824535,0.81109536,0.29039535,0.4937742
1.1178703,-0.54835725,-14.956052,0.63326806,0.47537374,-0.56786525,0.22476767
0.8512741,-1.249354,-15.244833,0.11806852,0.8111261,0.29022726,0.49386492
1.1184134,-0.54831976,-14.956085,0.63316935,0.47526708,-0.5679881,0.22496092
0.85183704,-1.2480971,-15.244834,0.11791515,0.81112164,0.29002842,0.49402565
1.1189216,-0.54828465,-14.956118,0.6330739,0.47523433,-0.56805325,0.22513413
0.85233116,-1.2482978,-15.244834,0.117785774,0.8110538,0.28998163,0.4941952
1.1186154,-0.5482539,-14.956145,0.6330098,0.475226,-0.56807196,0.22528483
0.8527719,-1.2471313,-15.244834,0.11769625,0.8109882,0.28979728,0.49443233
1.1190941,-0.548225,-14.956171,0.63289624,0.4751966,-0.56810355,0.22558562
0.8518536,-1.2461782,-15.244834,0.11720492,0.81097156,0.2896183,0.4946812
1.1180563,-0.5481997,-14.956194,0.6329414,0.47548398,-0.5677309,0.22579153
0.8510973,-1.245393,-15.244834,0.116801575,0.8109151,0.2895451,0.49491194
1.1178368,-0.54817754,-14.956214,0.6329821,0.47572955,-0.56739336,0.22600882
0.8516593,-1.2446969,-15.244834,0.1166312,0.81085384,0.28938058,0.4951487
1.1183006,-0.54815793,-14.956231,0.6328978,0.4759188,-0.567237,0.2262387
0.85095364,-1.2441202,-15.244834,0.11630428,0.8108653,0.28939587,0.4951979
1.1187307,-0.5481398,-14.956247,0.63285846,0.47611183,-0.5670528,0.22640431
0.85152715,-1.2435936,-15.244834,0.116105214,0.81082785,0.28924954,0.49539122
1.1191413,-0.5481225,-14.956263,0.63282114,0.47624928,-0.5669379,0.226507
0.85084575,-1.2431567,-15.244834,0.1159734,0.81082165,0.28913707,0.4954979
1.1188675,-0.5474705,-14.956277,0.6328293,0.4764201,-0.566775,0.22653297
0.8527173,-1.2427373,-15.244834,0.11599513,0.8107673,0.28901452,0.49565333
1.1192294,-0.5468921,-14.95629,0.6327974,0.47657672,-0.5666656,0.22656639
0.8530902,-1.2423629,-15.244834,0.11597583,0.81081307,0.28890103,0.4956492
1.118977,-0.54695183,-14.956301,0.6328221,0.47669408,-0.5665328,0.22658235
0.8521637,-1.2420552,-15.246067,0.115940556,0.8108832,0.28883055,0.49558374
1.1187515,-0.54700524,-14.956309,0.6328719,0.47678185,-0.5663908,0.22661373
0.85259145,-1.2417855,-15.245909,0.115988456,0.81096166,0.28871024,0.49551427
1.119068,-0.5465344,-14.956318,0.6328384,0.47685474,-0.5663686,0.2266093
0.85297143,-1.241546,-15.245768,0.11607816,0.8109821,0.28860512,0.495521
1.1193572,-0.5466051,-14.9563265,0.6328487,0.47688112,-0.5663082,0.22667617
0.8533072,-1.2413343,-15.245644,0.11613945,0.8110545,0.28846782,0.4954681
1.1191419,-0.54666877,-14.956333,0.63286364,0.4769219,-0.5662539,0.22668429
0.8536024,-1.2411482,-15.245534,0.11616762,0.81110746,0.28831667,0.49546286
1.1194068,-0.54626304,-14.95634,0.6328647,0.47692773,-0.5662508,0.22667672
0.85260195,-1.2397518,-15.245444,0.116135195,0.81118304,0.28821364,0.49540657
1.1196713,-0.5463457,-14.956347,0.63285553,0.4769196,-0.5662682,0.22667599
0.8529772,-1.2397796,-15.245365,0.11612174,0.811231,0.28813884,0.49537465
1.1199348,-0.546428,-14.956354,0.63282967,0.47687632,-0.5663201,0.22670951
0.85330766,-1.239804,-15.246565,0.11608061,0.811238,0.2880478,0.49542585
1.1196855,-0.54650205,-14.95636,0.6328605,0.4768055,-0.56635165,0.22669348
0.85359406,-1.2398251,-15.246337,0.11620211,0.8112209,0.287976,0.49546707
1.1194606,-0.5465688,-14.956367,0.63288796,0.47672284,-0.5664009,0.22666787
0.852598,-1.2386041,-15.247382,0.11619349,0.8112482,0.2878358,0.49550584
1.1197057,-0.54663163,-14.95637,0.6328895,0.4766234,-0.56649095,0.2266476
0.85295093,-1.2399478,-15.24707,0.1163825,0.8112005,0.28781164,0.4955537
1.1199516,-0.54669464,-14.956375,0.6328793,0.4764945,-0.566611,0.22664681
0.853245,-1.2399497,-15.247929,0.11650174,0.81115395,0.28766957,0.49568436
1.120184,-0.5462757,-14.95638,0.6328473,0.47631243,-0.5668055,0.22663258
0.8535134,-1.238797,-15.247557,0.11659129,0.81117463,0.2875222,0.49571484
1.1199391,-0.5463521,-14.956385,0.63286835,0.47609502,-0.56696826,0.2266238
0.85264087,-1.2389302,-15.247246,0.11668344,0.81122804,0.2873895,0.49568278
1.1201614,-0.5464252,-14.956389,0.632877,0.475809,-0.5672171,0.22657758
0.85294855,-1.2390424,-15.2469845,0.116775565,0.8112108,0.28727496,0.49575564
1.1203847,-0.54649866,-14.956394,0.63284665,0.4755421,-0.5674839,0.2265545
0.8522193,-1.2381475,-15.246764,0.11681077,0.81129754,0.28712705,0.49569118
1.1206095,-0.54708326,-14.956399,0.6328651,0.47516453,-0.5677611,0.22660048
0.8525389,-1.2383255,-15.246575,0.116928086,0.81129247,0.2870647,0.49570772
1.120833,-0.5471283,-14.956404,0.6329006,0.47482377,-0.5680024,0.2266109
0.85282326,-1.238484,-15.2464075,0.11699996,0.81127745,0.28695485,0.49577895
1.1210538,-0.5471728,-14.956408,0.63290226,0.47445378,-0.56831,0.22661014
0.8530969,-1.2376463,-15.246245,0.11704466,0.81125915,0.28679237,0.49589244
1.1219429,-0.5472213,-14.956411,0.63280463,0.47402313,-0.56875616,0.2266648
0.8533566,-1.2368512,-15.246092,0.11708695,0.81125814,0.28667274,0.49595338
1.1221292,-0.547268,-14.956416,0.632809,0.47357342,-0.5691443,0.2266183
0.85360354,-1.2360951,-15.247065,0.11712265,0.8112258,0.28658378,0.4960493
1.1223079,-0.5473127,-14.95642,0.6328065,0.47315678,-0.5694767,0.22666065
0.8527484,-1.2365229,-15.246818,0.11722875,0.81119096,0.28656676,0.49609092
1.1232799,-0.5473599,-14.956425,0.63274837,0.47268215,-0.56993735,0.22665529
0.85304105,-1.2358617,-15.247636,0.117273375,0.8111036,0.28650093,0.4962613
1.1253303,-0.5474129,-14.9564295,0.63261557,0.4722932,-0.5703779,0.22672854
0.8523108,-1.2362794,-15.247351,0.117315575,0.8110777,0.2864926,0.49629843
1.126293,-0.5474646,-14.956434,0.63261485,0.4719485,-0.57068694,0.22667049
0.85261726,-1.2366358,-15.2471075,0.117350005,0.8109991,0.2865598,0.4963799
1.1261173,-0.5475094,-14.956438,0.632725,0.47163507,-0.5709103,0.22645277
0.8537633,-1.2369416,-15.246899,0.11744202,0.81083417,0.2866728,0.4965623
1.1282852,-0.5475561,-14.956442,0.6325877,0.47142336,-0.57124335,0.22643763
0.8539131,-1.2372054,-15.246719,0.117476575,0.81072986,0.28675416,0.49667743
1.1290487,-0.54759914,-14.956446,0.6325755,0.471214,-0.57140326,0.2265039
0.854892,-1.237447,-15.246555,0.11751034,0.8106066,0.28686705,0.4968054
1.1297425,-0.54763824,-14.9564495,0.6326147,0.4711689,-0.57144535,0.22638227
0.85494155,-1.2376591,-15.24641,0.117573306,0.81049293,0.2870119,0.49689227
1.130365,-0.54767334,-14.956453,0.63258964,0.4711664,-0.57153815,0.22622305
0.8558625,-1.2378682,-15.247141,0.11757702,0.8103933,0.2870411,0.49703705
1.1309125,-0.54906553,-14.956455,0.63265544,0.47109485,-0.57153773,0.22618878
0.85582936,-1.2380496,-15.246941,0.11752602,0.8103556,0.28713587,0.4970557
1.1313921,-0.5488959,-14.956457,0.6325843,0.47114262,-0.57162297,0.22607297
0.8566722,-1.2382239,-15.24675,0.11756311,0.81027097,0.28721866,0.4971372
1.1318091,-0.5501601,-14.95646,0.63260496,0.4710932,-0.5716243,0.22611476
0.85656744,-1.2383769,-15.247426,0.11753887,0.8102732,0.28727698,0.49710557
1.1321667,-0.5498251,-14.956462,0.63256115,0.47119108,-0.57160336,0.22608608
0.8564742,-1.2385129,-15.248028,0.117648266,0.8102414,0.28728327,0.49712792
1.131108,-0.5495539,-14.956464,0.63260037,0.4712903,-0.57154554,0.22591609
0.8563905,-1.2386352,-15.248569,0.11764903,0.81024486,0.2872825,0.4971226
1.1302434,-0.5493323,-14.956465,0.63257974,0.47135678,-0.5715147,0.22591308
0.8563146,-1.238746,-15.249059,0.11770001,0.8102799,0.28725892,0.49706703
1.131965,-0.5491499,-14.956466,0.63249725,0.4713751,-0.57158315,0.22593237
0.8562454,-1.238847,-15.249506,0.11771278,0.81037086,0.28715512,0.49697572
1.1310816,-0.54899853,-14.956467,0.6326353,0.4713333,-0.5715047,0.2258314
0.856185,-1.2389351,-15.249139,0.117687315,0.81047267,0.28712454,0.49683324
1.1303433,-0.54887205,-14.956469,0.6326798,0.47136664,-0.5714506,0.22577408
0.8561281,-1.2382425,-15.249567,0.117657624,0.810559,0.28700426,0.49676907
1.1307652,-0.54772234,-14.956469,0.63271075,0.4712682,-0.57153636,0.22567612
0.85691756,-1.2383941,-15.249996,0.11776209,0.81055516,0.2869814,0.49676374
1.1301315,-0.54773974,-14.956469,0.6328204,0.47111502,-0.5715349,0.22569221
0.855993,-1.2377212,-15.250369,0.11790326,0.810841,0.28668535,0.49643454
1.1305331,-0.5477546,-14.956469,0.632979,0.47051907,-0.57197547,0.22537437
0.85595214,-1.2378997,-15.249929,0.11810913,0.8110367,0.28643999,0.49620762
1.1308773,-0.54866177,-14.956469,0.63311434,0.47003204,-0.5722998,0.22518711
0.85519063,-1.2380555,-15.249545,0.11825828,0.8112226,0.28626513,0.49596882
1.1311858,-0.54947525,-14.956469,0.63331693,0.4695483,-0.57255507,0.2249774
0.8545218,-1.2381924,-15.249207,0.118396744,0.81138825,0.286087,0.4957677
1.1306119,-0.5493368,-14.956469,0.6334462,0.4692128,-0.5727978,0.22469543
0.853932,-1.2383132,-15.249563,0.118497945,0.8115469,0.2858922,0.49559605
1.1309161,-0.5500234,-14.956469,0.63352704,0.46890152,-0.57298076,0.2246508
0.8546545,-1.2384201,-15.24988,0.1186569,0.811626,0.28575873,0.49550554
1.1312107,-0.550688,-14.956469,0.63355875,0.46868652,-0.5731482,0.22458272
0.8547052,-1.2391064,-15.250162,0.11877551,0.81173277,0.28565925,0.49535963
1.1306543,-0.5512633,-14.956469,0.6338556,0.46845734,-0.57309955,0.22434738
0.85418886,-1.2391565,-15.250413,0.118870236,0.81186867,0.28554413,0.49518058
1.1309706,-0.551815,-14.957319,0.63389885,0.46821773,-0.57328844,0.22424299
0.8537269,-1.2392014,-15.250637,0.11898032,0.8119804,0.28545475,0.49502242
1.1312742,-0.55234456,-14.95724,0.6339199,0.46805164,-0.57340646,0.22422847
0.85331243,-1.2392416,-15.250837,0.11904199,0.8121167,0.28536382,0.49483648
1.1315713,-0.5528629,-14.958128,0.63393426,0.4679137,-0.57353526,0.22414634
0.8529395,-1.2397593,-15.251019,0.11914735,0.812237,0.28526956,0.4946678
1.1330025,-0.55340415,-14.959057,0.63383275,0.46780154,-0.5736565,0.22435687
0.85214543,-1.2397691,-15.251182,0.11922424,0.8123749,0.285188,0.49446997
1.1331521,-0.553903,-14.959912,0.63394135,0.4675584,-0.5738169,0.22414674
0.85186154,-1.2393434,-15.251329,0.11928301,0.81248665,0.28507462,0.49433747
1.1332793,-0.55319434,-14.960639,0.6339915,0.46752393,-0.57384,0.22401775
0.8511912,-1.2393701,-15.251463,0.11934638,0.8126102,0.28500506,0.49415916
1.1333961,-0.5537232,-14.9613085,0.6341257,0.4673259,-0.5738462,0.22403485
0.850974,-1.2393943,-15.251585,0.1194205,0.8127118,0.28492102,0.49402267
1.1348165,-0.5542371,-14.961957,0.63403785,0.46722266,-0.57401556,0.22406535
0.8507761,-1.2397889,-15.251697,0.119542874,0.8127901,0.28488284,0.4938863
1.1334995,-0.554659,-14.96249,0.634129,0.4672041,-0.5739502,0.2240134
0.8505953,-1.2394415,-15.251798,0.119591065,0.8128863,0.28478855,0.49377057
1.1324099,-0.55382866,-14.961752,0.6341377,0.4672262,-0.57397527,0.22387844
0.8504175,-1.2394612,-15.251897,0.119640075,0.8129842,0.28469613,0.4936508
1.1326221,-0.5531366,-14.961137,0.6339856,0.4671366,-0.5741935,0.22393653
0.8498135,-1.2394825,-15.252007,0.11972716,0.81304526,0.28464198,0.49356043
1.1328003,-0.55362016,-14.960621,0.6340096,0.4669976,-0.57426435,0.22397672
0.84963435,-1.2395045,-15.252118,0.1197936,0.81308293,0.28460833,0.49350157
1.1329509,-0.5540287,-14.960184,0.6339451,0.4669092,-0.5743505,0.22412275
0.84947187,-1.2399389,-15.251803,0.11990955,0.8131013,0.28457028,0.4934652
1.1330789,-0.55437595,-14.959813,0.63390124,0.46684796,-0.5744402,0.22414462
0.84971803,-1.2399398,-15.251518,0.11999989,0.8130958,0.28449097,0.49349788
1.1341009,-0.5546729,-14.9594965,0.633731,0.46682042,-0.57461673,0.22423083
0.8499424,-1.2399409,-15.251258,0.12009554,0.8130773,0.2844335,0.49353826
1.1341126,-0.5549282,-14.959225,0.6337793,0.46667615,-0.5746918,0.22420233
0.84979165,-1.2402973,-15.25102,0.12014346,0.81302977,0.28446206,0.4935884
1.1341233,-0.5551586,-14.958978,0.63378596,0.46659508,-0.5746628,0.22442609
0.8496538,-1.2402855,-15.250804,0.12015295,0.813007,0.28443944,0.4936366
1.1341325,-0.554541,-14.958766,0.6336891,0.4664817,-0.57487786,0.2243847
0.8495275,-1.239954,-15.250605,0.12012574,0.8129783,0.28436908,0.4937311
1.1349894,-0.5548024,-14.958564,0.63362753,0.46626192,-0.575028,0.22463034
0.84941137,-1.2399542,-15.250422,0.12011828,0.8129382,0.2843858,0.49378937
1.135843,-0.5550628,-14.958362,0.63365245,0.4659746,-0.5752232,0.22465664
0.8495942,-1.2399545,-15.250254,0.120119065,0.8128756,0.28440657,0.49388012
1.1356915,-0.5552922,-14.958184,0.6336946,0.4658764,-0.57526076,0.2246452
0.8497626,-1.2399548,-15.250098,0.120112814,0.8128355,0.28443372,0.49393204
1.1365213,-0.5555173,-14.95801,0.6336302,0.46564463,-0.57550305,0.22468662
0.84965676,-1.2399551,-15.249955,0.12010446,0.8128251,0.28447324,0.4939285
1.1362964,-0.55571246,-14.957858,0.6337114,0.4654545,-0.57554126,0.2247537
0.84980714,-1.2399554,-15.249823,0.12011567,0.8127831,0.28446013,0.4940023
1.1370935,-0.55590165,-14.957712,0.63363093,0.4653056,-0.57572806,0.22481054
0.84947467,-1.2401916,-15.249701,0.12011033,0.8127705,0.28450802,0.4939968
1.1368046,-0.5560633,-14.957586,0.6337267,0.46513477,-0.5757962,0.22471972
0.84939057,-1.2401862,-15.249587,0.12010295,0.8127374,0.28450993,0.49405202
1.1365553,-0.5562028,-14.957479,0.6337164,0.46504566,-0.57588845,0.22469671
0.8495254,-1.2401814,-15.249481,0.12009671,0.81268,0.28452265,0.4941406
1.1373129,-0.5563381,-14.957374,0.6335601,0.4648247,-0.5761687,0.22487625
0.8496507,-1.2399746,-15.249586,0.12007329,0.8126119,0.28452322,0.49425796
1.1380346,-0.5564669,-14.957274,0.6334966,0.4646132,-0.57644254,0.22479051
0.849575,-1.2399745,-15.249491,0.12007723,0.8125889,0.2845285,0.49429178
1.1387115,-0.55658764,-14.95718,0.633307,0.46439818,-0.5767846,0.22489147
0.84969306,-1.2399744,-15.249591,0.12007144,0.8125272,0.2845632,0.49437463
1.1382154,-0.556689,-14.957102,0.63346297,0.46417004,-0.57675135,0.22500852
0.84980875,-1.2401663,-15.249688,0.12009294,0.81245035,0.2846074,0.49447024
1.1388545,-0.5567815,-14.95703,0.6334664,0.46399155,-0.5768848,0.22502458
0.8499222,-1.2401624,-15.249783,0.12010562,0.81237835,0.28465053,0.4945607
1.1394472,-0.55686724,-14.9569645,0.63332427,0.463882,-0.57706314,0.22519353
0.8498411,-1.2401584,-15.249877,0.1200612,0.81234366,0.28467456,0.49461457
1.1388555,-0.55803,-14.956908,0.6336041,0.46362278,-0.5769465,0.22523904
0.8499539,-1.2401546,-15.249969,0.12003865,0.8122918,0.28469014,0.49469617
1.1394403,-0.55796826,-14.956858,0.63355404,0.46340764,-0.57713723,0.22533365
0.8498721,-1.2399585,-15.250057,0.11998813,0.81225276,0.2847058,0.4947635
1.1388601,-0.5568459,-14.957886,0.63370067,0.46330062,-0.5771628,0.22507602
0.8499842,-1.2399586,-15.250145,0.11997191,0.8122131,0.28471482,0.49482733
1.1393874,-0.55691546,-14.958753,0.63375896,0.46318078,-0.5771732,0.22513203
0.8500942,-1.2399588,-15.250231,0.11995902,0.81217784,0.2847182,0.49488643
1.13985,-0.5569765,-14.959514,0.6337514,0.4631217,-0.5771984,0.22521004
0.8500096,-1.2399589,-15.250316,0.11993669,0.81216466,0.2847182,0.49491358
1.1392958,-0.5570285,-14.960162,0.6338526,0.46294278,-0.5772569,0.22514299
0.84992677,-1.2399591,-15.250398,0.11993534,0.81215286,0.28468505,0.4949522
1.1397539,-0.55707633,-14.960759,0.63391155,0.4625264,-0.5775302,0.22513211
0.8498456,-1.2399592,-15.250479,0.1199686,0.8121403,0.28461027,0.4950078
1.1401879,-0.55712163,-14.961325,0.63391757,0.46219978,-0.5777436,0.22523846
0.849766,-1.2399594,-15.250559,0.12001226,0.81213886,0.28452218,0.49505028
1.14061,-0.5582757,-14.961874,0.63399506,0.46198246,-0.5776941,0.22559276
0.84968805,-1.2399595,-15.250636,0.12004225,0.812132,0.28439686,0.4951262
1.1410117,-0.55937415,-14.962397,0.6340813,0.46169677,-0.5778001,0.22566365
0.84980386,-1.2399597,-15.250712,0.12009527,0.8120963,0.28429043,0.4952331
1.1413865,-0.56039864,-14.962885,0.63401985,0.46152568,-0.5779336,0.22584447
0.84991735,-1.2397676,-15.250787,0.12014454,0.8120779,0.28410548,0.49535733
1.1417295,-0.56133646,-14.963332,0.6341061,0.4613956,-0.5779031,0.22594613
0.85002863,-1.2397715,-15.25086,0.120231315,0.8120519,0.28395134,0.49546725
1.1407349,-0.5621029,-14.963697,0.63424444,0.46141443,-0.5777295,0.22596318
0.84994537,-1.2397753,-15.250932,0.120321915,0.8120379,0.28381452,0.49554667
1.1411335,-0.5615131,-14.964004,0.6341961,0.46145174,-0.57774365,0.22598663
0.84986246,-1.2397791,-15.251003,0.12046714,0.81203246,0.28366533,0.49560568
1.1414746,-0.56100845,-14.964265,0.63423616,0.46159652,-0.5775747,0.22601043
0.84998,-1.2397829,-15.251075,0.1206411,0.812052,0.28347006,0.4956431
1.1406085,-0.5605894,-14.964482,0.63437796,0.46168694,-0.5773793,0.22592705
0.8498845,-1.2397872,-15.251153,0.12077254,0.8121538,0.28327692,0.49555457
1.1409874,-0.5613537,-14.964669,0.6345156,0.46163315,-0.57721555,0.22606859
0.8495142,-1.239792,-15.251243,0.12091317,0.812299,0.2830601,0.49540624
1.1413159,-0.5609107,-14.964832,0.63445747,0.46177557,-0.57715297,0.22610064
0.8494049,-1.2397971,-15.251339,0.12113004,0.8123956,0.28287226,0.4953022
1.1405416,-0.56053823,-14.96497,0.6345743,0.46175534,-0.5770519,0.22607209
0.8492621,-1.2394162,-15.251851,0.12123659,0.8125409,0.28257,0.4952102
1.1408947,-0.5612417,-14.96509,0.6346182,0.4617963,-0.57695323,0.22611712
0.8485794,-1.239445,-15.252492,0.121369,0.8126701,0.28234598,0.49509367
1.1412046,-0.56084883,-14.965194,0.6345067,0.461927,-0.5769715,0.22611675
0.8477755,-1.239479,-15.253246,0.12143039,0.81276464,0.28222775,0.49499068
1.1414783,-0.56050193,-14.965287,0.6344655,0.46205646,-0.57687205,0.2262212
0.84763503,-1.2395147,-15.254044,0.12153434,0.81274194,0.28216797,0.49503666
1.1398172,-0.5602065,-14.965365,0.6346239,0.46222273,-0.5765904,0.22615513
0.8474904,-1.2395515,-15.254864,0.12158474,0.81266665,0.2821597,0.4951526
1.1392945,-0.5608531,-14.965432,0.63467115,0.4623839,-0.57637787,0.22623503
0.8473448,-1.2395886,-15.255688,0.12159017,0.8125825,0.28216246,0.49528784
1.1388443,-0.5605553,-14.965489,0.63466233,0.46257454,-0.5762088,0.22630094
0.8462179,-1.2386501,-15.256538,0.12144388,0.81253535,0.28219864,0.49538022
1.1384546,-0.5602975,-14.96554,0.6346364,0.46277776,-0.57602614,0.22642314
0.84618026,-1.238791,-15.257345,0.12139198,0.81237084,0.2822791,0.49561694
1.1381156,-0.56007326,-14.965584,0.63455236,0.46298963,-0.57589823,0.22655055
0.8461451,-1.2389231,-15.2581005,0.12125385,0.8122042,0.28239694,0.4958567
1.1378195,-0.5598774,-14.965622,0.6345678,0.46318403,-0.57569313,0.2266313
0.8461125,-1.2390453,-15.2588,0.12113275,0.8120035,0.28249606,0.49615842
1.1375597,-0.55970544,-14.965656,0.6344969,0.46338823,-0.5755759,0.22671013
0.84608275,-1.239157,-15.259439,0.12099424,0.8118218,0.2825704,0.49644718
1.1379919,-0.5595539,-14.965686,0.6343762,0.46354872,-0.5755378,0.22681671
0.8471856,-1.2381237,-15.259981,0.12077331,0.81161153,0.2826035,0.49682575
1.1377461,-0.55941993,-14.965712,0.63434786,0.46369168,-0.57540524,0.2269398
0.8480353,-1.2352152,-15.260906,0.1201418,0.8111513,0.28277642,0.49763146
1.1373334,-0.5591949,-14.965756,0.6342713,0.46379966,-0.57531655,0.22715801
0.8499709,-1.2346632,-15.261264,0.119799905,0.81082946,0.28290704,0.49816382
1.1376983,-0.5591001,-14.965775,0.6342032,0.4637345,-0.5753646,0.22735941
0.8505903,-1.2341785,-15.261579,0.119491816,0.8105111,0.28309232,0.4986505
1.1380254,-0.55901515,-14.965792,0.6341833,0.46359766,-0.5754172,0.2275606
0.85216683,-1.2337626,-15.261848,0.119222395,0.8101426,0.28326255,0.4992168
1.1383196,-0.5589387,-14.965807,0.6341369,0.4634288,-0.5755297,0.22774933
0.8535524,-1.233397,-15.262085,0.119003445,0.8097706,0.28346074,0.49975982
1.1381232,-0.5588697,-14.965819,0.63413,0.46323606,-0.5756244,0.22792132
0.85472757,-1.2340658,-15.262287,0.118883595,0.8094106,0.28366292,0.5002566
1.1383842,-0.5588073,-14.965831,0.63410354,0.46297264,-0.5757649,0.22817513
0.8548057,-1.2336799,-15.262471,0.11862237,0.80915517,0.28384408,0.5006289
1.138621,-0.5587508,-14.965842,0.63404846,0.46255106,-0.57602847,0.22851783
0.85487723,-1.2333268,-15.26264,0.11836613,0.8088602,0.28406018,0.5010435
1.1388632,-0.5591389,-14.965854,0.6340363,0.4620533,-0.5762905,0.22889757
0.85596824,-1.2330091,-15.262792,0.118227065,0.80849874,0.28420746,0.50157595
1.138659,-0.5590668,-14.965864,0.63405055,0.46159384,-0.57653654,0.22916535
0.85695493,-1.2327218,-15.262929,0.11800163,0.8083181,0.28422558,0.5019098
1.1389005,-0.5594417,-14.965875,0.6340154,0.4609562,-0.576898,0.2296361
0.857849,-1.2324615,-15.263053,0.11786545,0.8080342,0.28432897,0.50234014
1.1391605,-0.5598453,-14.965885,0.63408095,0.46028182,-0.57726043,0.22989672
0.85865897,-1.2322255,-15.263165,0.117865555,0.80781263,0.2843492,0.50268483
1.1394365,-0.5602739,-14.965897,0.63412637,0.4596587,-0.5775316,0.23033682
0.8604963,-1.2320112,-15.2632675,0.11765388,0.80766505,0.2842316,0.503038
1.1397249,-0.5607216,-14.965909,0.6341445,0.45907035,-0.5778634,0.23062766
0.8599389,-1.2318268,-15.263356,0.1174556,0.8076317,0.28416657,0.50317466
1.1408052,-0.5612247,-14.965922,0.63407207,0.45859042,-0.5782833,0.23072912
0.86162674,-1.2316583,-15.263436,0.11739428,0.80751693,0.28409293,0.5034147
1.141875,-0.56091,-14.965937,0.6339111,0.45821583,-0.57872695,0.23080334
0.86203724,-1.2303648,-15.263511,0.11725912,0.80749595,0.28390774,0.5035841
1.1430053,-0.5615156,-14.965951,0.6337725,0.45781338,-0.579199,0.23079842
0.8636859,-1.2303632,-15.264833,0.11715836,0.8073839,0.28380346,0.50384605
1.1430838,-0.56113976,-14.965963,0.6336506,0.45756334,-0.5795684,0.23070182
0.86267114,-1.2291733,-15.264738,0.11702887,0.8074742,0.28357312,0.5038612
1.1441835,-0.56177336,-14.965977,0.6335796,0.45726758,-0.5798264,0.23083478
0.8629844,-1.2293259,-15.265895,0.11708941,0.8074242,0.28352642,0.5039535
1.1441472,-0.5623449,-14.965988,0.63354236,0.4569958,-0.580095,0.23080043
0.8620616,-1.2294521,-15.26567,0.11717206,0.80752516,0.28332722,0.5038846
1.1452476,-0.56290895,-14.966001,0.6333464,0.45678744,-0.58044714,0.23086539
0.86241555,-1.2295573,-15.265482,0.11758455,0.80781543,0.28297636,0.5035201
1.1463013,-0.56344897,-14.966011,0.633431,0.45629346,-0.5808254,0.23065858
0.86272025,-1.2296479,-15.26532,0.11785156,0.80812,0.28263363,0.5031614
1.1472845,-0.5639529,-14.966022,0.6334705,0.45589447,-0.5810867,0.23068097
0.8629768,-1.2307638,-15.264144,0.11826312,0.80832595,0.2824722,0.50282454
1.14972,-0.5644409,-14.966031,0.6334328,0.4556027,-0.5813549,0.23068498
0.86319405,-1.2297338,-15.263148,0.11845734,0.8084797,0.2822761,0.5026417
1.1519744,-0.5648927,-14.96604,0.63351583,0.455261,-0.5815055,0.23075204
0.8643176,-1.2297943,-15.262299,0.11866947,0.80858314,0.28215185,0.5024951
1.1539098,-0.5652805,-14.964371,0.6334023,0.4551865,-0.5816487,0.23084994
0.86438936,-1.229846,-15.261571,0.11886573,0.80872756,0.28201738,0.50229174
1.1538343,-0.56558573,-14.9630575,0.63348526,0.45501807,-0.5816439,0.23096645
0.86529803,-1.2298907,-15.260943,0.11916098,0.8087801,0.28190935,0.5021978
1.1537735,-0.56583107,-14.962002,0.6334641,0.4550679,-0.5816402,0.23093556
0.86528075,-1.2291249,-15.2604,0.119253196,0.8089072,0.28176105,0.50205445
1.1522609,-0.56602675,-14.961159,0.63359725,0.4550285,-0.5815253,0.23093702
0.8645014,-1.2292224,-15.259928,0.11942089,0.8090284,0.28167492,0.5018674
1.1524338,-0.56618434,-14.960481,0.6336751,0.4549933,-0.5814308,0.2310307
0.864546,-1.2293078,-15.259513,0.11958285,0.809131,0.28161657,0.50169617
1.1525743,-0.5663124,-14.959929,0.6335953,0.45512956,-0.5813793,0.23111084
0.86527497,-1.2293828,-15.25915,0.119793616,0.8091973,0.28148767,0.5016114
1.1539952,-0.56511956,-14.959461,0.63339835,0.4552767,-0.58146167,0.23115359
0.8652625,-1.2294488,-15.258829,0.11990895,0.8093355,0.28135866,0.5014332
1.1553162,-0.5654102,-14.959026,0.6333156,0.4552921,-0.5815583,0.23110694
0.8652514,-1.2295073,-15.258545,0.12001932,0.80948424,0.28128156,0.5012098
1.1550528,-0.5656516,-14.958665,0.63335913,0.4553277,-0.5815072,0.23104616
0.8652416,-1.2295593,-15.258293,0.12014092,0.80963236,0.2811325,0.5010251
1.1562604,-0.5658722,-14.958335,0.6333224,0.45536014,-0.5814797,0.231152
0.864671,-1.2296057,-15.258069,0.12021964,0.8098098,0.28101227,0.5007869
1.1558551,-0.56605184,-14.958066,0.6333713,0.45540127,-0.5814544,0.23100075
0.86416066,-1.2296472,-15.257868,0.12033801,0.8099803,0.28092277,0.5005328
1.1555206,-0.56620014,-14.957845,0.633448,0.45543814,-0.5813248,0.23104395
0.8637028,-1.2296844,-15.257688,0.12041451,0.8101513,0.28081796,0.5002965
1.1552416,-0.5663238,-14.957659,0.63350195,0.45549756,-0.5811942,0.23110747
0.8632907,-1.2297179,-15.257525,0.12053583,0.8102979,0.2807288,0.5000798
1.1550122,-0.5664255,-14.958741,0.63349015,0.4556249,-0.5811025,0.23111916
0.86291885,-1.229748,-15.257379,0.120624356,0.8104119,0.2806681,0.49990782
1.154822,-0.56650984,-14.958464,0.6334951,0.45575836,-0.5809685,0.23117948
0.86301714,-1.2297754,-15.257246,0.120731264,0.8104852,0.28062412,0.49978796
1.1535473,-0.5665802,-14.959349,0.6335648,0.45588368,-0.58077395,0.23123041
0.86269325,-1.2298002,-15.257127,0.12082055,0.8105612,0.2805941,0.49965993
1.1535372,-0.56663924,-14.960092,0.63356197,0.45592114,-0.5807218,0.23129506
0.86200655,-1.2298226,-15.257017,0.120862104,0.8106333,0.2806096,0.49952415
1.1535286,-0.56668913,-14.960719,0.6335863,0.4560137,-0.58058023,0.23140113
0.86175346,-1.2298433,-15.256918,0.120959304,0.81068194,0.28062814,0.49941123
1.1535213,-0.56673163,-14.960297,0.6335851,0.45613155,-0.5804673,0.23145564
0.8618764,-1.230216,-15.256826,0.121083476,0.81070477,0.28064856,0.49933264
1.153515,-0.56676793,-14.959935,0.6335386,0.45620507,-0.5804176,0.23156254
0.86144173,-1.23087,-15.256667,0.12125794,0.8107911,0.28067833,0.49913335
1.1535047,-0.5677077,-14.959335,0.6336318,0.45629197,-0.58019453,0.23169538
0.8612534,-1.2311572,-15.256597,0.12135702,0.8108363,0.28068697,0.499031
1.1535003,-0.56765455,-14.959079,0.63370574,0.45636448,-0.58006245,0.23168124
0.86108017,-1.231133,-15.256532,0.1214392,0.8109045,0.2806635,0.4989132
1.1534964,-0.56760705,-14.958849,0.633672,0.4565052,-0.57997334,0.23171915
0.8607732,-1.231617,-15.256416,0.12162823,0.8110486,0.28065836,0.4986359
1.1543275,-0.5675181,-14.95842,0.63360006,0.45670038,-0.5798741,0.23177971
0.86038977,-1.2318317,-15.256367,0.12171398,0.81111133,0.2806842,0.49849823
1.1542476,-0.5674813,-14.958241,0.6335602,0.45684585,-0.57979393,0.23180276
0.8600348,-1.2320304,-15.256319,0.12179733,0.8111816,0.28069574,0.49835703
1.1541768,-0.56744856,-14.958082,0.63356245,0.45694467,-0.5796917,0.23185715
0.8599291,-1.2322146,-15.256276,0.121857375,0.81120396,0.28075165,0.4982745
1.1541097,-0.56831074,-14.957933,0.6335842,0.45700812,-0.57957417,0.23196669
0.85896015,-1.2323809,-15.256149,0.121891245,0.8112738,0.28086627,0.4980878
1.1524187,-0.56811386,-14.957693,0.6336496,0.45726958,-0.5793083,0.23193681
0.8583318,-1.2327449,-15.256067,0.121934436,0.8112734,0.2809467,0.4980326
1.1517357,-0.56803435,-14.958362,0.63364965,0.4573708,-0.5792227,0.23195116
0.85819244,-1.232628,-15.255988,0.12197255,0.81123775,0.28101498,0.4980428
1.1518658,-0.5672374,-14.958946,0.6335751,0.45749006,-0.57921386,0.23194154
0.8574669,-1.23306,-15.255898,0.12203025,0.8111953,0.28112063,0.49803814
1.151289,-0.5672286,-14.959459,0.6335643,0.4575745,-0.57915395,0.23195384
0.85670793,-1.2328827,-15.255803,0.122016475,0.8111613,0.2812046,0.49804953
1.151437,-0.5672209,-14.959912,0.6335042,0.4576659,-0.57914335,0.23196413
0.8566279,-1.232718,-15.255715,0.122018896,0.811109,0.28129923,0.49808073
1.1509442,-0.5672141,-14.960312,0.6334778,0.45776722,-0.5790884,0.23197365
0.85582304,-1.23326,-15.25562,0.12201431,0.8110392,0.28140777,0.49813414
1.1505066,-0.567208,-14.960668,0.6334517,0.4578572,-0.5790476,0.23196915
0.8564817,-1.2337364,-15.255537,0.12205182,0.81092966,0.28153148,0.49823347
1.1506792,-0.56720257,-14.9604225,0.6333808,0.45794472,-0.57903767,0.23201498
0.8556823,-1.2342054,-15.255455,0.122034885,0.8108488,0.2816361,0.49831015
1.150299,-0.56719774,-14.960736,0.6333119,0.45803735,-0.5790245,0.23205292
0.85566676,-1.2346478,-15.255377,0.122023836,0.8107376,0.28174648,0.4984313
1.1499578,-0.56719345,-14.9610195,0.63325137,0.45812735,-0.579,0.23210132
0.8556521,-1.2350644,-15.255304,0.122042164,0.81062394,0.28184834,0.498554
1.1501335,-0.5671895,-14.961274,0.63314664,0.4582077,-0.5790118,0.23219904
0.85707057,-1.2354293,-15.255241,0.12202646,0.81040335,0.2819962,0.4988328
1.1507503,-0.567186,-14.961045,0.63294303,0.45818284,-0.5791783,0.23238796
0.8583178,-1.2350703,-15.255185,0.1219805,0.81016874,0.28213924,0.49914417
1.1513084,-0.56674725,-14.960837,0.63266724,0.45815402,-0.57938415,0.23268224
0.858773,-1.2353991,-15.255136,0.12195514,0.8099537,0.2822832,0.4994179
1.1518146,-0.5667631,-14.9606495,0.63235843,0.45807967,-0.57963485,0.23304377
0.86040354,-1.2356906,-15.255092,0.121941596,0.8096422,0.28247392,0.49981833
1.1518817,-0.5667775,-14.960479,0.6320959,0.45802173,-0.5798075,0.23343974
0.8618537,-1.2359498,-15.2550535,0.1218911,0.80926013,0.28268635,0.50032896
1.1523162,-0.56679064,-14.960322,0.6317142,0.45794564,-0.5800952,0.23390728
0.8637828,-1.2358646,-15.254987,0.12169594,0.8082671,0.28325713,0.50165707
1.153245,-0.5668187,-14.9599905,0.63109607,0.4578415,-0.5804459,0.23490764
0.8643507,-1.2355781,-15.254958,0.12151887,0.8077456,0.28354502,0.50237685
1.153797,-0.5668354,-14.959793,0.63082683,0.45786583,-0.5805718,0.23527205
0.86533684,-1.2357947,-15.254933,0.12133986,0.80721766,0.2838095,0.50311875
1.1537782,-0.5668509,-14.95961,0.63071585,0.4578421,-0.5805512,0.23566625
0.8657764,-1.2355393,-15.254911,0.121127725,0.8067418,0.2840109,0.50381905
1.1543683,-0.5668677,-14.959411,0.630568,0.45783818,-0.5805721,0.23601753
0.8661744,-1.235308,-15.25489,0.120871805,0.80632836,0.28422084,0.5044236
1.1543118,-0.5668831,-14.9592285,0.6305757,0.4578952,-0.5804315,0.23623218
0.8669427,-1.2350981,-15.254871,0.12061694,0.80594665,0.28436357,0.5050139
1.1549273,-0.5668994,-14.959035,0.6304816,0.4579309,-0.580429,0.23642021
0.8676416,-1.235294,-15.254855,0.12042235,0.8055561,0.28460038,0.5055496
1.1548271,-0.56691414,-14.95886,0.6304019,0.4580952,-0.5803188,0.23658474
0.86794263,-1.2354932,-15.254837,0.12024225,0.8052389,0.2847995,0.50598556
1.1547366,-0.56692743,-14.958703,0.63037425,0.4581971,-0.58018285,0.23679456
0.86879367,-1.2357256,-15.254818,0.1201312,0.8048782,0.284948,0.50650203
1.1553556,-0.5669414,-14.958538,0.63027257,0.458373,-0.58009356,0.23694357
0.8691265,-1.2359644,-15.254796,0.11992106,0.8046077,0.2851739,0.50685436
1.1552199,-0.5669538,-14.95839,0.63029134,0.45861584,-0.5798399,0.23704469
0.87007403,-1.2356143,-15.254775,0.1197177,0.8042743,0.28537455,0.5073183
1.1551002,-0.5663129,-14.95826,0.63028157,0.45880044,-0.5797046,0.2370441
0.87097716,-1.2346711,-15.255364,0.11937225,0.80406314,0.28545317,0.50769013
1.1549942,-0.56574535,-14.958145,0.63019365,0.45895094,-0.5796256,0.2371798
0.8718653,-1.2337435,-15.255944,0.11912422,0.8038945,0.2854594,0.5080119
1.1549002,-0.5652409,-14.958043,0.6301555,0.45909894,-0.57954216,0.23719837
0.8727893,-1.2342052,-15.256546,0.118935496,0.80371094,0.28568956,0.5082171
1.1548162,-0.564791,-14.957952,0.63011515,0.45921132,-0.57951194,0.23716183
0.8737164,-1.2338953,-15.25715,0.118745886,0.803565,0.28577667,0.5084432
1.154741,-0.5649194,-14.958401,0.6302128,0.45901525,-0.57953155,0.23723437
0.87379503,-1.2336134,-15.256935,0.11851197,0.8035509,0.28584072,0.5084841
1.1546736,-0.56453025,-14.9583,0.6301513,0.45903605,-0.5795679,0.23726864
0.87471074,-1.2341661,-15.25672,0.11851055,0.8033495,0.286025,0.508699
1.1546128,-0.5646592,-14.958208,0.63019055,0.45897457,-0.57957476,0.23726648
0.8755973,-1.2338141,-15.257398,0.11842147,0.80329615,0.28598553,0.50882614
1.1550156,-0.5643183,-14.958584,0.6300569,0.45890903,-0.5798114,0.23716985
0.8764251,-1.2325729,-15.25803,0.118215986,0.8033541,0.28589493,0.50883335
1.1549449,-0.5644449,-14.958488,0.630129,0.4588268,-0.57979274,0.23718318
0.8772157,-1.2323503,-15.258635,0.1181418,0.8033409,0.28584298,0.5089006
1.1553767,-0.564076,-14.958382,0.63004184,0.45884004,-0.57993525,0.23704068
0.8779621,-1.2321404,-15.259205,0.11805563,0.8033533,0.285812,0.50891834
1.155832,-0.56425595,-14.958269,0.6299821,0.45881426,-0.5800575,0.23695019
0.87865937,-1.2319441,-15.259737,0.11790815,0.8033957,0.28578243,0.5089022
1.1556972,-0.56387305,-14.958167,0.6299403,0.45879877,-0.5802006,0.23674117
0.8792946,-1.2317654,-15.259144,0.11785118,0.80337083,0.2857362,0.5089807
1.1561773,-0.5634582,-14.958056,0.6298261,0.45881498,-0.58035,0.23664689
0.8798709,-1.2316031,-15.258605,0.117847055,0.80334455,0.28574786,0.5090166
1.156009,-0.5636845,-14.957958,0.6297625,0.45880136,-0.5804581,0.2365775
0.8803914,-1.2314566,-15.258118,0.11783643,0.8032643,0.2858583,0.50908357
1.1564864,-0.56326646,-14.957857,0.629667,0.45876536,-0.5806496,0.2364317
0.8812617,-1.2302203,-15.258444,0.11775652,0.8032047,0.2859179,0.5091626
1.1567389,-0.5637515,-14.957683,0.6296024,0.4587114,-0.58080107,0.23633632
0.8816288,-1.2302362,-15.259119,0.11769211,0.8032464,0.28586942,0.509139
1.156533,-0.5639625,-14.957606,0.62966913,0.45864972,-0.58079803,0.23628579
0.88322943,-1.2302513,-15.259762,0.11765852,0.8032038,0.28584692,0.50922656
1.1563497,-0.5635777,-14.957539,0.62959003,0.4587124,-0.58087283,0.23619111
0.88469946,-1.2302653,-15.259032,0.11760978,0.8031323,0.2859232,0.50930774
1.1561857,-0.563778,-14.957479,0.62955195,0.45869264,-0.5809224,0.2362087
0.884648,-1.230277,-15.258417,0.117559165,0.80315495,0.28590444,0.5092942
1.156039,-0.5634406,-14.957424,0.62954,0.45870838,-0.5809559,0.23612761
0.8859581,-1.2302877,-15.257857,0.11747407,0.8031131,0.28599727,0.5093277
1.155907,-0.5636283,-14.9573765,0.6295632,0.4587251,-0.58091927,0.23612349
0.8857342,-1.2302965,-15.258703,0.11738076,0.8031379,0.2859744,0.509323
1.1562792,-0.56330997,-14.95733,0.62947124,0.45873642,-0.581006,0.23613341
0.88690555,-1.2303045,-15.25947,0.11738788,0.80307215,0.28599614,0.5094128
1.1561397,-0.56349784,-14.957287,0.629482,0.45876172,-0.5809607,0.23616691
0.8865531,-1.230311,-15.258787,0.1174616,0.8030825,0.28595778,0.509401
1.1565149,-0.56317323,-14.957243,0.6293352,0.45880985,-0.5810596,0.23622133
0.8862614,-1.2303164,-15.258222,0.117425375,0.8031051,0.285952,0.50937706
1.1568946,-0.56340164,-14.957198,0.62928486,0.4588364,-0.5810645,0.23629154
0.8860204,-1.2291303,-15.257754,0.117323376,0.80311656,0.28591073,0.50940555
1.1572963,-0.5630178,-14.957151,0.6291515,0.4589191,-0.5811082,0.23637858
0.88704544,-1.2292887,-15.257326,0.11729823,0.80294526,0.28600895,0.50962627
1.1570588,-0.5626768,-14.9571085,0.62908006,0.45902923,-0.5810969,0.23638321
0.886707,-1.2294207,-15.256969,0.11724864,0.8029189,0.28601357,0.5096767
1.1568472,-0.5623729,-14.957071,0.62906665,0.45908397,-0.5810749,0.23636642
0.8876444,-1.2295417,-15.256642,0.11736877,0.8027162,0.28612745,0.5099043
1.1580148,-0.5620138,-14.9570265,0.62884814,0.4591759,-0.5811762,0.23652013
0.8872339,-1.2284561,-15.257557,0.11733967,0.80266356,0.28598365,0.51007456
1.1576954,-0.56169784,-14.956988,0.62877333,0.45924872,-0.5811928,0.236537
0.8880765,-1.2274851,-15.258376,0.11722015,0.8024695,0.28608516,0.51035035
1.1581024,-0.5613801,-14.956949,0.6286649,0.45911276,-0.5815383,0.23623954
0.8876268,-1.2278279,-15.259055,0.11699315,0.8023901,0.28625745,0.5104307
1.1585103,-0.5610615,-14.95691,0.62860847,0.45897153,-0.5817926,0.23603822
0.88839394,-1.226965,-15.260836,0.116580814,0.8021854,0.28656864,0.51067203
1.158888,-0.5607667,-14.957671,0.6285162,0.458867,-0.58202696,0.2359091
0.8890883,-1.22739,-15.26124,0.11624043,0.8019591,0.28697163,0.51087874
1.1584604,-0.5605098,-14.958334,0.62846607,0.4588116,-0.5822003,0.23572284
0.88851947,-1.2277431,-15.262722,0.115960136,0.80185556,0.28730586,0.5109171
1.1580861,-0.5610038,-14.958914,0.6284385,0.45874348,-0.58230996,0.2356578
0.88916945,-1.2280568,-15.262883,0.11584941,0.8016186,0.28760454,0.51114595
1.15844,-0.56075513,-14.959422,0.628259,0.45868966,-0.5825491,0.23565018
0.88976353,-1.2271433,-15.26423,0.11553715,0.80147463,0.2877407,0.5113658
1.1587523,-0.56118447,-14.959872,0.6281521,0.45862308,-0.5827254,0.23562887
0.89165443,-1.2275838,-15.265527,0.1155211,0.8011664,0.28797776,0.51171875
1.1590403,-0.5609388,-14.960286,0.6279768,0.4585848,-0.58294576,0.23562571
0.8919702,-1.2279685,-15.266659,0.11559475,0.8009138,0.2882325,0.51195407
1.1593312,-0.56069064,-14.960705,0.62782407,0.45856234,-0.58312005,0.23564515
0.8922456,-1.2283038,-15.267646,0.115532346,0.8007187,0.2884512,0.5121501
1.158928,-0.5604719,-14.961075,0.6277184,0.45855507,-0.5832095,0.23571938
0.89118594,-1.2272931,-15.268451,0.11525261,0.80072504,0.28851384,0.51216805
1.1592278,-0.56025696,-14.961437,0.6275769,0.45854995,-0.58329195,0.23590216
0.8915349,-1.2264591,-15.267892,0.11517175,0.80050755,0.28864527,0.51245207
1.1588306,-0.5600675,-14.961758,0.62753665,0.4585064,-0.58336145,0.235922
0.893206,-1.2256632,-15.268697,0.11503539,0.80021554,0.28883708,0.5128306
1.159142,-0.55987906,-14.962075,0.62743646,0.45845297,-0.5834388,0.23610106
0.8946775,-1.2263309,-15.268036,0.114961915,0.7999941,0.2889281,0.5131411
1.160312,-0.5596738,-14.962421,0.62719595,0.45847553,-0.5835916,0.23631844
0.89457464,-1.2255635,-15.26749,0.114695355,0.79982954,0.28902942,0.5134002
1.1597492,-0.5594956,-14.961933,0.6272735,0.45851088,-0.5834606,0.2363674
0.8958565,-1.2248739,-15.267,0.11446462,0.79962033,0.2889744,0.51380837
1.160808,-0.5593325,-14.961487,0.627139,0.4585579,-0.58347535,0.2365965
0.89559454,-1.225618,-15.266602,0.114395626,0.7994394,0.28905466,0.51406014
1.1618799,-0.5591673,-14.961034,0.6269843,0.45864806,-0.58348733,0.23680207
0.8966901,-1.2262708,-15.266251,0.11430503,0.7991899,0.28914768,0.51441574
1.1619817,-0.5598491,-14.960643,0.62688416,0.45876542,-0.5833949,0.2370676
0.8963273,-1.2255445,-15.265963,0.11410514,0.79905665,0.28913462,0.5146743
1.1629514,-0.5596365,-14.960265,0.6267361,0.45888534,-0.5834052,0.23720157
0.89602494,-1.2249391,-15.265723,0.11382025,0.7988834,0.28922653,0.51495475
1.1629618,-0.55944514,-14.959925,0.6266603,0.459062,-0.5833084,0.23729818
0.8970176,-1.2243845,-15.265504,0.11373547,0.7985263,0.2894207,0.51541805
1.1629711,-0.5592722,-14.959618,0.6266142,0.45925254,-0.583196,0.2373273
0.8979121,-1.2225665,-15.2653055,0.11341606,0.79829943,0.28949907,0.5157957
1.1629794,-0.55993575,-14.959351,0.6266116,0.45935836,-0.5830686,0.23744246
0.9002211,-1.2208335,-15.265117,0.11326008,0.7979982,0.28948814,0.51630205
1.1622139,-0.55896777,-14.95912,0.62663776,0.45949617,-0.5829768,0.23733182
0.90073156,-1.2208192,-15.264955,0.11319937,0.79772085,0.28963923,0.516659
1.1622791,-0.558856,-14.958918,0.62664187,0.4595863,-0.5828955,0.23734649
0.90276444,-1.2208064,-15.264809,0.11307753,0.79748046,0.28964883,0.5170513
1.1616392,-0.5587579,-14.958741,0.6266965,0.4596818,-0.5827891,0.23727845
0.904552,-1.2207949,-15.264679,0.113076605,0.7972462,0.28971544,0.51737535
1.1617376,-0.55800915,-14.958585,0.62668437,0.45978683,-0.5827554,0.2371899
0.90438133,-1.219165,-15.264575,0.11285436,0.7971786,0.28973037,0.5175197
1.1611954,-0.55797607,-14.9584465,0.62678355,0.45985088,-0.5825998,0.23718591
0.9042439,-1.2194223,-15.266062,0.11285688,0.7970867,0.28976336,0.51764214
1.160714,-0.5579467,-14.9583235,0.6268624,0.45989725,-0.5824834,0.23717344
0.90413153,-1.2196327,-15.265742,0.11284557,0.7970661,0.28972006,0.5177006
1.1608531,-0.5579205,-14.958782,0.6268934,0.45993587,-0.58245486,0.2370867
0.9056396,-1.2198179,-15.267068,0.11277656,0.7969297,0.2897691,0.51789814
1.1609774,-0.5578971,-14.959191,0.6269099,0.45999956,-0.58240247,0.23704824
0.90529996,-1.2199671,-15.268137,0.11289537,0.7969362,0.28956544,0.51797605
1.161089,-0.5578761,-14.9595585,0.626935,0.46006733,-0.5823205,0.23705135
0.9050226,-1.220089,-15.269009,0.11278395,0.7968813,0.28976122,0.51797533
1.1607022,-0.5578572,-14.959889,0.62701225,0.46012083,-0.5822133,0.23700663
0.9047921,-1.2186955,-15.269734,0.112540044,0.79695994,0.2896152,0.5179891
1.1603535,-0.5573777,-14.960188,0.6270656,0.4601895,-0.582151,0.23688516
0.90460193,-1.2190062,-15.270332,0.112724446,0.7967502,0.2898577,0.51813596
1.1605012,-0.5568616,-14.960508,0.62704724,0.46029687,-0.5820951,0.23686254
0.9044416,-1.217817,-15.270837,0.11252892,0.79677045,0.28984034,0.518157
1.160137,-0.5568948,-14.960796,0.6271323,0.4603403,-0.58200645,0.2367708
0.90430886,-1.2182474,-15.271255,0.11259864,0.7966882,0.289889,0.5182411
1.1603093,-0.55636567,-14.961107,0.62715435,0.46040162,-0.5819525,0.23672576
0.90419453,-1.217189,-15.273044,0.11244,0.7966796,0.2897634,0.5183591
1.1599267,-0.55642915,-14.961386,0.62723327,0.46048284,-0.58182114,0.2366816
0.9041002,-1.217701,-15.273134,0.11229587,0.7966198,0.28991187,0.5183992
1.1595834,-0.5564861,-14.961635,0.62732357,0.46056682,-0.581687,0.23660868
0.902707,-1.2181172,-15.273209,0.11217247,0.79664886,0.28988352,0.51839715
1.1592747,-0.5565374,-14.961859,0.62742126,0.46062592,-0.5815544,0.23656055
0.9028154,-1.2172079,-15.27327,0.11195873,0.79663885,0.2897179,0.51855123
1.1585361,-0.55658364,-14.96206,0.6275291,0.46071944,-0.58137894,0.23652388
0.902905,-1.2176446,-15.273319,0.11187065,0.7964968,0.2897878,0.51874936
1.157868,-0.5566255,-14.962243,0.62763,0.46080562,-0.58121836,0.23648246
0.9029841,-1.2168337,-15.273363,0.11164021,0.7964157,0.2897036,0.51897055
1.1572495,-0.55666417,-14.962412,0.62773556,0.46086758,-0.5810702,0.23644584
0.90305394,-1.2161167,-15.273402,0.11158182,0.79643357,0.28952366,0.519056
1.1565412,-0.55620074,-14.962605,0.62783086,0.46095166,-0.5809188,0.23640111
0.90311563,-1.2154835,-15.273436,0.1116262,0.7964796,0.28934732,0.51907426
1.1563864,-0.5567485,-14.962781,0.6279527,0.46099627,-0.580756,0.23639031
0.90317005,-1.2149254,-15.273466,0.11182463,0.79675084,0.28899258,0.5188128
1.1562319,-0.5562815,-14.9629545,0.6280568,0.46105903,-0.5806185,0.23632897
0.90321505,-1.2156334,-15.273491,0.112100475,0.7969605,0.28879586,0.5185408
1.155537,-0.55635005,-14.96313,0.628217,0.46108657,-0.5804644,0.2362282
0.902141,-1.216224,-15.273512,0.11215834,0.7972135,0.28878018,0.5181479
1.1548318,-0.5564196,-14.963308,0.6283654,0.46112126,-0.58030653,0.2361537
0.90229464,-1.2167202,-15.27353,0.11240764,0.7972698,0.28867555,0.5180656
1.1547472,-0.5564861,-14.963479,0.62848014,0.4611751,-0.58016133,0.23609985
0.9034895,-1.2161049,-15.273545,0.11246723,0.79720986,0.28855333,0.5182128
1.1552325,-0.5565455,-14.963632,0.6285175,0.4612155,-0.58010644,0.23605657
0.90349483,-1.2165939,-15.273558,0.11261666,0.7972406,0.2885557,0.51813173
1.1551232,-0.55601305,-14.963782,0.6285671,0.4612818,-0.5800236,0.2359984
0.9034994,-1.2170153,-15.273569,0.11273518,0.79723465,0.2885165,0.518137
1.1550196,-0.5561057,-14.963925,0.62861073,0.46127,-0.5799953,0.23597473
0.9035035,-1.2173817,-15.273581,0.112773985,0.7971898,0.28843784,0.51824147
1.1549213,-0.55619353,-14.964062,0.628667,0.46124935,-0.5799777,0.2359085
0.90260875,-1.2167974,-15.273588,0.11275132,0.7971982,0.28839496,0.5182574
1.154182,-0.5562809,-14.964197,0.62874967,0.4612029,-0.5799544,0.2358364
0.9018382,-1.2162942,-15.273596,0.11273456,0.79723626,0.28824076,0.51828814
1.1541301,-0.5556817,-14.964332,0.6287684,0.46117097,-0.5799856,0.23577218
0.90198165,-1.2166691,-15.2736025,0.11286076,0.7972026,0.28807312,0.51840574
1.1540787,-0.5550884,-14.964465,0.62880474,0.46108606,-0.5800423,0.23570147
0.9021066,-1.2169954,-15.273608,0.11293765,0.79720604,0.28794375,0.5184553
1.154032,-0.5552695,-14.964586,0.6288336,0.4609874,-0.5801004,0.23567456
0.90221566,-1.2172804,-15.273613,0.113117225,0.7971532,0.28769892,0.5186333
1.1539893,-0.55543476,-14.964697,0.62883216,0.460874,-0.58020383,0.2356456
0.9023127,-1.2168297,-15.273618,0.113152556,0.7971323,0.2874875,0.5187751
1.1539503,-0.555586,-14.964798,0.6288149,0.460725,-0.58034444,0.23563696
0.90240026,-1.2171087,-15.273622,0.11321361,0.7970222,0.28739765,0.5189807
1.1539146,-0.5557248,-14.9648905,0.6287923,0.4605678,-0.5804946,0.23563464
0.90182596,-1.2167033,-15.273624,0.11312084,0.79704857,0.28726497,0.5190339
1.1538817,-0.55585235,-14.964976,0.6287975,0.46037516,-0.5806475,0.23562056
0.90193635,-1.2169633,-15.273628,0.1132044,0.7969033,0.28712216,0.5193176
1.1538513,-0.55596995,-14.9650545,0.6287859,0.46018142,-0.5808185,0.23560832
0.9027314,-1.2165496,-15.273632,0.11322341,0.7967301,0.28696066,0.51966846
1.1544747,-0.55607367,-14.965124,0.62877536,0.4599604,-0.5810012,0.2356173
0.90279025,-1.2161555,-15.273635,0.11318779,0.79663676,0.28670195,0.519962
1.1550269,-0.55554783,-14.965186,0.62872845,0.45979494,-0.5811875,0.23560637
0.90364105,-1.2157427,-15.273639,0.11331106,0.7964521,0.2866036,0.52027214
1.1555178,-0.5556672,-14.965241,0.6286927,0.4595887,-0.5813819,0.23562448
0.9045081,-1.215322,-15.273643,0.113361254,0.79616684,0.2865486,0.52072793
1.1559557,-0.55577374,-14.96529,0.6286571,0.45940927,-0.58154505,0.23566696
0.9053701,-1.2149038,-15.273645,0.11342426,0.79599863,0.28648162,0.5210081
1.1563476,-0.55586904,-14.965334,0.62862206,0.45921013,-0.58173203,0.235687
0.90620804,-1.2144973,-15.273648,0.11347168,0.79582,0.286388,0.521322
1.1561962,-0.5559546,-14.965372,0.62860966,0.45903894,-0.5818704,0.23571178
0.9081362,-1.2152244,-15.27365,0.113666534,0.7955652,0.286399,0.5216623
1.1570158,-0.55603164,-14.965407,0.6285679,0.4588164,-0.5820583,0.2357927
0.91004944,-1.2146887,-15.273653,0.1137807,0.79540557,0.28631562,0.5219266
1.1582099,-0.55610114,-14.96544,0.6284518,0.45852196,-0.5823798,0.23588063
0.91046715,-1.2142093,-15.273655,0.11378784,0.7953893,0.28615564,0.52203757
1.158428,-0.5561641,-14.965468,0.62843376,0.45820948,-0.58261746,0.23594919
0.91081774,-1.2150621,-15.273658,0.11388445,0.7953374,0.2861632,0.52209145
1.1586257,-0.5562212,-14.965494,0.62839276,0.45785734,-0.58289057,0.23606744
0.9111295,-1.2145369,-15.27366,0.113852456,0.79534644,0.28593314,0.52221066
1.1588074,-0.5562736,-14.965519,0.62835574,0.45748344,-0.5831975,0.23613289
0.9101667,-1.2141044,-15.273661,0.113776386,0.7953945,0.28576383,0.5222468
1.1589729,-0.5566947,-14.965542,0.62840194,0.45713782,-0.5833577,0.23628354
0.9118329,-1.2137108,-15.273663,0.11384893,0.79527384,0.2856229,0.52249163
1.1591312,-0.556726,-14.965563,0.6283711,0.45684215,-0.5836091,0.23631635
0.9120099,-1.2133645,-15.2736635,0.113973685,0.79520124,0.2856072,0.52258354
1.1592968,-0.55635446,-14.965585,0.628356,0.45662186,-0.58379376,0.23632611
0.9121649,-1.213061,-15.273664,0.11396872,0.7951449,0.28558508,0.5226824
1.1594473,-0.5567844,-14.965605,0.62840927,0.4563568,-0.5838686,0.23651159
0.91230035,-1.2127959,-15.273665,0.11397469,0.7951533,0.2855333,0.5226967
1.1595947,-0.55681366,-14.965625,0.6284135,0.45615214,-0.5839833,0.236612
0.91376454,-1.2139075,-15.273667,0.11413697,0.79508215,0.2854716,0.5228032
1.1597315,-0.5572196,-14.965642,0.6285029,0.4559853,-0.5839838,0.23669507
0.91367954,-1.2135217,-15.273668,0.11410158,0.79508424,0.28539947,0.5228472
1.159869,-0.55723137,-14.965661,0.6285276,0.45589167,-0.5840069,0.23675308
0.91361,-1.2144735,-15.273669,0.114140384,0.79513794,0.2853137,0.5228038
1.1600065,-0.55724305,-14.96568,0.6284856,0.4558644,-0.58403605,0.23684467
0.91234875,-1.2140545,-15.273669,0.11401083,0.7952429,0.2851431,0.52276546
1.1601437,-0.55725473,-14.965697,0.6284971,0.455919,-0.583943,0.23693863
0.9124444,-1.2137064,-15.273669,0.11385567,0.7951949,0.28507146,0.5229113
1.159859,-0.556856,-14.9657135,0.6285372,0.4560739,-0.5838148,0.2368501
0.9125244,-1.2134149,-15.2747555,0.11374507,0.79517925,0.28504696,0.5229725
1.1599908,-0.55688256,-14.965729,0.6285539,0.4561914,-0.58369833,0.23686656
0.9137774,-1.2131351,-15.274623,0.11366439,0.79511404,0.28486827,0.52318656
1.1601222,-0.5569091,-14.965744,0.62854356,0.45631218,-0.5836043,0.23689315
0.9125874,-1.2129018,-15.274513,0.11349208,0.7952529,0.2848092,0.52304506
1.1598517,-0.5569332,-14.965758,0.62854725,0.4564743,-0.5834579,0.23693164
0.9126498,-1.212706,-15.27442,0.11345428,0.7953228,0.28471988,0.5229956
1.1599758,-0.5569552,-14.965772,0.62853986,0.45662433,-0.58334875,0.23693067
0.91169405,-1.2125404,-15.274342,0.11345081,0.79548645,0.2845809,0.52282315
1.1601001,-0.5569773,-14.965784,0.6285842,0.45672745,-0.5832271,0.23691393
0.91183937,-1.2123997,-15.274275,0.113339595,0.79561996,0.28446102,0.5227093
1.1602246,-0.5569993,-14.965797,0.62859905,0.456884,-0.58309704,0.23689279
0.9119637,-1.2122793,-15.274218,0.113328025,0.7957222,0.28425637,0.5226676
1.1603485,-0.5570213,-14.96581,0.62857294,0.45705044,-0.5830032,0.23687185
0.911206,-1.2113111,-15.274168,0.11318812,0.79588825,0.28415814,0.5224984
1.1600629,-0.5570413,-14.965822,0.6286043,0.4572032,-0.58288014,0.2367968
0.91055095,-1.2104741,-15.274126,0.11311463,0.79600966,0.28405908,0.5223832
1.1594244,-0.55705947,-14.965833,0.62866145,0.45735377,-0.58272374,0.23673926
0.91076213,-1.2105272,-15.27409,0.11318953,0.7960728,0.2839786,0.5223145
1.1595607,-0.5570761,-14.965842,0.62863135,0.4575033,-0.5826487,0.23671474
0.9109543,-1.2105756,-15.2740555,0.11330353,0.7961126,0.2838842,0.5222805
1.1596853,-0.5570913,-14.965508,0.6285951,0.45763487,-0.58259994,0.23667684
0.91112214,-1.2106178,-15.273293,0.113525376,0.79624414,0.28368247,0.5221414
1.1597995,-0.5567808,-14.965203,0.62855536,0.45767918,-0.58265364,0.23656459
0.91126937,-1.2106549,-15.272623,0.11374011,0.7964811,0.28342855,0.5218711
1.1599042,-0.55680394,-14.964923,0.62854403,0.45763645,-0.58273876,0.23646738
0.9114015,-1.210688,-15.272022,0.113958046,0.7966807,0.28315905,0.5216651
1.1600006,-0.5565325,-14.964666,0.628532,0.4575723,-0.5828575,0.23633105
0.9108773,-1.2107174,-15.271492,0.114178106,0.7969176,0.28290203,0.5213945
1.1600893,-0.5562824,-14.964429,0.62851596,0.45750394,-0.5829768,0.2362117
0.91102135,-1.2107434,-15.271021,0.114312634,0.79712045,0.28264323,0.52119523
1.1604354,-0.55631596,-14.9642105,0.6285091,0.45737514,-0.58312666,0.2361095
0.9118189,-1.2107695,-15.270548,0.11452142,0.7972563,0.28244472,0.52104914
1.1608554,-0.5563567,-14.963945,0.6284943,0.4572276,-0.5833007,0.23600456
0.9112848,-1.2107927,-15.270129,0.114626065,0.7974582,0.28219128,0.5208545
1.1613623,-0.5564059,-14.963625,0.6284627,0.4570735,-0.5834836,0.23593546
0.91081,-1.2108133,-15.269757,0.11474233,0.7976201,0.28199223,0.5206888
1.161438,-0.55645454,-14.963308,0.62849087,0.4568234,-0.5837164,0.23576869
0.9109464,-1.2108315,-15.269425,0.11487134,0.7977526,0.28181243,0.5205548
1.1615132,-0.556503,-14.962993,0.6285379,0.45652068,-0.58396715,0.23560865
0.9105367,-1.210848,-15.269129,0.115011,0.7979213,0.28162858,0.5203648
1.1621407,-0.5565592,-14.962626,0.62856346,0.45613337,-0.5842977,0.2354711
0.910169,-1.2108628,-15.268862,0.11515569,0.7980522,0.281502,0.52020055
1.1621914,-0.55713594,-14.96229,0.62867916,0.45565087,-0.58465064,0.23522028
0.9098381,-1.210876,-15.268622,0.11529373,0.7981497,0.28136906,0.5200922
1.1622412,-0.55715686,-14.961959,0.6288495,0.45517576,-0.58494455,0.23495364
0.9095394,-1.2108879,-15.268862,0.115453936,0.7982313,0.28125644,0.51999235
1.1628916,-0.55717844,-14.962216,0.6289258,0.45466417,-0.58533937,0.23475674
0.9092691,-1.2108988,-15.269079,0.115562536,0.7982636,0.2812128,0.5199423
1.1635592,-0.5572006,-14.962481,0.62908953,0.45404464,-0.5858033,0.23435976
0.90943533,-1.2109087,-15.269277,0.1156568,0.79825723,0.28115562,0.51996195
1.1635273,-0.55722034,-14.962715,0.62925214,0.45361486,-0.5860911,0.23403524
0.9091956,-1.2109176,-15.269455,0.1157313,0.79822516,0.28117633,0.5199834
1.1634986,-0.5572379,-14.962925,0.62930703,0.45312485,-0.5865058,0.23379833
0.90897715,-1.2109257,-15.269618,0.11573988,0.7982142,0.2812419,0.5199629
1.1634729,-0.55725384,-14.963114,0.6293948,0.4526592,-0.5868799,0.23352486
0.9087776,-1.2109331,-15.269767,0.11571775,0.79816735,0.28131583,0.51999974
1.164088,-0.5572705,-14.963312,0.6293953,0.45224088,-0.5873069,0.23326044
0.9089301,-1.21094,-15.269903,0.11575468,0.79804957,0.2814118,0.5201203
1.1640228,-0.55728537,-14.96349,0.6294143,0.4519831,-0.587553,0.23308897
0.9087516,-1.2109462,-15.270027,0.11572907,0.7979746,0.28150618,0.52019006
1.164624,-0.5579681,-14.96367,0.6294825,0.4516302,-0.5878199,0.2329161
0.90858763,-1.2112544,-15.270143,0.11576104,0.79787624,0.28168434,0.5202374
1.1652342,-0.558661,-14.963853,0.6294512,0.4513308,-0.5881119,0.23284347
0.90872407,-1.211538,-15.270247,0.115734145,0.7977486,0.2818684,0.52033937
1.165848,-0.559358,-14.964037,0.62949806,0.45107692,-0.58828086,0.23278219
0.90884984,-1.2115263,-15.270346,0.115708075,0.79765594,0.28196582,0.5204345
1.1664507,-0.55919445,-14.964218,0.6294103,0.4510164,-0.5884862,0.23261742
0.9087066,-1.211775,-15.270435,0.11567956,0.7975418,0.2822035,0.5204869
1.1670345,-0.55903596,-14.964393,0.62928,0.45099884,-0.58865243,0.23258366
0.90882057,-1.2120047,-15.270519,0.115640804,0.7973986,0.28240696,0.52060455
1.1675937,-0.5598362,-14.9645605,0.62922055,0.45095274,-0.5887306,0.23263593
0.90916014,-1.2119833,-15.270596,0.115560755,0.79723734,0.28257102,0.52078015
1.1692592,-0.5595719,-14.964733,0.6289427,0.45092037,-0.5890238,0.23270759
0.90925246,-1.2121859,-15.270667,0.115499265,0.7970892,0.28278834,0.5209027
1.1685927,-0.560384,-14.964878,0.62896883,0.4509302,-0.58902454,0.23261611
0.90961844,-1.2125485,-15.270593,0.11534407,0.79665905,0.28332242,0.5213047
1.1704278,-0.55976963,-14.963086,0.6284638,0.45093206,-0.58955353,0.23263752
0.9096891,-1.2125201,-15.270463,0.11522231,0.79647064,0.28357956,0.5214797
1.1696374,-0.56055856,-14.962376,0.6284459,0.45092234,-0.5895851,0.23262447
0.90998244,-1.2124889,-15.270319,0.11512812,0.79623157,0.28385103,0.52171785
1.1710496,-0.5602176,-14.961718,0.6281851,0.4509242,-0.58983254,0.23269828
0.910833,-1.2128023,-15.2700815,0.11504167,0.7958828,0.28424034,0.522057
1.1724473,-0.5610752,-14.961065,0.62790436,0.45083466,-0.5901458,0.23283511
0.91138357,-1.212725,-15.269803,0.11484619,0.79547256,0.28470936,0.5224696
1.17371,-0.55938417,-14.960476,0.6275281,0.4509492,-0.59048456,0.23276898
0.9120266,-1.213178,-15.269478,0.11468104,0.7950003,0.28525376,0.52292746
1.174887,-0.55912626,-14.959928,0.62734455,0.45095018,-0.59061486,0.23293127
0.91354424,-1.213742,-15.269074,0.1144503,0.794398,0.2859229,0.5235275
1.1759605,-0.558891,-14.959426,0.6271352,0.45110682,-0.5906753,0.23303843
0.91528046,-1.2143872,-15.268612,0.114255264,0.79379976,0.2865588,0.52412957
1.1755079,-0.5586996,-14.959019,0.62694204,0.45139527,-0.5906654,0.23302469
0.9160327,-1.2150258,-15.268155,0.11406048,0.7933154,0.28710884,0.5246041
1.1751343,-0.55854154,-14.958682,0.62676054,0.4517577,-0.59060144,0.23297237
0.917878,-1.2145857,-15.267693,0.11373556,0.7927916,0.28770193,0.5251412
1.1748219,-0.55840945,-14.958401,0.6265296,0.4522452,-0.59046966,0.23298192
0.9184578,-1.215316,-15.2672615,0.1136075,0.79243356,0.28818768,0.5254429
1.1734006,-0.5582999,-14.958167,0.62622607,0.45295167,-0.5902396,0.23300865
0.9189916,-1.2159884,-15.266865,0.11345234,0.792124,0.2887161,0.5256532
1.1733178,-0.55710423,-14.957973,0.62579197,0.4537066,-0.59018147,0.2328532
0.9194774,-1.2166003,-15.266504,0.113432676,0.7918628,0.28916588,0.5258036
1.1721992,-0.5560988,-14.957809,0.62535304,0.4545984,-0.5900116,0.23272365
0.9198982,-1.2171303,-15.267422,0.113384806,0.7917188,0.28946647,0.5258654
1.1712526,-0.55524796,-14.957671,0.6248382,0.4556235,-0.5898081,0.2326177
0.9216117,-1.2176261,-15.26828,0.11336619,0.7915859,0.28967926,0.5259522
1.1713932,-0.5545234,-14.957552,0.6241943,0.4567407,-0.58965605,0.23254083
0.9231814,-1.2180802,-15.269067,0.11340352,0.7914442,0.28995407,0.52600616
1.1706142,-0.5539029,-14.957452,0.6236033,0.4578684,-0.5894676,0.23238672
0.923122,-1.2184597,-15.269723,0.113490246,0.7913767,0.29020345,0.52595145
1.1699435,-0.55251426,-14.957365,0.62301195,0.45904854,-0.5892249,0.23225972
0.9230718,-1.2187796,-15.270277,0.11355132,0.7914477,0.29035398,0.5257482
1.1693629,-0.5513122,-14.95729,0.6224257,0.46024275,-0.58897233,0.23210885
0.92302936,-1.2190506,-15.270746,0.113627926,0.79146576,0.2904948,0.5256268
1.1673157,-0.5502667,-14.957224,0.62219995,0.46237278,-0.5877912,0.23147412
0.9229931,-1.2192816,-15.271147,0.11371522,0.7915036,0.29049966,0.5255482
1.1647943,-0.54862064,-14.957167,0.62213236,0.46463087,-0.58638847,0.23069063
0.9229622,-1.219479,-15.271488,0.11380273,0.7914973,0.29057437,0.52549744
1.1625817,-0.54717606,-14.957116,0.62205917,0.46697605,-0.5849218,0.22987473
0.9229356,-1.2196484,-15.271781,0.113851,0.79149646,0.2904495,0.5255572
1.1606319,-0.5459031,-14.957071,0.6220384,0.46918938,-0.58350325,0.2290276
0.92291266,-1.2210851,-15.270745,0.1140203,0.7914174,0.2905607,0.52557814
1.1587366,-0.54535574,-14.957027,0.62204736,0.47114044,-0.5821839,0.22835456
0.9228932,-1.22104,-15.269872,0.114036165,0.79143786,0.29052624,0.525563
1.155641,-0.54384154,-14.956978,0.6220527,0.47277883,-0.5810936,0.22773005
0.9242083,-1.2209984,-15.269065,0.11418865,0.7912869,0.29054663,0.5257459
1.1521604,-0.542139,-14.955843,0.62202847,0.47410405,-0.58024275,0.2272102
0.92539877,-1.2209609,-15.268335,0.11426941,0.7911876,0.29040527,0.5259558
1.1498535,-0.5404056,-14.954687,0.6218855,0.47495705,-0.57985985,0.22679712
0.9250305,-1.22093,-15.267738,0.11439892,0.7911167,0.29033235,0.5260745
1.147615,-0.5387236,-14.953566,0.6216852,0.47542703,-0.5799049,0.22624545
0.92472875,-1.2209048,-15.265968,0.11456688,0.7911269,0.2901616,0.5261169
1.1470444,-0.53720224,-14.952552,0.6214255,0.47547936,-0.5802646,0.2259263
0.92447525,-1.2208836,-15.2644825,0.11471278,0.7910858,0.29003295,0.52621794
1.1480105,-0.53591615,-14.951694,0.62107086,0.47539398,-0.5808524,0.22557056
0.9265539,-1.2208459,-15.261842,0.11509412,0.79090106,0.289551,0.5266775
1.1497128,-0.53385276,-14.947582,0.6206214,0.4745237,-0.58226544,0.2249965
0.92744154,-1.2208298,-15.260715,0.115120076,0.79087037,0.28930536,0.5268528
1.1502794,-0.5330677,-14.946018,0.62036294,0.47404152,-0.58306015,0.2246673
0.9282241,-1.2208157,-15.259721,0.115217656,0.79081327,0.28897002,0.52710116
1.1507397,-0.53382283,-14.944748,0.62020725,0.47348955,-0.58378196,0.22438644
0.9305941,-1.2208028,-15.258813,0.115279876,0.79073703,0.28865463,0.52737474
1.152548,-0.5316567,-14.943648,0.61990786,0.47298402,-0.5846645,0.22398192
0.9326862,-1.2207913,-15.258011,0.1152531,0.7907147,0.28839853,0.5275541
1.1540139,-0.53257954,-14.942757,0.619833,0.47239417,-0.5853667,0.22359954
0.9326295,-1.2207819,-15.257359,0.115227066,0.79074234,0.2881439,0.5276574
1.1552124,-0.5333341,-14.942028,0.6197582,0.4717499,-0.5861243,0.22318219
0.9325833,-1.2207743,-15.256827,0.1152062,0.7907325,0.28793645,0.52779007
1.1562169,-0.53273726,-14.940187,0.6196306,0.4711658,-0.5869373,0.22263275
0.9325455,-1.2207681,-15.256393,0.1152072,0.79080516,0.28763884,0.52784324
1.1558532,-0.53220105,-14.9398,0.6195818,0.47059083,-0.5876804,0.2220234
0.93251467,-1.2207631,-15.256039,0.1152499,0.79084826,0.28734326,0.5279304
1.1579591,-0.5317587,-14.939481,0.6194905,0.4699665,-0.5884831,0.22147393
0.93082434,-1.220759,-15.255763,0.11528879,0.7909899,0.28702146,0.52788466
1.1597253,-0.5313878,-14.939214,0.6194086,0.46934322,-0.5892537,0.22097522
0.9327335,-1.2207558,-15.255538,0.11543388,0.79101896,0.28674144,0.5279616
1.1612387,-0.53106993,-14.938983,0.61933446,0.46876225,-0.5899722,0.22049877
0.9326755,-1.2207534,-15.256923,0.1155229,0.79115075,0.28641257,0.52792317
1.1635813,-0.5308026,-14.938791,0.61916745,0.46822548,-0.5906963,0.2201692
0.93262935,-1.2207514,-15.258024,0.115625314,0.79128915,0.28614715,0.52783716
1.1656064,-0.53057146,-14.938624,0.6190404,0.4677709,-0.59129846,0.21987613
0.9325923,-1.2207497,-15.258909,0.115778536,0.79141504,0.2858654,0.5277675
1.1653453,-0.53136396,-14.939471,0.619043,0.4673357,-0.59174883,0.21958262
0.93122345,-1.2207484,-15.259627,0.11583074,0.79163927,0.28554425,0.5275936
1.1651229,-0.53203946,-14.940193,0.6190572,0.4669411,-0.5921517,0.21929583
0.9301042,-1.2207474,-15.260214,0.115925655,0.79185426,0.2851966,0.52743816
1.165824,-0.53172654,-14.940811,0.61902386,0.46660057,-0.59252584,0.21910425
0.9291815,-1.2207465,-15.260697,0.1160119,0.7920792,0.28486764,0.5272591
1.1664286,-0.5314568,-14.941345,0.61905307,0.46633455,-0.5927552,0.21896765
0.9272673,-1.2207458,-15.261098,0.1160778,0.7923254,0.28455788,0.5270421
1.1661471,-0.5320282,-14.941808,0.61919254,0.46604726,-0.59287655,0.21885642
0.92566603,-1.2196547,-15.262526,0.11612416,0.7925786,0.28417876,0.5268557
1.165902,-0.53176075,-14.942974,0.6193086,0.4658341,-0.5929687,0.21873194
0.92535335,-1.2197717,-15.263726,0.11619674,0.7928154,0.283838,0.526667
1.1656878,-0.531527,-14.9439945,0.619407,0.46571645,-0.5929888,0.2186495
0.9250882,-1.2198709,-15.264745,0.116338745,0.7930513,0.28348002,0.5264732
1.1661898,-0.5313216,-14.944891,0.6194736,0.46569374,-0.59292096,0.21869275
0.9229316,-1.2200279,-15.266358,0.1165677,0.79351836,0.28276604,0.5261026
1.1657883,-0.53098017,-14.94638,0.6197327,0.46572095,-0.5926266,0.21869902
0.9220732,-1.2192467,-15.267,0.11665941,0.79377985,0.2823554,0.5259084
1.165029,-0.5314295,-14.946409,0.6198949,0.46579614,-0.5923845,0.21873489
0.9221308,-1.2193713,-15.267556,0.11677066,0.7940588,0.2818693,0.5257233
1.1643522,-0.53183013,-14.946436,0.6200701,0.46589518,-0.59211963,0.21874452
0.9214195,-1.2194798,-15.26728,0.11693092,0.7944161,0.28122938,0.52549034
1.1637467,-0.5321885,-14.946994,0.6202753,0.46598208,-0.591832,0.21875583
0.9207972,-1.2188513,-15.267037,0.11705477,0.794758,0.2805462,0.5253111
1.1632035,-0.5320026,-14.947494,0.62042856,0.46609202,-0.59160805,0.21869293
0.92025065,-1.218299,-15.266826,0.117185,0.7951462,0.2797232,0.52513355
1.1627147,-0.5323174,-14.947462,0.6206269,0.4661641,-0.59135437,0.21866243
0.9191156,-1.2178121,-15.266638,0.117344975,0.7955585,0.27883106,0.52494776
1.1627314,-0.5321435,-14.947433,0.6207673,0.4662667,-0.591141,0.21862239
0.91935104,-1.218001,-15.266471,0.117717184,0.7958245,0.27796355,0.52492124
1.1623117,-0.5324212,-14.947408,0.6209428,0.4663578,-0.59090436,0.21856955
0.91956025,-1.2175797,-15.266323,0.11789822,0.79619557,0.2769558,0.5248506
1.1619309,-0.53225976,-14.947384,0.62112045,0.4664817,-0.5906475,0.2184943
0.91974694,-1.2177638,-15.2661915,0.118152454,0.7966029,0.27588248,0.52474064
1.1615849,-0.532113,-14.947363,0.6212897,0.46660152,-0.5904139,0.21838886
0.9199139,-1.2173966,-15.266074,0.118258804,0.7970443,0.27462852,0.5247043
1.1612694,-0.5319793,-14.947343,0.6214248,0.46676567,-0.59018356,0.21827614
0.9200637,-1.216562,-15.265968,0.11835915,0.797433,0.2734312,0.5247163
1.1613357,-0.53221154,-14.947326,0.6215524,0.46689683,-0.58997387,0.21819913
0.92019856,-1.2162906,-15.265874,0.1184541,0.79783076,0.27228817,0.5246846
1.1610398,-0.53207844,-14.947308,0.621685,0.46705472,-0.58974695,0.21809664
0.9203203,-1.2155898,-15.265788,0.118387885,0.79830855,0.2710857,0.5245955
1.1607279,-0.5319381,-14.947289,0.6217888,0.4672205,-0.58955395,0.21796769
0.9199973,-1.2149557,-15.265711,0.119065136,0.7995066,0.2681457,0.5241284
1.1604023,-0.5317916,-14.94727,0.62198377,0.46723482,-0.5894943,0.21754168
0.9197042,-1.2143803,-15.26564,0.119699195,0.80049604,0.26583707,0.5236496
1.1605215,-0.531652,-14.947251,0.6221336,0.467253,-0.5894913,0.21708192
0.91943777,-1.213857,-15.265575,0.12006981,0.8012496,0.2641673,0.5232571
1.1601802,-0.5315078,-14.947233,0.6223451,0.46725044,-0.5894577,0.21657172
0.9191949,-1.2133803,-15.265517,0.12048552,0.8018796,0.2628001,0.52288485
1.159831,-0.5313603,-14.947214,0.62255305,0.46719277,-0.5894572,0.21609919
0.91859066,-1.2129225,-15.265461,0.12070202,0.80250645,0.26160997,0.5224699
1.159449,-0.53062296,-14.947193,0.6227658,0.46713924,-0.58945787,0.21559975
0.9178663,-1.2123735,-15.265394,0.120824106,0.8030397,0.26065117,0.52210134
1.1590711,-0.53049964,-14.947172,0.62301785,0.46705553,-0.589428,0.21513388
0.91641533,-1.2117153,-15.265313,0.1210595,0.8035178,0.25990686,0.52168214
1.1580098,-0.5303719,-14.947151,0.62327355,0.46693313,-0.58941495,0.21469447
0.9154207,-1.2101849,-15.265217,0.12121344,0.80373836,0.25909218,0.5217119
1.1576796,-0.53024834,-14.947129,0.6234916,0.46676618,-0.58945215,0.21432166
0.9143874,-1.2094309,-15.265116,0.121581905,0.8038687,0.25863227,0.5216535
1.1580756,-0.5294257,-14.94711,0.62359643,0.46659565,-0.5896276,0.21390499
0.9142733,-1.2086998,-15.265018,0.12188907,0.8039125,0.25818464,0.52173597
1.1577259,-0.5293683,-14.947091,0.6237489,0.4663486,-0.58978957,0.21355243
0.9140608,-1.207338,-15.264837,0.122401565,0.8040735,0.25777715,0.52156943
1.157767,-0.5292699,-14.94706,0.62399644,0.46575862,-0.5902315,0.21289511
0.91290504,-1.2066984,-15.264752,0.122598015,0.8042213,0.25752935,0.52141786
1.158138,-0.5292277,-14.947045,0.62407553,0.46539366,-0.5905069,0.21269704
0.912933,-1.2061126,-15.264673,0.122800216,0.8041472,0.2576289,0.5214353
1.1584659,-0.5291904,-14.947034,0.62416106,0.4649991,-0.59080124,0.21249156
0.9139887,-1.2066512,-15.264607,0.12332391,0.8039157,0.25768486,0.5216411
1.1587565,-0.52915734,-14.947023,0.62425673,0.46457818,-0.5910808,0.21235394
0.91390336,-1.2071079,-15.264551,0.12356818,0.8038655,0.25792328,0.5215427
1.1590153,-0.5291279,-14.947014,0.6243693,0.4641968,-0.5912943,0.21226259
0.91286933,-1.20655,-15.264503,0.12352177,0.80390245,0.2581224,0.5213982
1.1592472,-0.52910155,-14.947005,0.624437,0.4638211,-0.5915258,0.21223964
0.9128985,-1.2060325,-15.264457,0.123414084,0.8037323,0.2583111,0.52159244
1.1594548,-0.5296004,-14.94752,0.6245375,0.4634097,-0.5917442,0.2122338
0.9129232,-1.2065302,-15.264418,0.123671554,0.8034578,0.25862408,0.5217994
1.1596414,-0.53004855,-14.947983,0.62466323,0.46302396,-0.59191346,0.21223356
0.9120526,-1.2069569,-15.265277,0.12355239,0.8032881,0.2588898,0.52195704
1.1598095,-0.5304524,-14.9484,0.62480927,0.46267223,-0.5920281,0.21225135
0.9121495,-1.208172,-15.266017,0.12344761,0.8029055,0.25954798,0.5222436
1.1599613,-0.5308171,-14.948776,0.6249217,0.46232226,-0.592168,0.21229272
0.9114285,-1.2084196,-15.266658,0.123122565,0.80266756,0.25991023,0.5225058
1.1600988,-0.5311475,-14.949116,0.6250585,0.46200645,-0.59225255,0.2123416
0.91156566,-1.2086351,-15.267216,0.12295631,0.80229235,0.2602186,0.52296764
1.1602237,-0.5314474,-14.949426,0.62521935,0.4617575,-0.59224373,0.21243416
0.9116855,-1.2080971,-15.267704,0.12266379,0.80191374,0.2604504,0.52350134
1.1603373,-0.5317204,-14.949707,0.6253423,0.4615593,-0.59222084,0.21256682
0.91179085,-1.2083147,-15.268132,0.12233253,0.8014631,0.26088682,0.52405137
1.160441,-0.5316045,-14.949965,0.62542576,0.46144536,-0.59219307,0.21264601
0.9113238,-1.207311,-15.269701,0.12159661,0.8003678,0.2616623,0.52550805
1.1602931,-0.5320656,-14.951077,0.62563133,0.46131638,-0.5919525,0.21299046
0.91288626,-1.206881,-15.270709,0.12109393,0.7993534,0.26223704,0.5268796
1.1600462,-0.53229004,-14.95162,0.62570506,0.4614225,-0.59170324,0.21323633
0.91358274,-1.2071805,-15.271596,0.12070726,0.7985424,0.2627183,0.5279574
1.159756,-0.5325537,-14.952257,0.6257811,0.46149474,-0.5914847,0.21346307
0.91484153,-1.206801,-15.272379,0.120337956,0.79773194,0.263139,0.52905625
1.1594259,-0.53285366,-14.952982,0.6258224,0.4615882,-0.5912744,0.21372268
0.9159577,-1.2064646,-15.273073,0.11988466,0.7970974,0.26337627,0.52999663
1.1590617,-0.5331846,-14.953781,0.625901,0.46168,-0.5910342,0.21395849
0.917664,-1.2061403,-15.273744,0.119424514,0.7965227,0.26360312,0.5308511
1.1586716,-0.5335391,-14.954638,0.62601244,0.46174386,-0.59079105,0.21416576
0.918056,-1.205046,-15.274477,0.11890563,0.79608893,0.26371202,0.53156364
1.1574773,-0.5331467,-14.95556,0.6261464,0.4617896,-0.59056205,0.21430708
0.9201413,-1.2039009,-15.275244,0.118485115,0.79560894,0.26378083,0.53234136
1.1571223,-0.53275126,-14.95649,0.6262386,0.46184003,-0.59037274,0.21445043
0.9213406,-1.202725,-15.276032,0.11810927,0.79521626,0.26388457,0.53295994
1.1567719,-0.53236103,-14.957406,0.6263414,0.4618815,-0.59018606,0.21457487
0.9225938,-1.2004049,-15.276856,0.117715955,0.79487354,0.26389167,0.5335544
1.1573853,-0.5320011,-14.958252,0.6264553,0.46187955,-0.59002376,0.21469304
0.92509174,-1.198072,-15.277684,0.11737762,0.7945326,0.26393792,0.5341136
1.1569766,-0.53165436,-14.959065,0.6265629,0.46188146,-0.58988047,0.21476874
0.9287246,-1.1972266,-15.278452,0.117174864,0.7941712,0.26402605,0.5346517
1.1576178,-0.5313399,-14.9598055,0.6266691,0.46184704,-0.58976394,0.21485288
0.93063956,-1.1964582,-15.27915,0.11697122,0.79386497,0.26410502,0.53511184
1.1571559,-0.5310433,-14.960502,0.62678367,0.46182504,-0.58963454,0.21492107
0.93383217,-1.1957645,-15.27978,0.11680763,0.7936221,0.264152,0.5354845
1.1567261,-0.5307673,-14.961151,0.6268727,0.46181706,-0.58952403,0.21498168
0.93512034,-1.1951549,-15.2803335,0.11664996,0.79348695,0.2641041,0.5357428
1.1574601,-0.5305242,-14.961722,0.6269629,0.46179602,-0.5894191,0.21505165
0.9362717,-1.1929985,-15.280828,0.11653687,0.79340297,0.26396927,0.5359581
1.1569908,-0.5314331,-14.962234,0.627055,0.46177673,-0.5893131,0.21511503
0.93727714,-1.1911157,-15.2812605,0.11653475,0.7934641,0.26372802,0.5359869
1.156563,-0.5310985,-14.9627,0.6271651,0.46175548,-0.58920467,0.21513654
0.9364418,-1.1912501,-15.281606,0.116575494,0.7936266,0.263519,0.53584015
1.1561846,-0.5319731,-14.963112,0.6272646,0.46170703,-0.58912826,0.21515976
0.9357665,-1.1913587,-15.281885,0.11670682,0.793833,0.26325238,0.53563684
1.1558446,-0.53156126,-14.963482,0.6273054,0.46168512,-0.58909667,0.2151743
0.93371487,-1.1929615,-15.280589,0.11720575,0.7944516,0.26292264,0.53477204
1.1555408,-0.5311934,-14.963813,0.6273739,0.46150434,-0.5891578,0.21519482
0.9295118,-1.1952796,-15.278714,0.118116416,0.7956292,0.26246098,0.53304505
1.1561815,-0.53386647,-14.962187,0.6274755,0.46109328,-0.58930933,0.21536507

