ICVP Direct Stim Program 4.0.1+v4.0.1 - RelativeLocations
Updated at: 2022-08-22--20-10-32
Subject ID: CKT
Tester ID: kstipp
Direct Stimulation Input from the UI

UserID ; Time ; Electrodes ; Frequency (Hz) ; Cathodic Phase Duration (us) ; Train Length (ms) ; Duty On (ms); Duty Off (ms) ; Inter-train Length (ms) ; Amplitude (uA) ; Sent to Gateway ; Response ; Response Latency (ms) ; Response Duration (ms) ; Comments
kstipp ; 2022-08-22--20-10-32 ; 5B0F , 5B0F-5B00 ; 200 ; 200 ; 1000 ; 1000 ; 0 ; 0 ; 40 ; True ;  ;  ;  ; Couldn't differentiate between them

Position t,Position u,Position v,Orientation w,Orientation x,Orientation y,Orientation z
0.7075263,-1.3177752,-15.194491,0.14668502,0.8132446,0.30427268,0.4738511
0.8664603,-0.51008487,-14.914187,0.6714519,0.5231291,-0.5130824,0.11061138
0.7085065,-1.3225342,-15.197583,0.14710279,0.812563,0.3051067,0.47435433
0.8661894,-0.5099578,-14.916849,0.6713744,0.5224472,-0.5139621,0.11021949
0.71168476,-1.3235438,-15.19984,0.14742753,0.81199247,0.30560595,0.4749088
0.8678837,-0.5079426,-14.918995,0.67127043,0.521928,-0.5146825,0.10995077
0.7115857,-1.3218343,-15.201515,0.14737128,0.8116026,0.30571914,0.4755196
0.8673278,-0.50632775,-14.918801,0.6712869,0.52144593,-0.5152055,0.10968821
0.71397394,-1.3205606,-15.202764,0.1473661,0.81125075,0.30572405,0.4761181
0.8688052,-0.5050264,-14.918645,0.6712761,0.52112323,-0.5155648,0.1095993
0.72129023,-1.3207382,-15.204366,0.14733177,0.8107436,0.30544618,0.47716972
0.87094474,-0.5031418,-14.918421,0.67120695,0.5208371,-0.5159788,0.10943444
0.72119313,-1.3172952,-15.204883,0.14713427,0.81069607,0.30509475,0.47753614
0.87170696,-0.50247043,-14.91834,0.6712137,0.5208667,-0.5159508,0.10938448
0.7211209,-1.3171848,-15.205266,0.14704938,0.81055,0.30495274,0.47790068
0.87230974,-0.50387293,-14.918277,0.6713221,0.52082366,-0.5158425,0.1094348
0.7235131,-1.3171026,-15.205552,0.14695652,0.81040287,0.30474326,0.47831216
0.8708812,-0.50497526,-14.918226,0.67153895,0.5208704,-0.51552474,0.10937898
0.7223572,-1.3151627,-15.205924,0.14670661,0.8102421,0.30445054,0.47884738
0.86883676,-0.5050271,-14.918155,0.6718353,0.52102953,-0.5149696,0.10941633
0.72198915,-1.3131506,-15.206042,0.14662796,0.81020695,0.3043021,0.47902536
0.8699733,-0.50588244,-14.918129,0.671895,0.52120715,-0.5146597,0.109661184
0.72414106,-1.3140864,-15.206129,0.14662513,0.8101653,0.30432963,0.4790792
0.8708738,-0.5083901,-14.918109,0.6720593,0.52124053,-0.5144016,0.10970686
0.7233354,-1.3147784,-15.206194,0.14650437,0.81012654,0.30429894,0.47920108
0.8697991,-0.51037246,-14.918094,0.6722763,0.52130556,-0.51404876,0.10972207
0.7227429,-1.3152872,-15.208589,0.14634967,0.8100502,0.30426827,0.4793969
0.8689548,-0.51365376,-14.91808,0.6725148,0.5212996,-0.51370347,0.1099062
0.72466266,-1.3133036,-15.208046,0.14621434,0.80991554,0.30425036,0.4796769
0.8682639,-0.51290065,-14.91807,0.6725977,0.5213684,-0.51352,0.10992997
0.7237494,-1.3141695,-15.207642,0.14614153,0.80975604,0.3042161,0.47998995
0.8677006,-0.51228666,-14.919769,0.6726756,0.52134156,-0.51345044,0.10990502
0.72539896,-1.312484,-15.209678,0.14601733,0.8095781,0.30416942,0.48035744
0.8672383,-0.5117827,-14.919459,0.6727379,0.5213458,-0.51337135,0.109873064
0.7266478,-1.311208,-15.21122,0.1458175,0.8094084,0.30414525,0.48071927
0.8668703,-0.51467705,-14.919213,0.6729442,0.52130693,-0.51310426,0.11004198
0.7275929,-1.3102423,-15.212385,0.14577718,0.8091399,0.30417404,0.48116514
0.8665685,-0.5154198,-14.919011,0.6730522,0.521347,-0.51288706,0.11020468
0.7283148,-1.3071356,-15.213276,0.1455882,0.80900574,0.30402553,0.4815416
0.86631864,-0.51440823,-14.92047,0.67307526,0.5213151,-0.51286227,0.11032958
0.7275017,-1.3066378,-15.216695,0.14510426,0.8089512,0.3035666,0.4820686
0.86593735,-0.5115077,-14.922698,0.67314005,0.52081877,-0.5132,0.11070751
0.7259752,-1.3067795,-15.2187605,0.14471409,0.8091155,0.30318886,0.48214787
0.8657965,-0.51276475,-14.92352,0.67327154,0.5203452,-0.5134353,0.11104295
0.7270187,-1.3068874,-15.220332,0.1444612,0.8092621,0.30282155,0.4822085
0.8656808,-0.5137968,-14.924196,0.6733512,0.5200093,-0.5136051,0.11134815
0.72562104,-1.3047712,-15.221541,0.14414798,0.80966383,0.30238113,0.48190406
0.8655854,-0.51464856,-14.924753,0.67350996,0.5196171,-0.5137534,0.11153393
0.72240853,-1.3031713,-15.222454,0.14387661,0.8100466,0.30201998,0.48156825
0.865505,-0.512237,-14.926786,0.67361987,0.51937854,-0.51385504,0.11151335
0.7197339,-1.3026705,-15.223684,0.14365853,0.81064045,0.3016144,0.48088786
0.8639554,-0.51831263,-14.927027,0.6740624,0.51898277,-0.51354444,0.1121119
0.7179539,-1.3036366,-15.222063,0.14365786,0.81087184,0.3014809,0.48058155
0.8641207,-0.51842064,-14.928514,0.67416644,0.5189,-0.5134628,0.11224256
0.7185835,-1.3023589,-15.220772,0.14366327,0.81103444,0.301376,0.48037127
0.86425877,-0.51987803,-14.92839,0.674276,0.51887035,-0.51331395,0.112402126
0.71704036,-1.3013589,-15.219761,0.14362627,0.81124645,0.30121705,0.48012394
0.86437804,-0.5183844,-14.929658,0.6743444,0.51884717,-0.51326406,0.11232672
0.7158292,-1.3005741,-15.218968,0.14362605,0.8113508,0.30111966,0.48000878
0.86316794,-0.52108973,-14.929383,0.6745809,0.51879764,-0.51296985,0.11248018
0.71487653,-1.2999568,-15.218344,0.1436834,0.8114506,0.3010248,0.4798824
0.8621535,-0.5208213,-14.930422,0.6746976,0.5188349,-0.51278913,0.11243226
0.7161389,-1.2994715,-15.219864,0.1437235,0.8115296,0.3008461,0.47984883
0.8625461,-0.5193008,-14.9313345,0.6746552,0.5189036,-0.5127929,0.11235168
0.7171049,-1.3010465,-15.221028,0.14385054,0.81157094,0.30078733,0.47977772
0.86287916,-0.5205263,-14.930851,0.6747221,0.5189025,-0.5126737,0.112499274
0.71788055,-1.3003516,-15.220003,0.14392528,0.8116377,0.30054808,0.47979233
0.8631749,-0.5177597,-14.930422,0.67459977,0.5190633,-0.512712,0.112316616
0.7184832,-1.301724,-15.219206,0.14405508,0.8116732,0.30038178,0.47979745
0.86343056,-0.5179324,-14.93005,0.67456144,0.51919156,-0.5126465,0.11225273
0.7189565,-1.3028018,-15.218581,0.14411323,0.8117041,0.300279,0.47979212
0.864966,-0.51677614,-14.929721,0.674413,0.5193378,-0.5127223,0.11212166
0.71933144,-1.3036555,-15.218085,0.14418668,0.8117221,0.3001786,0.47980243
0.86498255,-0.5183441,-14.929446,0.67447436,0.51940966,-0.51256144,0.11215564
0.7196379,-1.302487,-15.217681,0.14418943,0.8117994,0.30001298,0.4797744
0.86376274,-0.51843536,-14.9292145,0.67450124,0.51953727,-0.51241964,0.11205015
0.7198803,-1.3033948,-15.2173605,0.14431478,0.811802,0.29998097,0.4797522
0.8639332,-0.5185148,-14.929011,0.67452073,0.5196,-0.51233387,0.1120346
0.7200667,-1.3058332,-15.217114,0.14450149,0.81176484,0.2999802,0.4797595
0.8628468,-0.5161136,-14.928834,0.67449176,0.5197271,-0.51227504,0.11188837
0.71685207,-1.3043998,-15.216919,0.1444828,0.8118364,0.29992956,0.47967568
0.86194724,-0.5188198,-14.928687,0.6746056,0.5197727,-0.51203966,0.112067096
0.71590465,-1.3048859,-15.216763,0.14453617,0.8118384,0.2999223,0.4796608
0.86119705,-0.51996195,-14.928565,0.67467964,0.51983947,-0.5118518,0.112170435
0.7151146,-1.3036429,-15.216632,0.14462215,0.81197274,0.2995134,0.47966298
0.86054945,-0.51877046,-14.92846,0.6747058,0.5199632,-0.5117112,0.11208124
0.71446633,-1.302623,-15.218157,0.14470169,0.8120961,0.29919666,0.4796277
0.8599997,-0.5198436,-14.92837,0.6747861,0.52005184,-0.5114802,0.11224032
0.7155409,-1.3033946,-15.217797,0.14486918,0.8121447,0.29897267,0.47963467
0.85950786,-0.518712,-14.928291,0.6747627,0.52016735,-0.51140404,0.11219272
0.7148523,-1.3040202,-15.217506,0.14503267,0.8122019,0.298797,0.47959775
0.85907537,-0.51874876,-14.928221,0.67479455,0.52024466,-0.51126665,0.112268955
0.71428865,-1.3045322,-15.217268,0.14523628,0.8122356,0.2986563,0.47956678
0.8597062,-0.51978886,-14.92816,0.6748254,0.5203004,-0.5111376,0.11241298
0.7137998,-1.3018343,-15.21706,0.145313,0.8122889,0.29842553,0.47959694
0.859261,-0.51869893,-14.928104,0.67477477,0.5203673,-0.51115215,0.11234096
0.7159317,-1.3021234,-15.216743,0.14554335,0.81221527,0.29832554,0.4797139
0.8594926,-0.5205864,-14.928017,0.6748016,0.52048177,-0.5109471,0.11258203
0.71521294,-1.3029186,-15.216628,0.14561939,0.8121279,0.29835215,0.4798222
0.8591129,-0.5213509,-14.927979,0.6748322,0.5204939,-0.5108764,0.11266317
0.7160794,-1.3035773,-15.216534,0.14567809,0.8120332,0.29837534,0.47995034
0.85966986,-0.5220325,-14.927948,0.6748231,0.52053535,-0.51082444,0.1127619
0.7168279,-1.3026569,-15.216452,0.1457407,0.81192905,0.29838103,0.48010388
0.859276,-0.5208492,-14.927919,0.6747758,0.52058566,-0.5108588,0.112656444
0.71747047,-1.3018667,-15.216381,0.14576957,0.81180763,0.29841974,0.4802764
0.85893387,-0.52155375,-14.927893,0.67481613,0.52059066,-0.51078135,0.11274355
0.7180191,-1.301192,-15.21632,0.14575684,0.81170493,0.2983812,0.48047757
0.8594976,-0.521325,-14.92787,0.6748127,0.5205493,-0.510839,0.112694204
0.71848553,-1.3006184,-15.216269,0.14576097,0.8115839,0.29839703,0.48067096
0.8591264,-0.5202272,-14.927849,0.6747868,0.5205449,-0.51088727,0.112650074
0.7188804,-1.3001328,-15.216225,0.1457997,0.8114014,0.29842323,0.4809509
0.85880476,-0.52097154,-14.92783,0.6748245,0.5204952,-0.510881,0.112681925
0.7223329,-1.2997274,-15.21775,0.14591503,0.8108818,0.29845947,0.48176917
0.8585138,-0.52080387,-14.927814,0.6748273,0.520206,-0.51118714,0.11261288
0.7252284,-1.2993875,-15.219029,0.14581676,0.81037754,0.29848057,0.48263362
0.8600063,-0.5197565,-14.928682,0.67480415,0.5197339,-0.51173097,0.11246147
0.72756416,-1.3006194,-15.22006,0.14579976,0.8098507,0.2985762,0.48346305
0.8604797,-0.51969117,-14.928585,0.6747921,0.51925874,-0.51223576,0.112430096
0.7311023,-1.3001438,-15.220946,0.14569771,0.80937296,0.29866618,0.48423758
0.86174524,-0.52134496,-14.928501,0.6748439,0.51878697,-0.51262915,0.112504035
0.73259616,-1.2981393,-15.221718,0.145562,0.8090006,0.2986003,0.48494092
0.8629568,-0.52023214,-14.929318,0.67478776,0.5183708,-0.5131494,0.112387806
0.73384595,-1.2980561,-15.222363,0.14538518,0.80863243,0.2986587,0.48557153
0.86229265,-0.5218351,-14.92917,0.6749279,0.51788634,-0.5134468,0.112421
0.7349194,-1.2963437,-15.2229185,0.14514999,0.80836415,0.29858783,0.48613194
0.86252886,-0.52241164,-14.929041,0.6749736,0.51749897,-0.5137671,0.11246704
0.7358313,-1.2948891,-15.223391,0.14497255,0.8080618,0.29849902,0.48674184
0.8627464,-0.52131057,-14.929738,0.6749272,0.5171579,-0.51419085,0.11237861
0.73493695,-1.295352,-15.223764,0.14480075,0.8078381,0.29853067,0.48714465
0.86294746,-0.5211172,-14.929557,0.6749714,0.51681626,-0.51446223,0.112442344
0.7358332,-1.2940885,-15.224084,0.14463946,0.80759084,0.29842326,0.48766807
0.8631261,-0.52174634,-14.929398,0.67500716,0.51647043,-0.5147298,0.112592176
0.7365638,-1.2946913,-15.224343,0.14455743,0.8073902,0.29835463,0.48806632
0.8632945,-0.52069247,-14.93007,0.6749871,0.5161371,-0.51511145,0.11249497
0.7371629,-1.2951857,-15.224557,0.14449686,0.8072066,0.29832342,0.48840696
0.86429924,-0.5205483,-14.929855,0.6749445,0.51581836,-0.51545215,0.11265169
0.73767203,-1.2939587,-15.224737,0.14420189,0.80710226,0.29816863,0.4887609
0.8643705,-0.51954913,-14.93052,0.6749095,0.51523495,-0.5160747,0.11268133
0.73810995,-1.2911931,-15.224894,0.1438661,0.8070458,0.298038,0.48903275
0.86528695,-0.52035785,-14.931117,0.67492884,0.51470363,-0.5165051,0.1130212
0.7384737,-1.2906238,-15.225022,0.14371984,0.80701345,0.29788753,0.4892209
0.86616296,-0.51934254,-14.931687,0.6748425,0.5141989,-0.5171002,0.11311333
0.73876035,-1.2918346,-15.225124,0.14364508,0.80691594,0.29786372,0.48941797
0.86697185,-0.5193153,-14.932215,0.6747978,0.5137816,-0.5175148,0.11337977
0.7378226,-1.2922393,-15.225272,0.1435279,0.8069571,0.29770645,0.48948026
0.86665636,-0.5216752,-14.93306,0.6749529,0.5131701,-0.5177473,0.11416144
0.7397888,-1.2915443,-15.226913,0.14345473,0.8070232,0.29751325,0.48951012
0.8673406,-0.5214525,-14.933416,0.67496186,0.5129545,-0.5178979,0.11439401
0.739894,-1.2888535,-15.229448,0.14330764,0.80732626,0.29682517,0.4894713
0.8686224,-0.51936173,-14.934084,0.6748727,0.5126444,-0.5182917,0.11452614
0.739934,-1.2887152,-15.2304125,0.14332226,0.80747,0.29661724,0.489356
0.8683099,-0.5210362,-14.934364,0.6750441,0.5125292,-0.51809925,0.11490172
0.7399682,-1.2869557,-15.231234,0.14330307,0.8076147,0.29632667,0.48929873
0.86972266,-0.5208613,-14.934619,0.6749799,0.51251876,-0.5181392,0.11514573
0.739996,-1.287135,-15.23029,0.14340879,0.8076966,0.29613653,0.48924777
0.8701796,-0.5198139,-14.93486,0.67495406,0.5125178,-0.51817894,0.115122795
0.73848623,-1.2872769,-15.229546,0.14338535,0.80783623,0.29596987,0.48912498
0.87060064,-0.51974326,-14.935083,0.6749326,0.5125869,-0.51811,0.115251206
0.73874503,-1.2873945,-15.228929,0.14337887,0.8078988,0.29582614,0.48911044
0.8701135,-0.5213823,-14.934425,0.67501676,0.5127071,-0.5178219,0.1155179
0.7375154,-1.2874888,-15.228432,0.14340198,0.80802095,0.29567888,0.48899084
0.8696916,-0.52199423,-14.934662,0.67505264,0.51276046,-0.51770765,0.11558346
0.73790556,-1.2875687,-15.228012,0.14344247,0.80813456,0.29545113,0.48892894
0.8693245,-0.5209926,-14.934869,0.6750008,0.5129035,-0.5176587,0.115470715
0.7382367,-1.2876366,-15.227655,0.14333843,0.8082251,0.29539225,0.4888454
0.8697323,-0.5223031,-14.93432,0.6749945,0.5131463,-0.51736706,0.11573569
0.7373885,-1.2877411,-15.227107,0.14341633,0.8084248,0.29512826,0.48865175
0.8704775,-0.520449,-14.934759,0.67483735,0.5135945,-0.51710325,0.115842484
0.73641557,-1.2864193,-15.226895,0.14339519,0.80854464,0.2950117,0.48853
0.87005496,-0.5195855,-14.934954,0.6747772,0.5137637,-0.5170094,0.11586137
0.7356161,-1.2866371,-15.226721,0.1434321,0.8086098,0.2949218,0.48846558
0.8696766,-0.5195451,-14.935129,0.6747733,0.5139019,-0.51684356,0.11601115
0.734951,-1.2868184,-15.226577,0.14346719,0.80864805,0.294881,0.4884166
0.86933625,-0.51950866,-14.9352865,0.674751,0.51404923,-0.5166911,0.11616749
0.7356584,-1.2856714,-15.226445,0.14341964,0.8086946,0.29478887,0.48840907
0.8690369,-0.52015454,-14.935425,0.6747742,0.5141292,-0.5165394,0.11635283
0.7362611,-1.2859885,-15.226333,0.14346574,0.8087045,0.29475003,0.4884026
0.868771,-0.5200804,-14.935548,0.6747599,0.51420516,-0.5164786,0.11637018
0.7355247,-1.2862498,-15.22624,0.1434945,0.8087499,0.2947133,0.48834115
0.86919427,-0.51932144,-14.935669,0.67469096,0.51429284,-0.5164857,0.11635135
0.7349097,-1.286468,-15.226163,0.14345348,0.8087782,0.29469597,0.48831677
0.868909,-0.51930296,-14.935779,0.6746776,0.5143763,-0.51641285,0.116382994
0.7343907,-1.2866522,-15.226098,0.14341891,0.80872494,0.29475206,0.4883814
0.8686569,-0.5199215,-14.935242,0.6746757,0.5144332,-0.51632756,0.11652108
0.73394847,-1.2868092,-15.226043,0.14337097,0.80871356,0.29477665,0.48839945
0.8684332,-0.51986706,-14.935368,0.6746132,0.5144901,-0.51635575,0.116507
0.7357632,-1.2869489,-15.225994,0.14337742,0.80856997,0.2947931,0.48862523
0.86880696,-0.5203917,-14.934906,0.6745257,0.51461077,-0.51629496,0.11675002
0.73675054,-1.2861688,-15.225908,0.14334397,0.8084841,0.29478282,0.48878327
0.8689713,-0.5196394,-14.93518,0.6743338,0.51482993,-0.51631224,0.11681566
0.7371505,-1.2863883,-15.225873,0.14330068,0.8083968,0.2948427,0.48890412
0.86874247,-0.52017176,-14.934734,0.67430156,0.51491654,-0.5162237,0.117010966
0.7375001,-1.2865801,-15.225842,0.1432886,0.8083464,0.29481834,0.48900592
0.86908764,-0.5201071,-14.93488,0.67419165,0.5150019,-0.5162533,0.11713789
0.7378176,-1.2855957,-15.226974,0.14322238,0.8083187,0.29470608,0.48913878
0.8699427,-0.5211275,-14.935013,0.6741211,0.51506084,-0.5162295,0.11738904
0.738087,-1.2858783,-15.227933,0.1431558,0.80827403,0.2946831,0.48924592
0.8696839,-0.52204245,-14.935132,0.6741199,0.5150841,-0.5161689,0.11756054
0.7383331,-1.2849808,-15.228809,0.14309996,0.8082843,0.29454893,0.48932597
0.8699383,-0.52189106,-14.935239,0.67402077,0.5151309,-0.5162466,0.11758255
0.7385562,-1.2841673,-15.229604,0.142928,0.8082837,0.29432097,0.48951432
0.86970496,-0.52268,-14.935335,0.6740466,0.51509887,-0.5162271,0.11766043
0.7375822,-1.2834697,-15.230286,0.14278036,0.8083804,0.29409435,0.48953384
0.8699355,-0.5225128,-14.935424,0.6739845,0.51505923,-0.51636386,0.11758966
0.73913,-1.2828263,-15.230915,0.14273395,0.80839354,0.29381546,0.48969316
0.8701715,-0.5218659,-14.9355135,0.6739046,0.51502097,-0.5165321,0.11747608
0.7392605,-1.282253,-15.231474,0.14263947,0.80840784,0.2936349,0.4898055
0.8704049,-0.5217211,-14.935603,0.6738648,0.5149622,-0.516653,0.117431074
0.73937607,-1.2817448,-15.231971,0.14256667,0.80841243,0.29348478,0.4899091
0.8706241,-0.52207524,-14.935687,0.6738801,0.5148635,-0.5167216,0.11747325
0.7394713,-1.2825345,-15.23238,0.14262216,0.80839354,0.2933973,0.4899763
0.8708307,-0.52240896,-14.935766,0.6738663,0.5147975,-0.5167864,0.11755694
0.73955554,-1.2820103,-15.232741,0.14258073,0.80840594,0.29327315,0.49004233
0.8715833,-0.5222218,-14.935849,0.673778,0.5147414,-0.51695466,0.11756897
0.74090415,-1.2815342,-15.23307,0.14254667,0.8083988,0.2931005,0.49016732
0.87176603,-0.52147335,-14.935931,0.67376226,0.5146634,-0.5170849,0.1174277
0.7421158,-1.2811065,-15.233366,0.14259002,0.8083164,0.29306677,0.49031064
0.8719427,-0.521328,-14.936011,0.67375696,0.5145092,-0.517223,0.117525816
0.74184406,-1.2807372,-15.233621,0.14251687,0.80824745,0.2930265,0.49046978
0.87210506,-0.5217595,-14.936084,0.6737913,0.51431024,-0.5173202,0.11777199
0.7416094,-1.2804184,-15.233841,0.1424576,0.80824757,0.29290867,0.49055716
0.8728565,-0.5221846,-14.936155,0.6737735,0.5141601,-0.5174449,0.11798075
0.7427558,-1.2801359,-15.2340355,0.14242132,0.80815244,0.2927865,0.49079716
0.8736341,-0.5213199,-14.93623,0.6737159,0.51405734,-0.51760745,0.118044384
0.7423739,-1.2784846,-15.234209,0.1422897,0.8081286,0.29266238,0.49094874
0.8737086,-0.52049285,-14.936301,0.67370266,0.5139507,-0.5177347,0.118027024
0.7435166,-1.2769836,-15.234366,0.14217556,0.8080282,0.29253423,0.49122325
0.874464,-0.5210749,-14.936369,0.6736482,0.5138749,-0.5178137,0.11832087
0.74301076,-1.2771975,-15.234494,0.14205684,0.80793333,0.29248527,0.4914428
0.87520856,-0.52092224,-14.936436,0.6735773,0.51379013,-0.5179743,0.1183888
0.7440741,-1.2758719,-15.23461,0.14197564,0.8078344,0.29238993,0.49168545
0.87516946,-0.5192905,-14.9365,0.67346716,0.5137462,-0.51818675,0.11827645
0.7449247,-1.2776947,-15.234702,0.14200337,0.80765545,0.29246968,0.49192396
0.87587965,-0.5200185,-14.936558,0.67348266,0.51362544,-0.51824635,0.11845208
0.7471404,-1.2763294,-15.234782,0.14167073,0.8070596,0.29260376,0.49291718
0.87579286,-0.52065647,-14.936608,0.6734061,0.5132637,-0.5186523,0.11867759
0.74913543,-1.2751,-15.234855,0.14131723,0.80648583,0.29275006,0.49386993
0.8763901,-0.5218913,-14.93598,0.6733067,0.5129288,-0.51902944,0.11904045
0.7508901,-1.2740189,-15.234918,0.14110854,0.8061037,0.2927308,0.49456438
0.8769582,-0.522377,-14.936071,0.6732368,0.51262873,-0.5193616,0.11927937
0.75240314,-1.2730865,-15.234973,0.14089961,0.80562115,0.2928621,0.49533194
0.8775175,-0.52139384,-14.93616,0.6730451,0.5123481,-0.5198984,0.11922847
0.7553482,-1.2740334,-15.235018,0.14083196,0.8050865,0.29302946,0.49612087
0.8773143,-0.5219191,-14.936239,0.6729857,0.5121277,-0.52016157,0.11936287
0.756045,-1.2747943,-15.235054,0.14060405,0.8047594,0.2932663,0.49657607
0.8778074,-0.5230712,-14.936311,0.6729463,0.51185066,-0.5204192,0.11965032
0.7566377,-1.273722,-15.235085,0.1403829,0.8044594,0.29319167,0.49716848
0.8782887,-0.52206343,-14.936379,0.67273915,0.5115182,-0.5210406,0.11953248
0.7589549,-1.2727975,-15.23511,0.1403378,0.80416805,0.29313776,0.49768403
0.8787415,-0.5225596,-14.936445,0.6726695,0.5112226,-0.52139264,0.1196536
0.7626824,-1.273864,-15.235131,0.1403928,0.80381405,0.29318726,0.49821094
0.8784533,-0.5236815,-14.936503,0.672734,0.5109263,-0.5215617,0.11981912
0.76208264,-1.2746848,-15.235148,0.14027648,0.80372256,0.29320204,0.49838263
0.8788631,-0.52402997,-14.936555,0.67261887,0.51075155,-0.5218413,0.11999351
0.76336414,-1.2735901,-15.235162,0.14015633,0.803636,0.29313284,0.4985966
0.879259,-0.52366877,-14.936605,0.67256016,0.51055145,-0.5221374,0.11988562
0.7644407,-1.2726705,-15.235174,0.14021212,0.8035713,0.29293036,0.49880412
0.88043517,-0.5225281,-14.936657,0.67236704,0.5104647,-0.52250504,0.11973629
0.76349413,-1.2719498,-15.235183,0.14008549,0.8037106,0.29271787,0.4987401
0.8807543,-0.5214522,-14.936706,0.67230016,0.5103379,-0.5227462,0.11960008
0.7645413,-1.2713475,-15.235191,0.14003664,0.8036966,0.2926771,0.49880037
0.88105434,-0.5212502,-14.936751,0.67236185,0.5102504,-0.52274346,0.1196384
0.7654064,-1.2708502,-15.235197,0.13967173,0.8036384,0.29270756,0.49897847
0.8805461,-0.52261305,-14.936022,0.672527,0.5101624,-0.52255934,0.119889334
0.76427835,-1.270468,-15.235202,0.13938475,0.8037152,0.29254326,0.4990312
0.8808327,-0.5230733,-14.935385,0.6724686,0.51020515,-0.5225719,0.11998062
0.7651949,-1.2682649,-15.235207,0.13907343,0.8033981,0.292578,0.4996081
0.8810843,-0.52347755,-14.93552,0.6724368,0.51020795,-0.52258754,0.1200791
0.7659269,-1.2683688,-15.237074,0.13893117,0.8031179,0.29260126,0.50008434
0.88132,-0.523856,-14.935645,0.67246956,0.51020277,-0.52255636,0.12005359
0.7685386,-1.2664744,-15.236692,0.13902289,0.8026299,0.29260826,0.50083774
0.8815411,-0.5227928,-14.935763,0.67232776,0.5102342,-0.5227841,0.1197215
0.76862514,-1.2669406,-15.238324,0.13906258,0.80238783,0.29261234,0.5012118
0.8817491,-0.5210711,-14.935875,0.6721602,0.51031214,-0.5229962,0.11940402
0.77064866,-1.2673187,-15.239648,0.13904609,0.8020449,0.29275316,0.50168294
0.8827128,-0.5216722,-14.935985,0.67212707,0.5102796,-0.5230414,0.119531244
0.7703173,-1.2676114,-15.240672,0.1388408,0.8018824,0.29280227,0.5019709
0.88283324,-0.52292055,-14.936079,0.67220044,0.5103206,-0.52286434,0.11971838
0.7720377,-1.2658583,-15.241539,0.13865179,0.8017572,0.29260567,0.5023376
0.8829453,-0.5226285,-14.936168,0.67218417,0.5103055,-0.52290845,0.11968077
0.7734557,-1.2644132,-15.242253,0.13842998,0.80169815,0.2925227,0.50254136
0.88384265,-0.5215511,-14.936255,0.67202,0.5102676,-0.52320087,0.11948626
0.7745516,-1.2653512,-15.242806,0.13846484,0.8014557,0.2926456,0.50284684
0.8847223,-0.5213334,-14.936342,0.6720152,0.5101428,-0.5233183,0.11953212
0.77540493,-1.2660816,-15.243236,0.13832004,0.80133873,0.2926926,0.5030457
0.8846886,-0.52273744,-14.936418,0.6721014,0.50998807,-0.52329224,0.11982176
0.7740899,-1.2646729,-15.243563,0.13798776,0.8014806,0.29263198,0.50294626
0.88465923,-0.52320576,-14.936483,0.6721422,0.5098597,-0.5233589,0.11984822
0.77500796,-1.2635522,-15.241859,0.13795069,0.80146176,0.2926592,0.5029706
0.8846335,-0.5243367,-14.936541,0.67217594,0.50937766,-0.5237493,0.12000282
0.7776669,-1.2646105,-15.240521,0.13820937,0.8013255,0.29271072,0.50308657
0.88536704,-0.52316123,-14.936597,0.6720064,0.50909454,-0.52428156,0.1198297
0.77977777,-1.2654507,-15.23946,0.1383953,0.8012594,0.2927326,0.503128
0.8860798,-0.52201897,-14.936651,0.6718486,0.50884026,-0.5247514,0.11973759
0.7795474,-1.2660966,-15.240496,0.13843082,0.80122894,0.29284206,0.50310296
0.8876756,-0.5226266,-14.936706,0.6717223,0.5086142,-0.52506924,0.12001273
0.7793701,-1.2665933,-15.239528,0.13835981,0.80127496,0.29296103,0.50298
0.8882372,-0.5240325,-14.935892,0.67172366,0.5084552,-0.52517396,0.12022035
0.7792311,-1.2669832,-15.238768,0.13850458,0.80127025,0.29306945,0.5028845
0.8887653,-0.52357054,-14.936017,0.6716619,0.50833595,-0.52538675,0.12014032
0.7808498,-1.2673113,-15.239863,0.13852248,0.801238,0.29305303,0.50294054
0.8892432,-0.5249321,-14.936131,0.6717503,0.5082654,-0.5253109,0.12027612
0.7804552,-1.2675706,-15.240729,0.13848479,0.8013378,0.2930404,0.5027993
0.88880986,-0.52526057,-14.93623,0.671859,0.50822073,-0.5251941,0.120367244
0.78012943,-1.2661127,-15.241444,0.13823831,0.80141985,0.29286,0.50284135
0.89020175,-0.52649075,-14.936326,0.6718001,0.5084268,-0.5249956,0.12069175
0.77986974,-1.266564,-15.242013,0.13820486,0.801492,0.2927948,0.5027736
0.89055675,-0.5257823,-14.936414,0.6716774,0.5086189,-0.52497244,0.12066624
0.77966,-1.2669284,-15.242473,0.13812695,0.8015712,0.2927703,0.50268304
0.8908682,-0.52338505,-14.936491,0.6715312,0.50887483,-0.5249581,0.12046285
0.77948314,-1.2656581,-15.242862,0.13806319,0.8016134,0.29266888,0.5026922
0.8902932,-0.52216154,-14.936558,0.67155993,0.5090771,-0.52474546,0.12037423
0.7793341,-1.2645881,-15.243189,0.13786231,0.8016601,0.29262576,0.50269794
0.89060444,-0.52271855,-14.936617,0.67159903,0.50924724,-0.52445936,0.12068362
0.7792151,-1.2652552,-15.24345,0.13782297,0.801609,0.2926508,0.50277567
0.8900929,-0.5232024,-14.936668,0.6716335,0.5094445,-0.52417177,0.120908454
0.7791139,-1.2642851,-15.243672,0.13765751,0.8016764,0.29246575,0.50282127
0.8896465,-0.52213913,-14.936713,0.67158556,0.50964624,-0.52405787,0.12081836
0.77757275,-1.2635108,-15.24385,0.13762476,0.8016849,0.29237285,0.5028707
0.8899674,-0.5204669,-14.936753,0.67145044,0.50987554,-0.52404535,0.120655656
0.7777184,-1.2628871,-15.242604,0.13678351,0.80103797,0.29323032,0.50363135
0.88956493,-0.5196819,-14.936788,0.6713537,0.51015437,-0.5239141,0.120585464
0.7791792,-1.2637118,-15.241575,0.13634482,0.8004218,0.293943,0.50431406
0.8898897,-0.51891977,-14.936822,0.67121667,0.5103356,-0.5239112,0.120594166
0.7804922,-1.263053,-15.240651,0.1359407,0.7999158,0.29458818,0.5048491
0.89019066,-0.51892984,-14.936137,0.6711344,0.51049197,-0.5238181,0.12079471
0.7815885,-1.2638712,-15.239879,0.13565615,0.79960823,0.2950935,0.5051178
0.89045537,-0.52029985,-14.9355345,0.67111504,0.5105713,-0.5237154,0.121011585
0.7840033,-1.2646053,-15.240617,0.13549355,0.7992909,0.29542947,0.5054671
0.8900424,-0.5195696,-14.935003,0.6710411,0.51067704,-0.5237154,0.12097572
0.7846514,-1.2637678,-15.241269,0.13527003,0.7992085,0.29547906,0.50562817
0.89030236,-0.5188921,-14.935154,0.6709459,0.51073796,-0.523783,0.120953575
0.7868506,-1.2630024,-15.241865,0.1351727,0.79899836,0.29561794,0.5059053
0.8905506,-0.51890326,-14.935297,0.6709267,0.51077026,-0.52375656,0.121038705
0.7870819,-1.2606914,-15.242377,0.13481523,0.799019,0.29557347,0.5059941
0.89077395,-0.5195491,-14.93479,0.67093146,0.51081896,-0.5236685,0.12118759
0.78569204,-1.2604457,-15.24278,0.13455507,0.7991449,0.29553467,0.505887
0.89097786,-0.52013844,-14.934948,0.6709403,0.5108005,-0.52365,0.12129654
0.78609383,-1.2602439,-15.24311,0.13459697,0.799165,0.29542732,0.5059068
0.89056873,-0.51948166,-14.935089,0.67093766,0.51084167,-0.5236242,0.1212485
0.7849482,-1.260083,-15.243373,0.13449594,0.7992714,0.29532892,0.505823
0.89143133,-0.5194533,-14.935232,0.6709221,0.51089185,-0.5235577,0.12141
0.78263324,-1.2571682,-15.243586,0.13324489,0.80136204,0.29237497,0.5045609
0.89037454,-0.5188209,-14.934752,0.671169,0.51123273,-0.522906,0.12141918
0.78075266,-1.2534772,-15.243758,0.13234186,0.80274487,0.29034373,0.5037726
0.8900109,-0.5188349,-14.934325,0.6713979,0.5114901,-0.5223308,0.121544994
0.7791645,-1.2516557,-15.243903,0.13193062,0.8036495,0.28909755,0.5031546
0.88913816,-0.51994354,-14.933944,0.6716233,0.51168215,-0.5218103,0.12172745
0.77651966,-1.248811,-15.244028,0.13151965,0.8042619,0.28814706,0.50282866
0.8888769,-0.5193748,-14.933602,0.6717556,0.51173705,-0.52158207,0.12174509
0.775501,-1.2476174,-15.244137,0.13140929,0.8045432,0.28756776,0.5027392
0.88864225,-0.51985294,-14.933295,0.67189103,0.5117381,-0.5213847,0.12183811
0.77460873,-1.2465718,-15.244233,0.13144,0.80465364,0.28729394,0.5027109
0.88796085,-0.5202838,-14.933018,0.6720385,0.5116851,-0.521233,0.12189686
0.7724652,-1.2442921,-15.244317,0.13128902,0.8048107,0.28695768,0.5026909
0.88779163,-0.5202268,-14.932768,0.67211604,0.5116039,-0.5212106,0.121906124
0.77194095,-1.2422011,-15.244395,0.13130379,0.8046654,0.2870346,0.50287575
0.88806236,-0.5205991,-14.932965,0.67219085,0.5113549,-0.52134204,0.12197646
0.7714945,-1.241865,-15.244462,0.13132069,0.8045111,0.28725377,0.5029932
0.88830817,-0.52134013,-14.933145,0.67227644,0.51108974,-0.5214668,0.12208286
0.771094,-1.2400385,-15.244522,0.13133307,0.8043744,0.2873531,0.50315183
0.8881492,-0.5212492,-14.933308,0.6723376,0.5108408,-0.5216229,0.122120745
0.77234304,-1.2384231,-15.244575,0.13133176,0.80421084,0.28748664,0.5033372
0.8883678,-0.52080256,-14.933457,0.6723523,0.5105745,-0.5218704,0.122095406
0.77179754,-1.2386724,-15.2446165,0.13136807,0.8040721,0.28766468,0.5034477
0.8885676,-0.5203943,-14.933593,0.6723777,0.5102864,-0.5221176,0.12210353
0.7713631,-1.240348,-15.244651,0.13140649,0.80388576,0.28791064,0.5035946
0.8887506,-0.52067673,-14.933718,0.6724409,0.5099047,-0.5223838,0.12221183
0.77241695,-1.240292,-15.244678,0.13136931,0.803691,0.2880718,0.5038229
0.8889185,-0.5209359,-14.933832,0.6725037,0.50946176,-0.5227037,0.122345194
0.77327204,-1.2415795,-15.2447,0.13143174,0.8034582,0.28828377,0.5040567
0.8890729,-0.52087796,-14.933938,0.67255366,0.50895876,-0.5231314,0.122336484
0.7739716,-1.2413667,-15.244718,0.13135634,0.8032836,0.28839803,0.5042893
0.8895491,-0.52050155,-14.934047,0.67253816,0.50838345,-0.52371573,0.122313336
0.77602607,-1.2383872,-15.244735,0.13064083,0.80279386,0.28849757,0.5051972
0.890544,-0.5208457,-14.934182,0.6725645,0.5070661,-0.5248772,0.122657806
0.77787846,-1.2371643,-15.24475,0.12997162,0.80233264,0.28863162,0.5060253
0.89172184,-0.52125317,-14.934341,0.67266387,0.50560373,-0.52609044,0.12295134
0.7812415,-1.2343925,-15.244764,0.12930954,0.8019971,0.28846237,0.50682265
0.89307004,-0.52051026,-14.934525,0.6726061,0.5041447,-0.52755123,0.122999296
0.78250074,-1.2319201,-15.244778,0.128711,0.80174416,0.2883347,0.5074475
0.89541394,-0.51963663,-14.934739,0.6725914,0.50275975,-0.5288885,0.12300568
0.7835899,-1.2297816,-15.244789,0.12817876,0.80161136,0.28821787,0.5078582
0.8960911,-0.5195882,-14.934948,0.6727903,0.50158143,-0.5297138,0.1231777
0.7845062,-1.2279825,-15.246711,0.12770368,0.80159235,0.2880877,0.5080817
0.8976154,-0.52125806,-14.935154,0.6730431,0.5004035,-0.5303708,0.12375875
0.7852638,-1.2264949,-15.248301,0.12728518,0.8015831,0.28798744,0.5082581
0.89814615,-0.5227828,-14.935341,0.6733094,0.4994919,-0.5308293,0.124026366
0.7858454,-1.2272604,-15.249521,0.12712589,0.8015385,0.2878157,0.50846565
0.8996145,-0.5224181,-14.935528,0.6733388,0.498661,-0.53156024,0.124080025
0.78634244,-1.2238469,-15.250565,0.12697507,0.8016006,0.28749964,0.5085842
0.9021722,-0.52098453,-14.93678,0.6732427,0.49795297,-0.5323984,0.12385097
0.78673977,-1.2231804,-15.251397,0.12695524,0.80163276,0.28744957,0.50856674
0.90344775,-0.5196438,-14.937951,0.6732925,0.49736977,-0.5329123,0.12371321
0.7850772,-1.2246422,-15.252019,0.12694092,0.801772,0.2873978,0.50838006
0.9058933,-0.52078617,-14.939078,0.6733294,0.49671635,-0.53339577,0.12405422
0.78381974,-1.2257478,-15.25249,0.1273201,0.8023431,0.2870701,0.5075688
0.9081898,-0.52185893,-14.940138,0.6735228,0.4961869,-0.53362846,0.124122426
0.7828564,-1.2248268,-15.25285,0.12752095,0.8027455,0.2868209,0.5070225
0.90887046,-0.52015585,-14.94106,0.67360264,0.49594998,-0.5338292,0.12377201
0.782097,-1.2241007,-15.253134,0.12772778,0.8029964,0.28662512,0.5066839
0.9094688,-0.520002,-14.941871,0.6736855,0.4958143,-0.5338629,0.123719685
0.77987814,-1.2235327,-15.253356,0.1278677,0.8032188,0.28648606,0.50637466
0.9099846,-0.52121526,-14.942569,0.6738789,0.49583372,-0.5335253,0.1240443
0.7796701,-1.2246279,-15.253531,0.12819798,0.8032263,0.28644842,0.5063004
0.91042775,-0.5195683,-14.94317,0.67368656,0.49601838,-0.5336288,0.12390517
0.7795042,-1.2255012,-15.253672,0.12843797,0.80328685,0.2863397,0.5062051
0.91081375,-0.51949555,-14.943693,0.67369604,0.49625674,-0.53339696,0.12389775
0.7779776,-1.2248112,-15.253784,0.12858975,0.80335003,0.28627256,0.5061043
0.9111358,-0.5207584,-14.942806,0.6737248,0.49653226,-0.53304815,0.124138884
0.7767375,-1.2255741,-15.253876,0.12874423,0.80332947,0.28635544,0.50605077
0.91140133,-0.52306575,-14.942074,0.6737687,0.49679416,-0.5326893,0.12439225
0.7769788,-1.2261992,-15.252694,0.1290993,0.8032498,0.28643095,0.506044
0.9116324,-0.52253634,-14.942706,0.67368597,0.49716297,-0.532493,0.12420737
0.77717805,-1.2267152,-15.2529125,0.12944308,0.80313003,0.2864958,0.5061095
0.9118293,-0.5233304,-14.942,0.67369896,0.4974508,-0.5321843,0.12430739
0.77734387,-1.2271445,-15.25196,0.12980449,0.80298567,0.28661102,0.5061807
0.9119981,-0.5240112,-14.941393,0.6736963,0.49778923,-0.53182584,0.12450121
0.77748275,-1.22966,-15.251161,0.1301952,0.8028552,0.28678077,0.5061912
0.91214114,-0.5257794,-14.94088,0.67380315,0.49795166,-0.53152245,0.12456875
0.77759993,-1.2307577,-15.250486,0.13051054,0.80278456,0.2868992,0.506155
0.9122637,-0.5249645,-14.940439,0.6738164,0.49811566,-0.5313784,0.12445627
0.7786722,-1.2316896,-15.249915,0.13078202,0.80269605,0.28700083,0.5061677
0.9112594,-0.52317756,-14.941178,0.673861,0.49825215,-0.53125143,0.124209836
0.7786636,-1.2324852,-15.249428,0.13098201,0.8026267,0.2871292,0.5061531
0.9114664,-0.52272666,-14.940749,0.6739005,0.49834076,-0.53114235,0.12410695
0.7786561,-1.2331684,-15.249008,0.13114893,0.80258036,0.28727385,0.50610137
0.911645,-0.5233559,-14.940378,0.673907,0.49844217,-0.5310274,0.1241565
0.7778157,-1.2345922,-15.248647,0.13146764,0.802606,0.28743264,0.50588787
0.91082937,-0.5229231,-14.9410305,0.6739505,0.4985263,-0.53095067,0.123909906
0.7778789,-1.2358273,-15.248333,0.13176912,0.80257195,0.28760812,0.5057636
0.91105545,-0.52348214,-14.941599,0.67398036,0.4985512,-0.53088945,0.123909794
0.77868676,-1.236904,-15.248059,0.1319845,0.8025069,0.28777838,0.5057139
0.91036063,-0.5248502,-14.941196,0.67408985,0.49857196,-0.53072995,0.12391434
0.77867895,-1.2371317,-15.24782,0.13212682,0.8024397,0.2878961,0.5057163
0.91060585,-0.5251854,-14.94085,0.6740933,0.4984369,-0.53087765,0.12380532
0.7793515,-1.2380112,-15.247609,0.13230853,0.8023254,0.28800026,0.5057908
0.9117234,-0.52373844,-14.941402,0.674022,0.49827918,-0.53114986,0.12366108
0.77929986,-1.2381424,-15.247422,0.13242772,0.8022237,0.28809303,0.505868
0.91185486,-0.5233074,-14.941905,0.67401767,0.49807975,-0.5313667,0.12355643
0.7792541,-1.2382586,-15.247256,0.13250493,0.80209893,0.2881932,0.5059886
0.9119703,-0.5246391,-14.941491,0.6740988,0.49783137,-0.5314484,0.12376373
0.7797959,-1.2377796,-15.24711,0.13253775,0.80198395,0.28824586,0.50613225
0.9120732,-0.5258269,-14.941121,0.6741209,0.49760365,-0.5315899,0.123950854
0.7802794,-1.2379055,-15.247533,0.13252756,0.80186075,0.2882775,0.50631213
0.9121673,-0.5269138,-14.941622,0.6742069,0.49696672,-0.5320619,0.12401401
0.7801866,-1.2385437,-15.2479105,0.1325973,0.8017844,0.2882968,0.5064038
0.9131737,-0.52890587,-14.94212,0.67428327,0.49639794,-0.53242695,0.1243091
0.78060263,-1.2386175,-15.248251,0.13265693,0.8017436,0.28825837,0.50647455
0.91317177,-0.52801216,-14.942551,0.6742674,0.49595925,-0.5328928,0.12414997
0.78097737,-1.2386839,-15.248557,0.1327528,0.8017128,0.28823134,0.5065136
0.9131701,-0.52722937,-14.942926,0.6742556,0.49561104,-0.53327805,0.12394995
0.7808651,-1.2387439,-15.248833,0.13282013,0.80170524,0.28823325,0.5065068
0.91316855,-0.5281952,-14.943271,0.6743289,0.49534664,-0.5333852,0.12414708
0.78076345,-1.2392265,-15.248654,0.13295798,0.8017198,0.28824076,0.5064434
0.91316706,-0.52993,-14.943587,0.6743946,0.49499053,-0.5335983,0.124294564
0.7806711,-1.2392577,-15.248492,0.13308215,0.8017635,0.2882185,0.5063543
0.9131658,-0.5290201,-14.943861,0.6742972,0.49480838,-0.53392124,0.12416198
0.78058714,-1.2396725,-15.248345,0.13324314,0.8017744,0.28824773,0.50627804
0.91316473,-0.5282279,-14.944099,0.67422247,0.49463278,-0.534237,0.12390899
0.7805106,-1.2400508,-15.248212,0.13338853,0.8017898,0.2882941,0.5061889
0.9139916,-0.5290936,-14.944337,0.6742185,0.4944315,-0.5343834,0.124102406
0.7804406,-1.2403963,-15.24809,0.13353157,0.8018109,0.28834963,0.5060862
0.9147916,-0.52905476,-14.944567,0.67416024,0.49429542,-0.5345897,0.12407221
0.78031784,-1.2410029,-15.247874,0.13385884,0.8017709,0.28858942,0.5059263
0.91531545,-0.52904737,-14.944968,0.67418194,0.49407187,-0.5347924,0.12397134
0.7802639,-1.2412696,-15.247779,0.13406476,0.80171466,0.28875872,0.5058644
0.91602325,-0.52901125,-14.9451475,0.6741388,0.4940811,-0.53483504,0.12398519
0.7802142,-1.241515,-15.247692,0.13427275,0.80166334,0.28893247,0.5057912
0.9166689,-0.52805763,-14.9453125,0.6740012,0.49406677,-0.5350818,0.12372518
0.78016835,-1.2420112,-15.247612,0.13452521,0.80162245,0.28921002,0.5056303
0.91824347,-0.5261917,-14.945467,0.6736736,0.49399424,-0.5356012,0.12355174
0.7801165,-1.2425725,-15.247208,0.13471596,0.8014626,0.28962907,0.50559306
0.9197407,-0.526454,-14.944596,0.6735653,0.49386704,-0.5358031,0.12377533
0.78047353,-1.243307,-15.246678,0.13494088,0.8012202,0.2901573,0.50561446
0.9200527,-0.5286662,-14.943838,0.67354965,0.493831,-0.53575945,0.124192536
0.78037155,-1.2441639,-15.24606,0.13515484,0.8009854,0.2906408,0.5056516
0.92033136,-0.529654,-14.943162,0.67356664,0.49369153,-0.53585243,0.124253474
0.78024703,-1.2458782,-15.245305,0.13537084,0.8007309,0.2911655,0.5056951
0.92057514,-0.5285923,-14.943532,0.67342734,0.4937171,-0.53604126,0.12409205
0.7808918,-1.2469579,-15.244488,0.13550225,0.8004271,0.29168564,0.50584114
0.92079216,-0.5285997,-14.942909,0.67337775,0.49367642,-0.5361135,0.124210805
0.7814985,-1.2471756,-15.244517,0.13552313,0.8001343,0.29209927,0.50606
0.9200725,-0.530417,-14.942376,0.6735375,0.4936563,-0.5358956,0.12436532
0.78212875,-1.2483063,-15.243643,0.13561453,0.79983526,0.29250938,0.5062711
0.920314,-0.5302601,-14.941916,0.67338234,0.49369407,-0.53607273,0.12429229
0.7827623,-1.2494427,-15.242764,0.13563369,0.7995324,0.29291382,0.5065106
0.9205243,-0.52929825,-14.941517,0.67322034,0.49376464,-0.5362376,0.124177866
0.78449833,-1.2505673,-15.241894,0.13548681,0.7991368,0.29329753,0.506952
0.92071015,-0.52844846,-14.941162,0.6730279,0.49389467,-0.5364015,0.12399591
0.7884096,-1.2494247,-15.240484,0.13446894,0.7978054,0.2933406,0.5092897
0.9210117,-0.5277566,-14.939762,0.6729102,0.4950649,-0.5355196,0.123780005
0.7905559,-1.2483566,-15.239891,0.13402371,0.7972905,0.29321706,0.51028365
0.92114633,-0.52634996,-14.9395685,0.6728151,0.4956278,-0.5351843,0.1234937
0.79536885,-1.2476501,-15.2388315,0.1332265,0.7964536,0.29307798,0.51187676
0.92070204,-0.52665436,-14.937931,0.67283255,0.49696165,-0.53397834,0.12325832
0.7956624,-1.2467246,-15.238397,0.13271436,0.796155,0.29294118,0.51255214
0.91957194,-0.5267869,-14.937253,0.6729264,0.4979593,-0.53301823,0.1228747
0.7982366,-1.2452443,-15.239807,0.13166907,0.79548556,0.29280046,0.51393974
0.9176758,-0.52587247,-14.936114,0.6730018,0.50030565,-0.5310339,0.12151482
0.8005677,-1.2457817,-15.240432,0.13113669,0.79492664,0.29308262,0.5147789
0.916335,-0.52440214,-14.935636,0.67301625,0.50170016,-0.52993244,0.12048905
0.80274534,-1.2462838,-15.2410145,0.13065337,0.79439473,0.2933667,0.51556057
0.9146176,-0.52256864,-14.935722,0.67299,0.5030222,-0.52894306,0.11946758
0.80334747,-1.2454696,-15.241508,0.13016005,0.79393524,0.2936616,0.5162249
0.91258377,-0.52141005,-14.935311,0.67305547,0.5042308,-0.527908,0.11857819
0.80521995,-1.2460316,-15.241962,0.12978451,0.79340255,0.29405966,0.5169114
0.9112154,-0.52083075,-14.934938,0.6730823,0.5053115,-0.52699584,0.1178807
0.8055113,-1.2452278,-15.242344,0.12943324,0.7929682,0.29447916,0.5174269
0.90997833,-0.5207491,-14.934604,0.67318237,0.5065424,-0.525867,0.117065325
0.80576587,-1.2458082,-15.242678,0.12910537,0.7925763,0.29496765,0.5178307
0.9088572,-0.52025515,-14.934299,0.67327553,0.5078732,-0.52468807,0.11604907
0.80598795,-1.2463145,-15.242967,0.12889259,0.7922312,0.2954235,0.518152
0.9074398,-0.51940745,-14.934023,0.6734481,0.5091238,-0.5235059,0.11490104
0.807654,-1.2511573,-15.240348,0.12976448,0.79157233,0.2977782,0.51759315
0.907244,-0.5184244,-14.933219,0.67315996,0.50927097,-0.524011,0.11362777
0.80919164,-1.2540505,-15.237932,0.13034353,0.7911338,0.29963288,0.5170475
0.9070242,-0.5173213,-14.932318,0.67287254,0.5092728,-0.52461463,0.11253174
0.80889416,-1.2565258,-15.234252,0.13071619,0.79097694,0.3010903,0.5163462
0.9067787,-0.5160887,-14.930633,0.6726209,0.50911653,-0.5252832,0.11162011
0.810386,-1.2605387,-15.230906,0.13114706,0.7907382,0.3023503,0.51586616
0.90652555,-0.5155692,-14.928896,0.6723821,0.5088841,-0.52596223,0.11091941
0.8116669,-1.2621315,-15.228032,0.1314715,0.79062545,0.3033582,0.51536447
0.9062695,-0.5150437,-14.927138,0.67221016,0.5086012,-0.5265984,0.11023887
0.8148576,-1.2676482,-15.225468,0.13197656,0.79048216,0.3042556,0.514926
0.9068669,-0.5153919,-14.925513,0.6720171,0.50824773,-0.5272861,0.10975758
0.81326467,-1.2720116,-15.22344,0.13227426,0.79048324,0.30512515,0.51433307
0.90744597,-0.5148438,-14.923938,0.6718171,0.50784624,-0.52804226,0.109203316
0.8140944,-1.273422,-15.221802,0.13260643,0.79052305,0.30568472,0.5138539
0.9080185,-0.5133374,-14.9223795,0.67156,0.5074477,-0.5288722,0.10861997
0.8105483,-1.2807868,-15.220539,0.13342091,0.7899914,0.30876905,0.51261514
0.9103405,-0.5138824,-14.922881,0.6713034,0.50577915,-0.5307889,0.108638525
0.8098408,-1.2867693,-15.219514,0.13412169,0.7894913,0.31127432,0.51168674
0.91320646,-0.51348037,-14.922441,0.6710327,0.5044,-0.53242505,0.10871644
0.8111524,-1.2936012,-15.218055,0.13515186,0.7885065,0.31507725,0.51060545
0.9162876,-0.513617,-14.923276,0.6706954,0.50209534,-0.534961,0.109017394
0.8126215,-1.2970121,-15.217541,0.13536966,0.7880304,0.3164136,0.51045626
0.91753674,-0.51553184,-14.923615,0.6706827,0.5011096,-0.5358212,0.109405115
0.81131923,-1.2995744,-15.217155,0.13548714,0.78773487,0.3173481,0.5103011
0.91934025,-0.5165007,-14.923912,0.67063785,0.5002932,-0.53657466,0.10972338
0.81274205,-1.3014864,-15.219262,0.13536972,0.78736484,0.31768623,0.51069283
0.92025375,-0.51735324,-14.924172,0.67063725,0.49965215,-0.5370953,0.1101001
0.81148237,-1.3005756,-15.220765,0.13505512,0.78713554,0.31776956,0.5110776
0.9210608,-0.51874626,-14.924403,0.6706788,0.49909136,-0.5374761,0.11053182
0.81056887,-1.299915,-15.221855,0.13490695,0.7869705,0.31748614,0.5115468
0.9211685,-0.5181579,-14.925216,0.67067206,0.49869034,-0.53779715,0.110820666
0.81201935,-1.3015614,-15.222699,0.13476932,0.7867649,0.3172374,0.5120533
0.92184186,-0.5182118,-14.925361,0.6706907,0.49836254,-0.5380078,0.11115915
0.8110383,-1.2986748,-15.225369,0.13439646,0.7867891,0.3167306,0.51242787
0.92244315,-0.51935714,-14.925491,0.6707366,0.49810496,-0.53810173,0.11158199
0.8141995,-1.2984647,-15.2273655,0.13430274,0.7866538,0.3161658,0.51300865
0.92246056,-0.51934075,-14.926128,0.6707874,0.49793106,-0.5381335,0.11189919
0.8128946,-1.2964556,-15.228878,0.13399924,0.78668904,0.31554845,0.5134139
0.9224762,-0.51932603,-14.926701,0.6708483,0.49780595,-0.5381106,0.11219978
0.81365085,-1.2949142,-15.230039,0.13375476,0.78673154,0.3149429,0.5137842
0.9220199,-0.5202535,-14.926746,0.6709442,0.4977233,-0.53798205,0.11260873
0.81423795,-1.2920482,-15.230939,0.13339028,0.78677183,0.31437176,0.5141669
0.9220545,-0.52019775,-14.927235,0.67098504,0.49770698,-0.53787684,0.112940036
0.8146989,-1.2882123,-15.231647,0.13278756,0.7868571,0.31315085,0.51493686
0.9216614,-0.5201473,-14.927253,0.671131,0.49792847,-0.53741807,0.11328005
0.81506443,-1.2851695,-15.232207,0.13229482,0.7869779,0.31222266,0.51544243
0.9209012,-0.5196982,-14.927671,0.6712558,0.49814957,-0.53699887,0.11355555
0.8153572,-1.2827319,-15.232657,0.13189271,0.7870799,0.3115151,0.51581776
0.9205923,-0.5204388,-14.9276705,0.6714109,0.49832493,-0.5365729,0.11388299
0.8142342,-1.2794013,-15.233021,0.13156764,0.7872567,0.3108259,0.5160467
0.9199466,-0.5196585,-14.928033,0.6715194,0.49851912,-0.53621984,0.114056386
0.8146101,-1.2779765,-15.233316,0.13134284,0.787357,0.31036222,0.51623
0.9193564,-0.5199826,-14.928019,0.671653,0.49866885,-0.5358606,0.11430277
0.8136919,-1.276805,-15.233561,0.131116,0.7874821,0.31004512,0.5162874
0.918816,-0.51995087,-14.928334,0.67177093,0.49880424,-0.53554755,0.114486426
0.8140969,-1.2758342,-15.233763,0.1310909,0.78755504,0.30971605,0.51638
0.91832006,-0.5199218,-14.928624,0.6718642,0.49893457,-0.53527534,0.114643864
0.81332743,-1.2761314,-15.233932,0.1310069,0.78761584,0.30962393,0.51636374
0.91786426,-0.5201915,-14.92889,0.6719625,0.49904895,-0.53500485,0.11483208
0.8116284,-1.2763811,-15.235125,0.13098232,0.7876885,0.30953982,0.5163096
0.91716295,-0.5204398,-14.929135,0.6720639,0.49912825,-0.53476757,0.11499914
0.8111906,-1.2755928,-15.234136,0.13112442,0.78797376,0.30885854,0.5162463
0.9173189,-0.52093637,-14.929093,0.6720745,0.4989726,-0.5348343,0.11530219
0.8117676,-1.2749218,-15.233293,0.13132367,0.78815216,0.30828717,0.51626474
0.9174629,-0.52063245,-14.929054,0.67205095,0.49883747,-0.53494227,0.11552252
0.8122616,-1.2743473,-15.232573,0.13147752,0.7882898,0.3078486,0.51627713
0.91759604,-0.5210757,-14.92902,0.67206115,0.49869224,-0.5350063,0.11579371
0.8118298,-1.2729958,-15.231952,0.13154534,0.7884721,0.3073409,0.5162839
0.9179488,-0.5210275,-14.928987,0.6720405,0.49853334,-0.5351343,0.116005935
0.81145614,-1.2718263,-15.231415,0.13161549,0.7886134,0.30690065,0.5163123
0.9184938,-0.5212007,-14.928956,0.67202044,0.49836108,-0.5352612,0.11627632
0.8119047,-1.2708093,-15.2309475,0.13168108,0.7887065,0.3065124,0.51638395
0.9187928,-0.5211545,-14.928928,0.6719797,0.4981578,-0.5354454,0.11653498
0.8122966,-1.2706558,-15.230539,0.13179792,0.78880787,0.30616435,0.51640576
0.9190707,-0.52130824,-14.928901,0.6719453,0.49791083,-0.53565115,0.116843015
0.8126405,-1.2705212,-15.23088,0.13192669,0.78889674,0.3058636,0.5164153
0.9191446,-0.5214554,-14.928875,0.67194146,0.49761316,-0.53585726,0.117187425
0.8129434,-1.2697393,-15.231178,0.13199638,0.7890075,0.30558348,0.51639414
0.91921693,-0.5214074,-14.929043,0.671923,0.49729446,-0.53610957,0.11749206
0.8132113,-1.2696778,-15.231443,0.13207458,0.78909343,0.30535632,0.5163772
0.91948014,-0.5219371,-14.929015,0.6719172,0.4969473,-0.5363377,0.11795182
0.81285065,-1.2690247,-15.23168,0.13213019,0.789196,0.3051294,0.51634043
0.9195458,-0.52187943,-14.929179,0.6718977,0.49663752,-0.5365893,0.118222676
0.8125294,-1.2690115,-15.23189,0.13215764,0.78929347,0.30497417,0.516276
0.9196102,-0.52239966,-14.929149,0.67192286,0.49630412,-0.5367665,0.11867414
0.8122422,-1.2689996,-15.232078,0.13217255,0.78936213,0.30484885,0.5162412
0.91986555,-0.5223328,-14.929311,0.6718621,0.49602616,-0.5370413,0.118937336
0.8114716,-1.2689891,-15.232245,0.13219203,0.78944993,0.30474484,0.51616347
0.91992354,-0.52265173,-14.929276,0.67186475,0.49579588,-0.53716874,0.11930684
0.811266,-1.268492,-15.232396,0.13218907,0.7895319,0.30463278,0.5161051
0.9199804,-0.5225798,-14.929436,0.6718187,0.49556506,-0.53740185,0.11947526
0.81108063,-1.268507,-15.2325325,0.13219409,0.78959274,0.30456403,0.51605123
0.9200361,-0.5227015,-14.929592,0.67184263,0.49535698,-0.5375065,0.119731925
0.8107611,-1.2676939,-15.232767,0.13220623,0.7897541,0.3043157,0.51594776
0.92033637,-0.5227455,-14.929896,0.67185146,0.49458203,-0.5380508,0.120439716
0.81062305,-1.2673426,-15.232868,0.13219656,0.78981817,0.30419677,0.5159221
0.9208117,-0.52308655,-14.930058,0.6718807,0.49410352,-0.53832287,0.121023275
0.81087446,-1.2670226,-15.232961,0.13220659,0.7898722,0.30408347,0.5159036
0.92136586,-0.52298105,-14.930245,0.67184126,0.49367917,-0.5386684,0.12143561
0.81074566,-1.2670889,-15.233046,0.13222618,0.78991884,0.30399653,0.51587844
0.92207956,-0.52351046,-14.930489,0.67190707,0.49319392,-0.5388956,0.12203387
0.8106278,-1.2671494,-15.233123,0.132258,0.7899694,0.30389255,0.5158543
0.9224351,-0.5230247,-14.930722,0.6718995,0.4927783,-0.5392319,0.12226896
0.81019646,-1.2668816,-15.233193,0.13228402,0.7900159,0.30379808,0.515832
0.9224478,-0.52398545,-14.930974,0.672065,0.49235663,-0.5392731,0.12287433
0.81010765,-1.2666358,-15.233565,0.13231279,0.7900457,0.3037073,0.51583236
0.92286026,-0.52378064,-14.931634,0.67206085,0.4920208,-0.53952897,0.12311889
0.81002605,-1.2667016,-15.233908,0.1323353,0.7900652,0.30364874,0.51583123
0.9233125,-0.5244697,-14.9319,0.67209864,0.49172997,-0.53963006,0.123630166
0.80995077,-1.2664847,-15.234223,0.13237193,0.79008645,0.30354813,0.5158486
0.92376995,-0.5241963,-14.932655,0.67204136,0.4914706,-0.53987575,0.12390014
0.81014484,-1.2662848,-15.234777,0.1324112,0.79011923,0.303296,0.51593655
0.9242815,-0.5256048,-14.9335,0.6722376,0.49093527,-0.53979844,0.12528698
0.81007385,-1.2658498,-15.235289,0.1324448,0.7901665,0.30296588,0.5160494
0.9248042,-0.5258025,-14.934362,0.67226577,0.49049833,-0.5399388,0.12623921
0.80998003,-1.2652749,-15.235966,0.1324586,0.7902265,0.30259863,0.5161695
0.9260909,-0.5267367,-14.935299,0.6722703,0.4901763,-0.53996605,0.12734441
0.80973995,-1.2642853,-15.237217,0.13252597,0.7902809,0.30184156,0.51651204
0.927077,-0.52697027,-14.937113,0.67211866,0.48981336,-0.54015636,0.1287263
0.80961376,-1.2640082,-15.237631,0.1325715,0.79022795,0.30151916,0.51676965
0.9275332,-0.52711636,-14.937952,0.6721335,0.4896642,-0.5401705,0.12915695
0.810079,-1.263103,-15.238083,0.13254902,0.7900843,0.30123106,0.517163
0.92893636,-0.5291329,-14.938817,0.6720004,0.48948416,-0.5403578,0.1297465
0.81057274,-1.2621423,-15.238563,0.13250595,0.7899321,0.30093795,0.51757705
0.9292788,-0.52908653,-14.939617,0.6717773,0.48939505,-0.5406706,0.12993535
0.8110836,-1.2611482,-15.2390585,0.13249977,0.7897211,0.30068207,0.51804894
0.92959446,-0.5290438,-14.940355,0.6716351,0.48921263,-0.54097784,0.130078
0.8116002,-1.2601432,-15.239561,0.13248612,0.78949904,0.30046645,0.5185158
0.92989427,-0.5310755,-14.941056,0.67158103,0.48902598,-0.54111344,0.1304944
0.81208456,-1.260058,-15.240031,0.13254498,0.78923833,0.3002742,0.5190088
0.93015206,-0.52982724,-14.94166,0.67130977,0.48890418,-0.54160905,0.13029076
0.8134932,-1.259044,-15.240496,0.13255365,0.7889704,0.30012205,0.5195016
0.9325629,-0.53185767,-14.941163,0.6712239,0.48867354,-0.5417982,0.13081107
0.81486225,-1.2580584,-15.240948,0.13258894,0.7886999,0.2999499,0.52000266
0.9336511,-0.53148925,-14.941822,0.6709561,0.48855126,-0.542219,0.13089757
0.81510067,-1.2571261,-15.241375,0.13254438,0.7884934,0.29979786,0.52041477
0.9346626,-0.532313,-14.942433,0.67082083,0.48846892,-0.54238623,0.13120499
0.8177799,-1.2541137,-15.243439,0.13263747,0.7881698,0.29880825,0.5214493
0.9376096,-0.5313003,-14.943481,0.66997224,0.48765856,-0.54375535,0.13287766
0.81905746,-1.2520744,-15.245027,0.1327291,0.788072,0.29812324,0.5219657
0.9408933,-0.53360844,-14.943953,0.6694566,0.48707822,-0.5444837,0.1346116
0.8201931,-1.2517004,-15.246436,0.13284975,0.78800184,0.29753238,0.5223777
0.9424082,-0.53290933,-14.944365,0.6689929,0.48654073,-0.54527783,0.13564266
0.8212262,-1.2498207,-15.24772,0.13290647,0.7879232,0.2970574,0.5227522
0.9437708,-0.53513014,-14.944734,0.6686657,0.4862063,-0.54568654,0.13680612
0.82211256,-1.2482079,-15.247249,0.1329467,0.78791046,0.29652992,0.5230607
0.9449329,-0.534171,-14.945049,0.6684698,0.48582146,-0.5461231,0.13738759
0.8228904,-1.2467927,-15.248486,0.13296574,0.7878583,0.29610127,0.52337694
0.94450027,-0.53477454,-14.945315,0.66831607,0.4855197,-0.5464196,0.13802172
0.8235393,-1.2456118,-15.247854,0.13304234,0.78777504,0.29580644,0.5236495
0.9455822,-0.5367733,-14.945552,0.66812736,0.48521295,-0.546752,0.13869616
0.8257669,-1.2446226,-15.247326,0.13320164,0.78767276,0.2954236,0.5239788
0.9464868,-0.53555506,-14.945748,0.66778964,0.48510498,-0.5471992,0.13893625
0.83112717,-1.241217,-15.248336,0.13264796,0.7861671,0.29548755,0.5263393
0.94944185,-0.5387782,-14.9448395,0.6670356,0.48435733,-0.54853296,0.13990428
0.83612186,-1.2389888,-15.249591,0.13207117,0.78477854,0.29585463,0.5283465
0.95137274,-0.5402731,-14.945171,0.6665465,0.48384684,-0.5494804,0.14028314
0.84242254,-1.2371104,-15.250648,0.13130789,0.7830299,0.2961869,0.5309386
0.9562341,-0.5367241,-14.947062,0.66579485,0.48284936,-0.5511712,0.14065577
0.8477996,-1.2332275,-15.25383,0.1304138,0.78151155,0.29647025,0.533233
0.9588073,-0.54038876,-14.947026,0.6656675,0.48183388,-0.55194277,0.14171144
0.85215896,-1.2300794,-15.256409,0.12970348,0.7801884,0.29657122,0.53528374
0.96086466,-0.53673655,-14.948644,0.6652643,0.48097593,-0.5531495,0.1418139
0.8607556,-1.2275828,-15.258455,0.12902579,0.7785115,0.29672882,0.5377958
0.9643513,-0.535299,-14.950038,0.66466755,0.48002985,-0.55451757,0.14247388
0.8673245,-1.225675,-15.260017,0.12834747,0.7772094,0.29678923,0.5398044
0.96733475,-0.53763455,-14.94945,0.6643516,0.4793595,-0.5551595,0.14369933
0.86942613,-1.2242696,-15.2611685,0.12792554,0.77621365,0.2968417,0.5413063
0.9696996,-0.53428113,-14.948982,0.6638635,0.4787833,-0.55613756,0.14409319
0.8736381,-1.2259903,-15.261987,0.12775284,0.7752482,0.29677963,0.5427627
0.9716565,-0.533258,-14.948595,0.6635724,0.47830948,-0.5567645,0.14458601
0.8795602,-1.224458,-15.262592,0.12765309,0.7744474,0.29660666,0.54402256
0.9751781,-0.53605986,-14.948263,0.6634521,0.47782382,-0.5570822,0.14551738
0.8809241,-1.2261485,-15.263013,0.12740092,0.77397376,0.29650933,0.54480815
0.9761445,-0.532935,-14.948005,0.6632037,0.47740898,-0.5577138,0.14559147
0.8819086,-1.2245789,-15.263317,0.12720965,0.7735585,0.2963597,0.5455236
0.976941,-0.53392667,-14.947793,0.66314524,0.47699454,-0.55796003,0.14627159
0.8826133,-1.2234552,-15.2635355,0.12691377,0.7733722,0.29610106,0.5459969
0.97759503,-0.53474087,-14.947618,0.6631166,0.4765811,-0.5582073,0.14680436
0.8831166,-1.2198113,-15.26369,0.12672813,0.77321726,0.29563272,0.54651296
0.97810364,-0.53193367,-14.947483,0.66293484,0.47623774,-0.5587337,0.14673711
0.8807403,-1.2200737,-15.26651,0.12754904,0.77351457,0.29459506,0.5464616
0.98033005,-0.53669924,-14.949159,0.66281605,0.47568196,-0.55902547,0.14796002
0.88169974,-1.222832,-15.265853,0.12839024,0.77367705,0.29395592,0.5463788
0.982118,-0.53345335,-14.950504,0.66259867,0.47548229,-0.5594559,0.14794862
0.88240725,-1.2222663,-15.267967,0.12895139,0.7738705,0.29346758,0.5462351
0.9818114,-0.5343337,-14.951593,0.6625023,0.47569335,-0.5592126,0.14861973
0.8803966,-1.2218682,-15.269456,0.12935962,0.77410096,0.29314423,0.54598564
0.983358,-0.536879,-14.952509,0.66259253,0.47571853,-0.55891514,0.149255
0.8789485,-1.2215812,-15.270528,0.12971579,0.7743493,0.29284567,0.5457092
0.98459214,-0.5335916,-14.955013,0.662393,0.47598055,-0.5589842,0.14904621
0.8779228,-1.2237009,-15.271289,0.1300217,0.77451116,0.2926798,0.5454956
0.9838497,-0.53614664,-14.955274,0.66253674,0.47635373,-0.5583614,0.1495488
0.8771616,-1.2230008,-15.271852,0.13034782,0.77467424,0.29239598,0.5453383
0.98325205,-0.5365201,-14.955483,0.66264254,0.47680432,-0.5578296,0.14962836
0.8788173,-1.2247022,-15.272273,0.13067009,0.7748417,0.292139,0.54516107
0.9811845,-0.53361434,-14.955648,0.6627181,0.47723362,-0.5574891,0.14919329
0.87579966,-1.2238312,-15.27258,0.1307235,0.7751601,0.29192662,0.5448093
0.97954714,-0.53739023,-14.955778,0.6629585,0.47757113,-0.55680484,0.14960057
0.8735631,-1.2231855,-15.270801,0.13087319,0.77555084,0.29147348,0.5444597
0.9796807,-0.5360804,-14.955883,0.66284907,0.477931,-0.55670613,0.14930338
0.8737894,-1.2207931,-15.269463,0.1305333,0.77592343,0.29076195,0.5443909
0.9784175,-0.5377652,-14.954596,0.66281116,0.47877792,-0.55588156,0.14982972
0.87396604,-1.2189262,-15.26842,0.13021143,0.7761283,0.29020452,0.5444734
0.97738856,-0.5352297,-14.9535475,0.66263837,0.47930387,-0.5556585,0.1497397
0.87410843,-1.217421,-15.267578,0.12978393,0.77619386,0.2898999,0.54464424
0.9765436,-0.53685975,-14.952686,0.66261584,0.47966093,-0.55526716,0.15014665
0.87959063,-1.2166804,-15.266345,0.12913802,0.7752765,0.29008397,0.5460047
0.9774946,-0.5339055,-14.952497,0.66185313,0.48008084,-0.555694,0.15058897
0.8805417,-1.2155629,-15.265885,0.12862378,0.7742906,0.2906795,0.54720694
0.9788804,-0.53332734,-14.951875,0.6613994,0.4801161,-0.5560819,0.15103732
0.88586146,-1.2154541,-15.265227,0.12756881,0.77142626,0.29214868,0.55070585
0.9791824,-0.5333806,-14.950902,0.66066754,0.47990042,-0.55693376,0.15178528
0.89180744,-1.2145116,-15.264973,0.12678063,0.76937765,0.29301077,0.55328965
0.97930115,-0.53384423,-14.95052,0.6602228,0.47970912,-0.5575262,0.15214969
0.89914995,-1.2114292,-15.264757,0.1259865,0.76775336,0.2933503,0.55554277
0.9803533,-0.53427833,-14.950162,0.65969443,0.47945967,-0.55830544,0.15237051
0.9051005,-1.2089313,-15.264582,0.1252658,0.7663931,0.2934522,0.5575266
0.9812983,-0.53279454,-14.94984,0.65918976,0.47933728,-0.5590499,0.15220997
0.9096368,-1.2094955,-15.264448,0.12452745,0.7651599,0.29373032,0.5592368
0.98218536,-0.5333505,-14.949538,0.65871066,0.47931105,-0.55951,0.15267558
0.9157919,-1.2073357,-15.264344,0.12382944,0.763994,0.29374897,0.5609734
0.9830008,-0.53286487,-14.949261,0.65823466,0.4793287,-0.5599541,0.15304483
0.9235013,-1.1999656,-15.267089,0.12257736,0.7619083,0.29257324,0.56468713
0.9827431,-0.5334091,-14.9490185,0.6578787,0.47975773,-0.55966014,0.15430129
0.92620146,-1.1945887,-15.269093,0.12184796,0.7607252,0.2916174,0.56693
0.983473,-0.5319752,-14.948803,0.6574314,0.48013687,-0.55966103,0.15502319
0.9281235,-1.1907612,-15.270517,0.121283874,0.7600313,0.29116568,0.5682123
0.9831807,-0.53258216,-14.948616,0.6573939,0.48054937,-0.55911255,0.15588112
0.9294681,-1.1880835,-15.271515,0.12117291,0.7596073,0.29088998,0.56894374
0.98292977,-0.5304658,-14.948456,0.6571704,0.48106074,-0.55891615,0.15595
0.9334379,-1.1892948,-15.272199,0.1212788,0.7590844,0.29118034,0.5694703
0.9818779,-0.5319799,-14.948318,0.6572994,0.48160976,-0.55811906,0.15656564
0.93310714,-1.1901078,-15.272658,0.12137764,0.75914186,0.29137582,0.5692725
0.98096555,-0.5324999,-14.948197,0.65734434,0.48226514,-0.5574515,0.15673758
0.93477595,-1.193061,-15.273174,0.12222749,0.75914735,0.29156327,0.56898737
0.98019016,-0.5312201,-14.948002,0.65748245,0.48355398,-0.5561941,0.15665446
0.9369381,-1.1927142,-15.273323,0.12272586,0.75916505,0.29178447,0.56874305
0.9795274,-0.5317197,-14.947921,0.6577015,0.48419547,-0.55534726,0.15675782
0.9101651,-1.2023162,-15.265522,0.12611239,0.76838183,0.2909964,0.5558833
0.9772049,-0.5325605,-14.947172,0.6585385,0.48503038,-0.5536187,0.1567768
0.8882277,-1.20968,-15.260089,0.12825377,0.77437204,0.29037902,0.54733807
0.9762345,-0.53232425,-14.94657,0.6589266,0.4851386,-0.55310374,0.15662898
0.87286115,-1.2148383,-15.256283,0.12974219,0.7784913,0.28993794,0.54134494
0.97592264,-0.5326675,-14.946587,0.6591597,0.48502353,-0.55292106,0.15664935
0.8619054,-1.2207943,-15.253571,0.13146459,0.78169745,0.2902233,0.5361312
0.9761699,-0.53350127,-14.946602,0.6592006,0.48443267,-0.55335873,0.15675996
0.85396457,-1.2272758,-15.251604,0.13294472,0.7837863,0.29064637,0.53247476
0.976892,-0.5337498,-14.946614,0.65912855,0.4839101,-0.55389005,0.15680061
0.8382094,-1.2356095,-15.249075,0.13472348,0.7863515,0.29191658,0.52752787
0.97812957,-0.5355312,-14.946637,0.65902764,0.48270068,-0.5550294,0.15692352
0.8341204,-1.2383063,-15.248258,0.13525239,0.7870752,0.29262847,0.5259164
0.9782332,-0.53608644,-14.94708,0.6590297,0.48204827,-0.5556214,0.15682541
0.83098584,-1.2421366,-15.24763,0.13575912,0.78747,0.29334962,0.52479196
0.97887105,-0.5372425,-14.947067,0.65900165,0.48147842,-0.5561265,0.15690331
0.8285542,-1.2451079,-15.247143,0.13601027,0.7876979,0.29394048,0.52405375
0.97896045,-0.5378505,-14.947056,0.65895504,0.48097962,-0.5566409,0.1568052
0.8282379,-1.2458477,-15.246761,0.13611764,0.78768635,0.29446128,0.5237508
0.9796678,-0.53849095,-14.947042,0.6588165,0.48059416,-0.55714905,0.1567647
0.8279871,-1.2494574,-15.244947,0.1362693,0.78750885,0.29509613,0.52362084
0.98042685,-0.53988105,-14.94703,0.65871596,0.48023638,-0.55757415,0.15677159
0.82922226,-1.2509112,-15.243495,0.13629147,0.7871506,0.29570594,0.52380973
0.9820107,-0.54054064,-14.947016,0.6585559,0.47994557,-0.55805373,0.15662809
0.83022046,-1.252086,-15.242322,0.13621934,0.78668386,0.29635447,0.52416307
0.9836653,-0.5421307,-14.9461,0.6583888,0.47976086,-0.5584057,0.15664217
0.8297382,-1.2530438,-15.2413645,0.13606752,0.786147,0.29701957,0.5246313
0.9842572,-0.5417736,-14.94528,0.65824,0.47970963,-0.5586987,0.15637922
0.8354978,-1.2525997,-15.241809,0.13500986,0.78393847,0.2981976,0.527533
0.98307407,-0.54146576,-14.94542,0.65827286,0.48106384,-0.55754584,0.15619557
0.84143823,-1.2510622,-15.243347,0.13407466,0.78207904,0.29910323,0.5300129
0.9820491,-0.54119915,-14.945541,0.6583503,0.4822652,-0.5564374,0.15611772
0.8452837,-1.2497793,-15.244631,0.13331264,0.78051305,0.29981682,0.5321062
0.98039275,-0.540967,-14.945645,0.65842557,0.48336923,-0.5554095,0.15604596
0.8495702,-1.2487015,-15.245709,0.13268225,0.7791193,0.30042335,0.5339611
0.97894424,-0.54076403,-14.945737,0.6585324,0.48436382,-0.5544046,0.15608488
0.8531952,-1.24779,-15.246621,0.1321594,0.7778627,0.3009377,0.53563046
0.9776721,-0.54058576,-14.945818,0.6586308,0.48525885,-0.553481,0.1561673
0.8562796,-1.2470144,-15.247396,0.13171433,0.7767629,0.30134487,0.53710526
0.9758951,-0.5397734,-14.945889,0.65869457,0.48610243,-0.55265707,0.15619236
0.85982454,-1.2472557,-15.24806,0.13136,0.7757496,0.30169892,0.5384561
0.974322,-0.5390543,-14.945952,0.658743,0.4868743,-0.5518824,0.15632336
0.86201525,-1.2466035,-15.2486315,0.13099869,0.7748467,0.30198646,0.5396815
0.9729244,-0.5384153,-14.94601,0.65878433,0.48757598,-0.55116934,0.15647773
0.8663607,-1.2427721,-15.249943,0.13032992,0.7737714,0.3008043,0.54204136
0.97224,-0.5384074,-14.946058,0.65866953,0.48839957,-0.5500652,0.15826781
0.87013817,-1.2386656,-15.251859,0.12989017,0.7728816,0.29908815,0.54436105
0.97162783,-0.5384003,-14.946637,0.65854645,0.48917526,-0.5487696,0.16086054
0.8726998,-1.2350794,-15.253531,0.12954816,0.7720301,0.297044,0.54676485
0.9705716,-0.53839386,-14.947156,0.6584544,0.48999745,-0.54727036,0.16381522
0.8751095,-1.2317058,-15.255105,0.12929404,0.7712226,0.2947032,0.5492256
0.9701027,-0.53886974,-14.947622,0.65834755,0.49073386,-0.54578197,0.16697603
0.87773436,-1.228031,-15.256819,0.12988235,0.7710877,0.29109246,0.55119824
0.96922207,-0.53929913,-14.948044,0.6583459,0.4912493,-0.54428995,0.17030363
0.8793881,-1.2243418,-15.257559,0.13060765,0.7712082,0.28742588,0.55278015
0.96885985,-0.539253,-14.948425,0.65837306,0.49157926,-0.5430711,0.1731146
0.88100815,-1.2207274,-15.258284,0.13135278,0.7715071,0.28377724,0.55407023
0.9681185,-0.5396241,-14.948771,0.65864277,0.49162525,-0.54199386,0.17531984
0.88027596,-1.2151474,-15.258955,0.13210863,0.7725138,0.27940738,0.55470836
0.9674444,-0.5395692,-14.948693,0.6591739,0.49101433,-0.5415015,0.17655267
0.8807738,-1.2110988,-15.259583,0.13283485,0.7734947,0.27537674,0.55518335
0.96720284,-0.5395192,-14.948622,0.65966827,0.4902338,-0.541375,0.17726204
0.8825185,-1.2072779,-15.260178,0.13354783,0.77446073,0.27154356,0.55555356
0.96698225,-0.53947353,-14.948558,0.66015255,0.48940015,-0.54141563,0.17763811
0.88414824,-1.202336,-15.260733,0.13413234,0.7754009,0.26794067,0.5558506
0.9671167,-0.53943175,-14.948498,0.6605094,0.48847306,-0.5418184,0.17763504
0.88277566,-1.1980261,-15.261215,0.1346379,0.7764665,0.2645011,0.55588824
0.96724,-0.53907394,-14.948443,0.6608027,0.48753396,-0.5423664,0.17745179
0.8830087,-1.1941909,-15.261646,0.13515507,0.77740204,0.26146233,0.5558927
0.96735317,-0.53904885,-14.948394,0.6611104,0.48652655,-0.54298985,0.17716351
0.8832134,-1.1908225,-15.262024,0.1355841,0.7782781,0.25866932,0.5558691
0.96774566,-0.5387374,-14.948348,0.66131395,0.48551694,-0.5437688,0.17678416
0.8833935,-1.1862888,-15.262358,0.1359941,0.7791186,0.25595272,0.555849
0.96810734,-0.5384504,-14.948305,0.66142225,0.4844658,-0.54473484,0.17628825
0.8835496,-1.1823598,-15.262646,0.13639155,0.7798892,0.2535638,0.5557658
0.9687014,-0.53818554,-14.948267,0.6614851,0.48330685,-0.54582983,0.17584606
0.88042164,-1.1774617,-15.262885,0.13708702,0.7812519,0.2506593,0.55499786
0.96949774,-0.538188,-14.948478,0.66095936,0.48057145,-0.54906434,0.17524885
0.87780946,-1.1733711,-15.263086,0.13764597,0.7823506,0.24846455,0.5542982
0.9704696,-0.53795534,-14.948672,0.66038936,0.47847253,-0.55171216,0.17482504
0.8772743,-1.1715956,-15.263254,0.1381075,0.7830587,0.24702285,0.55382776
0.97137034,-0.53796285,-14.9488535,0.65990335,0.47687832,-0.5537024,0.17472364
0.87520313,-1.1701458,-15.263391,0.13861443,0.7835843,0.24606733,0.55338275
0.97223413,-0.53797007,-14.949027,0.6594615,0.4756877,-0.55522627,0.17480145
0.8735016,-1.1689547,-15.263504,0.1390961,0.78388596,0.24553545,0.5530709
0.9734508,-0.5376645,-14.949271,0.6589807,0.47486195,-0.5564724,0.17489734
0.8720975,-1.1679718,-15.263597,0.13941216,0.78406805,0.24539593,0.55279505
0.97555983,-0.537693,-14.94916,0.6585529,0.4742686,-0.55738646,0.17520776
0.87097144,-1.1687285,-15.263672,0.13982393,0.784081,0.24558443,0.55258894
0.97748816,-0.5371767,-14.949028,0.6581575,0.47391576,-0.5580833,0.17542954
0.873009,-1.1707996,-15.263731,0.140334,0.7838467,0.24607334,0.55257463
0.9796756,-0.5379141,-14.948879,0.657804,0.4737205,-0.5585256,0.17587459
0.87325484,-1.1724666,-15.26378,0.14078745,0.7835905,0.2466502,0.5525655
0.98204565,-0.5379433,-14.948717,0.6574773,0.47367582,-0.558832,0.17624332
0.8734545,-1.1738206,-15.263818,0.14122485,0.7832056,0.24758442,0.5525817
0.98554915,-0.5388894,-14.948542,0.65712875,0.47379494,-0.5589577,0.17682351
0.8723597,-1.1787049,-15.26385,0.1422901,0.7827118,0.24887484,0.55242836
0.9833505,-0.5388343,-14.949258,0.6572168,0.4756855,-0.5571486,0.17712994
0.8714557,-1.1815419,-15.263876,0.14312531,0.7823646,0.2497345,0.55231655
0.9814505,-0.53878665,-14.949878,0.65731734,0.4772493,-0.55562216,0.17734443
0.87070376,-1.1839019,-15.263898,0.14371453,0.7820901,0.2502985,0.552297
0.9813678,-0.5387453,-14.950415,0.6573382,0.4785796,-0.554386,0.17755067
0.87223166,-1.1858791,-15.263917,0.14415157,0.78174645,0.25048485,0.5525851
0.97980666,-0.53945374,-14.950884,0.6574594,0.47961652,-0.5533082,0.17766628
0.8724953,-1.1865215,-15.263932,0.144442,0.7814839,0.25048292,0.5528813
0.9791457,-0.5393673,-14.951295,0.6575357,0.48044208,-0.5525117,0.17763232
0.8736927,-1.1880406,-15.263945,0.14473556,0.7811967,0.25048646,0.55320877
0.978564,-0.53996325,-14.950985,0.6575971,0.48110458,-0.551853,0.17765884
0.87471503,-1.1874874,-15.263957,0.14500411,0.780848,0.25010875,0.5538013
0.9786884,-0.5398514,-14.950712,0.65758306,0.48149976,-0.55156356,0.17753905
0.8755928,-1.1878911,-15.263966,0.14535294,0.78053576,0.24973367,0.55431914
0.97940516,-0.53975224,-14.950469,0.6575392,0.4817882,-0.5513984,0.17743228
0.8763504,-1.1874048,-15.263974,0.14560129,0.78022915,0.24938288,0.5548433
0.979467,-0.5396639,-14.9502535,0.65749794,0.48199645,-0.5513016,0.17732035
0.8778008,-1.187776,-15.263981,0.14598675,0.77987266,0.24909535,0.555372
0.9800696,-0.53903776,-14.950607,0.6574097,0.48209676,-0.55137175,0.17715666
0.87831146,-1.1880995,-15.26474,0.14631777,0.7795767,0.248842,0.55581367
0.9806094,-0.5395167,-14.950404,0.65735877,0.4821044,-0.55145425,0.17706819
0.87955195,-1.1884017,-15.264687,0.14677015,0.77925724,0.24860705,0.5562475
0.98173845,-0.53887373,-14.950765,0.6572369,0.48206782,-0.55167496,0.17693277
0.88073283,-1.1886894,-15.265425,0.1472174,0.778965,0.24846978,0.5565999
0.9829106,-0.53883487,-14.950509,0.6571105,0.48197973,-0.551924,0.17686495
0.8818086,-1.189735,-15.266097,0.14779978,0.7787003,0.24830712,0.5568885
0.98340076,-0.5387967,-14.950918,0.65699965,0.48184615,-0.5522119,0.17674232
0.88200545,-1.1906602,-15.266691,0.14837128,0.77852273,0.24825835,0.5570065
0.9846361,-0.53948766,-14.951341,0.6568788,0.48167962,-0.5525154,0.17669682
0.8814607,-1.1936214,-15.266496,0.14994627,0.77861273,0.25011688,0.5556258
0.98505914,-0.54089576,-14.951742,0.6568216,0.48138574,-0.55281,0.17678903
0.8809818,-1.196906,-15.265641,0.1512594,0.77867687,0.25174144,0.554445
0.98630345,-0.54149187,-14.952146,0.65674686,0.48112857,-0.5530947,0.17687649
0.88055915,-1.1998053,-15.264888,0.15237306,0.77875185,0.25318238,0.5533776
0.9885201,-0.543037,-14.952563,0.65666103,0.48088378,-0.5533752,0.17698306
0.8801846,-1.2017591,-15.26422,0.15327018,0.77884746,0.25443053,0.552422
0.9907092,-0.54456294,-14.9519615,0.656583,0.48065928,-0.55363154,0.1770808
0.8798515,-1.2046648,-15.263042,0.15413384,0.77895707,0.2555968,0.55148804
0.9916871,-0.5459765,-14.951405,0.65651053,0.48044014,-0.55387443,0.17718484
0.8795544,-1.2067026,-15.2619915,0.15482983,0.7790675,0.2566474,0.55064845
0.9950053,-0.5473828,-14.9508505,0.6564035,0.48020092,-0.5541637,0.17732546
0.8792884,-1.2090539,-15.26105,0.15549219,0.77914584,0.25768596,0.5498654
0.9981938,-0.5487341,-14.950317,0.6562811,0.47996455,-0.55447024,0.17745966
0.8790495,-1.2106643,-15.260205,0.15599024,0.7792891,0.25860804,0.5490878
1.00113,-0.5499785,-14.948463,0.6561468,0.47972623,-0.55478734,0.1776095

