ICVP Direct Stim Program 4.0.0+v4.0.0 - RelativeLocations
Updated at: 2022-08-22--16-13-41
Subject ID: CKT
Tester ID: kstipp
Direct Stimulation Input from the UI

UserID ; Time ; Electrodes ; Frequency (Hz) ; Cathodic Phase Duration (us) ; Train Length (ms) ; Duty On (ms); Duty Off (ms) ; Inter-train Length (ms) ; Amplitude (uA) ; Sent to Gateway ; Response ; Response Latency (ms) ; Response Duration (ms) ; Comments
kstipp ; 2022-08-22--16-13-41 ; 1502-1503-1506-1507 , 1502-1503-1506-1507-5603-5602-5606-5607 ; 200 ; 200 ; 500 ; 500 ; 0 ; 0 ; 40 ; True ;  ;  ;  ; moved right. not 100% sure of, second tiny pencil points

Position t,Position u,Position v,Orientation w,Orientation x,Orientation y,Orientation z
0.76567096,-1.5278072,-14.910594,0.38701218,0.80455875,0.12844703,0.43175015
0.9697988,-0.141754,-14.578999,0.22359006,0.79514766,-0.42225134,0.37343204
0.7658764,-1.5284383,-14.910458,0.3872209,0.80451095,0.12834051,0.43168375
0.9699296,-0.14328831,-14.57933,0.22386575,0.79475325,-0.42228445,0.3740684
0.76606154,-1.5284318,-14.910336,0.38741335,0.80444676,0.12824951,0.43165773
0.9713161,-0.14213787,-14.57963,0.22375551,0.79448473,-0.42248985,0.3744728
0.766773,-1.528972,-14.910227,0.3876051,0.8043567,0.1281353,0.4316874
0.9725818,-0.14375535,-14.579903,0.22401653,0.79414016,-0.42250988,0.37502468
0.76689166,-1.5289373,-14.910129,0.38772985,0.80429643,0.1280362,0.43171707
0.9737182,-0.14381707,-14.580148,0.2239599,0.7939778,-0.42260477,0.37529522
0.7669983,-1.5284132,-14.910041,0.38778242,0.8042578,0.12790902,0.4317794
0.9747247,-0.14387172,-14.580365,0.22407968,0.7938789,-0.42259184,0.37544754
0.7670943,-1.5288774,-14.909962,0.38790277,0.80418783,0.12780671,0.43183196
0.9772111,-0.1454816,-14.580565,0.22420032,0.793613,-0.42262346,0.37590167
0.76718116,-1.5292968,-14.90989,0.38802606,0.8040957,0.1277238,0.43191737
0.97935367,-0.14366055,-14.580738,0.2239931,0.7935772,-0.42275003,0.3759585
0.76733124,-1.5292156,-14.910168,0.38806736,0.80393183,0.12752052,0.43224522
0.9810955,-0.1436275,-14.582607,0.22395596,0.79348236,-0.42266986,0.376271
0.76739633,-1.5287988,-14.91048,0.38798222,0.8038593,0.12739015,0.43249488
0.9809911,-0.14219199,-14.582448,0.22375825,0.79356885,-0.42258823,0.37629765
0.76745564,-1.5284188,-14.910764,0.3878699,0.8038037,0.12730089,0.43272525
0.97946054,-0.14393881,-14.583768,0.22412989,0.79351705,-0.42232808,0.37647787
0.76750994,-1.5280713,-14.911024,0.38777944,0.80373794,0.12722452,0.4329509
0.97960025,-0.14259875,-14.584833,0.2237306,0.7936322,-0.42226645,0.37654173
0.76788664,-1.5280801,-14.9112625,0.38775176,0.8036512,0.12713954,0.43316153
0.97971594,-0.14414617,-14.585715,0.2237321,0.7936012,-0.4221196,0.37677073
0.7679217,-1.5277773,-14.911481,0.3876623,0.8036033,0.12705834,0.43335432
0.97854847,-0.1428887,-14.585175,0.22352722,0.79374766,-0.42195612,0.376767
0.76826394,-1.5275295,-14.911867,0.38753182,0.80345476,0.12699336,0.43376538
0.976784,-0.14310202,-14.585415,0.22341542,0.7940104,-0.42154095,0.37674427
0.76854986,-1.5272853,-14.912037,0.38747305,0.8033795,0.12694566,0.4339711
0.97611314,-0.14322358,-14.584986,0.22328204,0.79412794,-0.4214105,0.37672168
0.76881397,-1.5270597,-14.912194,0.3874133,0.80330366,0.12692103,0.43417203
0.97554755,-0.14332609,-14.584623,0.22314805,0.7942554,-0.42123926,0.37672406
0.7690582,-1.526851,-14.912099,0.38735756,0.8032437,0.12681203,0.43436438
0.9760444,-0.14536633,-14.584315,0.22296165,0.79444885,-0.4207042,0.3770241
0.7694944,-1.5266954,-14.91237,0.3872893,0.80308306,0.12652043,0.43480712
0.9759509,-0.14519258,-14.583829,0.22243981,0.794927,-0.4199127,0.37720677
0.7694832,-1.5267304,-14.912491,0.38726404,0.8030242,0.12634854,0.43498835
0.97634166,-0.14594188,-14.583634,0.22232015,0.7949533,-0.41966617,0.3774962
0.7696686,-1.5265672,-14.912603,0.3872082,0.8029532,0.12614617,0.43522775
0.97588515,-0.14500076,-14.583465,0.2219637,0.79514915,-0.4194771,0.37750354
0.76984686,-1.5266024,-14.912711,0.38724098,0.802853,0.125922,0.43544838
0.9754873,-0.1456921,-14.583319,0.22199288,0.7952071,-0.41920838,0.3776626
0.76982933,-1.5264448,-14.912818,0.38714555,0.8028114,0.12572007,0.43566814
0.9744212,-0.14486139,-14.583191,0.22170989,0.79536456,-0.41907898,0.37764102
0.7700044,-1.5264825,-14.912923,0.3871564,0.80271786,0.12547259,0.4359021
0.974166,-0.14413114,-14.583077,0.22152379,0.7954218,-0.418937,0.37778726
0.7699837,-1.5265194,-14.913025,0.38712823,0.80263776,0.12526362,0.4361347
0.9739408,-0.1447825,-14.582978,0.22150216,0.79545534,-0.41873828,0.37794966
0.77015597,-1.5265557,-14.913124,0.3871526,0.8025089,0.12502633,0.43641824
0.97312576,-0.1441285,-14.5828905,0.22131558,0.79557943,-0.41857043,0.3779836
0.7701315,-1.5265921,-14.913225,0.38719305,0.8024293,0.12476479,0.43660346
0.972401,-0.1447165,-14.583397,0.22132325,0.79564536,-0.41832855,0.37810817
0.77010685,-1.5266291,-14.913327,0.38717985,0.8023644,0.1245837,0.43678606
0.97230995,-0.1441301,-14.583293,0.22115387,0.7957141,-0.4182146,0.3781886
0.7700816,-1.5266668,-14.913432,0.38710728,0.8023771,0.12437179,0.43688744
0.9722284,-0.14466068,-14.583728,0.22117233,0.79574734,-0.41802186,0.37832093
0.77029586,-1.5267087,-14.913548,0.38703996,0.80233186,0.12419958,0.43707922
0.9721552,-0.14413436,-14.583616,0.22104299,0.79581785,-0.41791213,0.3783695
0.7705512,-1.5264626,-14.913687,0.38692895,0.80233103,0.123971924,0.4372435
0.971613,-0.14413671,-14.583993,0.22098063,0.7958868,-0.4177682,0.37841985
0.77084726,-1.5261769,-14.913846,0.38684657,0.8023633,0.12376397,0.43731627
0.9715759,-0.14368637,-14.58388,0.22080708,0.79597664,-0.41769436,0.37841365
0.7711583,-1.5262635,-14.914014,0.38683298,0.8023892,0.12360194,0.4373265
0.9715423,-0.14413838,-14.583778,0.22075996,0.79600185,-0.4176323,0.3784566
0.7710649,-1.5259413,-14.914186,0.38680494,0.80243826,0.12344035,0.4373069
0.9715118,-0.14373188,-14.583686,0.2205802,0.7960973,-0.41758102,0.3784173
0.7714337,-1.5255867,-14.914374,0.3867425,0.80248475,0.12329019,0.4373191
0.97109616,-0.14413798,-14.583601,0.22057354,0.79615897,-0.41749156,0.3783901
0.77130675,-1.5252327,-14.914562,0.38670877,0.80254483,0.12320772,0.43726188
0.9710857,-0.14377111,-14.583525,0.22045548,0.7962368,-0.41746372,0.37832576
0.77169853,-1.5253993,-14.914748,0.38677663,0.8025424,0.12306013,0.43724796
0.97107625,-0.14413619,-14.583454,0.22046918,0.79627705,-0.41741702,0.37828466
0.7715381,-1.524441,-14.914941,0.38669637,0.80264795,0.122883916,0.43717474
0.97106755,-0.14380518,-14.58339,0.22041668,0.7963521,-0.41739362,0.37818316
0.7713811,-1.5240909,-14.91513,0.38663784,0.8027612,0.12275366,0.43705517
0.9713755,-0.14413354,-14.583331,0.2204054,0.79639065,-0.41735688,0.37814915
0.7712278,-1.5237494,-14.915314,0.38658574,0.8028672,0.1226987,0.4369221
0.9710582,-0.14383487,-14.583278,0.22032458,0.79651433,-0.41728175,0.37801868
0.7717368,-1.523401,-14.915502,0.3865598,0.8029438,0.122605875,0.43683022
0.9710513,-0.14384517,-14.583228,0.22029804,0.79656315,-0.41725016,0.37796617
0.77224845,-1.5230509,-14.91569,0.38660172,0.8030108,0.12254152,0.4366881
0.9710449,-0.14358374,-14.583182,0.22019926,0.7966427,-0.41721785,0.3778915
0.7719996,-1.522722,-14.915868,0.38662082,0.80310214,0.12243802,0.43653205
0.971039,-0.1433424,-14.58314,0.22013511,0.796719,-0.41719297,0.37779552
0.7717658,-1.5224128,-14.916035,0.3866405,0.80320966,0.12232345,0.43634892
0.9710336,-0.14360824,-14.583101,0.22013792,0.7967566,-0.41715205,0.37775984
0.77154636,-1.5221225,-14.91619,0.38669148,0.80325377,0.12225354,0.43624216
0.9707963,-0.14315756,-14.583065,0.22006394,0.79683024,-0.41712147,0.3776813
0.7713542,-1.5225854,-14.916327,0.38673455,0.8033212,0.12210013,0.43612278
0.9705763,-0.1436224,-14.583031,0.22011739,0.7968532,-0.41706076,0.3776687
0.7711783,-1.5222999,-14.916453,0.38675064,0.803388,0.121934935,0.43603164
0.9705817,-0.14342497,-14.582999,0.220057,0.7968956,-0.4170285,0.37765002
0.77101177,-1.5220295,-14.916572,0.38675395,0.8034289,0.121821,0.43598524
0.97038764,-0.1436398,-14.58297,0.22006263,0.7969284,-0.41697773,0.37763366
0.7708545,-1.5217742,-14.916683,0.38670984,0.8034687,0.12167204,0.43599254
0.97039634,-0.1434584,-14.582943,0.21998152,0.7969708,-0.41695648,0.37761492
0.77070624,-1.5215337,-14.916789,0.3866729,0.80352813,0.12156324,0.43594614
0.9704049,-0.14366512,-14.582916,0.21997462,0.7969898,-0.41690302,0.37763792
0.770567,-1.5213077,-14.916887,0.3866266,0.80357516,0.12140182,0.43594554
0.97022104,-0.1434832,-14.5828905,0.21989772,0.79704165,-0.41683716,0.37764606
0.77043647,-1.5210959,-14.91698,0.3865489,0.8036033,0.1212492,0.436005
0.9700409,-0.14388166,-14.582865,0.21988888,0.79704964,-0.41672975,0.37775278
0.7703069,-1.5208856,-14.917922,0.38644302,0.803642,0.12105258,0.43608227
0.9700566,-0.14369543,-14.582839,0.21972829,0.79707,-0.41668734,0.3778499
0.77018785,-1.5206925,-14.917932,0.38643575,0.80360574,0.12089392,0.43619943
0.9696875,-0.1438974,-14.582814,0.21971996,0.79714274,-0.41652477,0.37788063
0.7710008,-1.5195701,-14.917941,0.3862756,0.8035882,0.1206966,0.4364281
0.969518,-0.14371085,-14.582789,0.21957716,0.79719156,-0.41645095,0.37794206
0.7708056,-1.519488,-14.91795,0.38621706,0.8035993,0.12052173,0.43650788
0.96935195,-0.14372028,-14.582766,0.21950181,0.797241,-0.41631898,0.3780269
0.7706302,-1.5194142,-14.917956,0.3861687,0.8036016,0.12033422,0.43659815
0.9691891,-0.14353727,-14.582743,0.21933743,0.79729646,-0.41624898,0.37808236
0.7704619,-1.5183691,-14.917963,0.3860719,0.8036603,0.12015028,0.43662643
0.96922183,-0.14355017,-14.58272,0.21916495,0.79733443,-0.41615164,0.3782095
0.76932216,-1.5174181,-14.917969,0.3859357,0.8037706,0.119957596,0.4365968
0.9690617,-0.14375505,-14.582698,0.2190701,0.7973896,-0.4160029,0.3783117
0.76928407,-1.5165168,-14.917975,0.38576144,0.80386555,0.11977735,0.43662554
0.9689047,-0.14357135,-14.582675,0.21885496,0.7974862,-0.41590348,0.37834194
0.76925117,-1.5167472,-14.91798,0.38579533,0.80384225,0.11966711,0.4366686
0.96875083,-0.14358355,-14.582654,0.21874696,0.7975883,-0.41576746,0.37833863
0.7692182,-1.5147201,-14.917984,0.38555568,0.8038983,0.11954706,0.4368098
0.96860003,-0.14340328,-14.582633,0.2185996,0.7977465,-0.4155896,0.37828577
0.76919055,-1.515166,-14.917989,0.38550082,0.8039547,0.11943207,0.43678588
0.9684523,-0.14361109,-14.582612,0.21860656,0.79778844,-0.41544622,0.37835068
0.76916414,-1.5144386,-14.9191475,0.385268,0.80398464,0.11933506,0.43696287
0.96830595,-0.14381701,-14.582592,0.21845242,0.7979182,-0.41523668,0.3783962
0.76913923,-1.5137521,-14.920239,0.38508233,0.8039606,0.11935397,0.43716544
0.9678625,-0.14357154,-14.582566,0.21820852,0.798134,-0.4150352,0.37830287
0.76911616,-1.5131176,-14.921249,0.38493598,0.80393595,0.11925415,0.4373669
0.96766555,-0.14358962,-14.582539,0.21802886,0.79827285,-0.41485405,0.37831223
0.77034384,-1.5138438,-14.920831,0.38487884,0.8038142,0.11936248,0.4376113
0.9670644,-0.14361177,-14.582503,0.21796599,0.79836786,-0.41471407,0.3783014
0.7701669,-1.5132331,-14.921707,0.38482213,0.8037144,0.11940141,0.43783385
0.9663666,-0.14320374,-14.582462,0.21775803,0.7985096,-0.4146064,0.37824002
0.771197,-1.5139042,-14.921257,0.3848526,0.8035825,0.11945005,0.43803588
0.96611935,-0.14325064,-14.582421,0.21766368,0.7985229,-0.41449228,0.37839127
0.77070636,-1.5138324,-14.922663,0.38472193,0.8034545,0.11946097,0.43838236
0.96562827,-0.14187734,-14.582338,0.21719018,0.79858893,-0.41448516,0.37853178
0.77160496,-1.5143896,-14.92323,0.38471544,0.80335575,0.119401306,0.4385853
0.96538323,-0.14147185,-14.582297,0.21710937,0.7985412,-0.4144982,0.37866452
0.7712896,-1.5137571,-14.923758,0.38461885,0.80336785,0.119268164,0.43868408
0.9651364,-0.14049427,-14.582256,0.21690659,0.7985078,-0.41456667,0.3787761
0.77213347,-1.5143309,-14.924207,0.38455564,0.8033121,0.119215325,0.43885583
0.9649147,-0.14124607,-14.582219,0.21702057,0.79840595,-0.41455477,0.37893862
0.77292234,-1.5136915,-14.924626,0.38443783,0.80332834,0.11910579,0.43895903
0.965232,-0.14037137,-14.582186,0.21677329,0.79833424,-0.41472638,0.3790433
0.7736491,-1.5131025,-14.925013,0.38438633,0.8032605,0.11901913,0.43915164
0.9650151,-0.14057702,-14.582154,0.21670099,0.79826546,-0.41476676,0.37918532
0.77425385,-1.5126123,-14.924156,0.38435972,0.80323505,0.118922964,0.43924755
0.9647983,-0.14023443,-14.582123,0.21659814,0.7982063,-0.41483235,0.37929675
0.7736007,-1.5121787,-14.924586,0.38436884,0.80323976,0.1188133,0.4392607
0.96512485,-0.1404483,-14.582094,0.21659802,0.7980895,-0.414902,0.3794666
0.7742417,-1.5117831,-14.924978,0.38426647,0.80326223,0.11864001,0.43935606
0.9654182,-0.14064047,-14.582068,0.21665384,0.7979822,-0.41499132,0.37956262
0.7747722,-1.5114557,-14.9241295,0.3843186,0.8032208,0.11850583,0.43942237
0.9652126,-0.14034362,-14.582046,0.21656713,0.79795974,-0.41503793,0.3796083
0.77521473,-1.5122988,-14.92342,0.38435113,0.80316764,0.11849156,0.43949494
0.9654733,-0.14052191,-14.582025,0.21659116,0.797858,-0.4151339,0.37970358
0.7756119,-1.5107884,-14.923918,0.38418183,0.80318457,0.11836101,0.43964723
0.9657095,-0.13983507,-14.581582,0.2165088,0.7978301,-0.4152272,0.37970716
0.77594477,-1.5116767,-14.924335,0.3842929,0.8031342,0.118322864,0.43965238
0.965521,-0.14042029,-14.581583,0.21660481,0.79780203,-0.41521326,0.37972665
0.7762463,-1.5113826,-14.924712,0.38424873,0.8031053,0.1182705,0.43975782
0.9657322,-0.1405701,-14.581584,0.2167019,0.79775304,-0.4152025,0.37978595
0.77650005,-1.5121789,-14.923986,0.3842379,0.80313593,0.118216164,0.4397259
0.9655612,-0.14070676,-14.581584,0.2166934,0.7977448,-0.41519868,0.3798123
0.7767149,-1.5118617,-14.924362,0.38412476,0.8031529,0.11813713,0.439815
0.96575046,-0.14083166,-14.581584,0.2167356,0.79770637,-0.415196,0.3798719
0.7768979,-1.5125335,-14.924683,0.38416216,0.80317795,0.11803337,0.4397644
0.9659237,-0.14094606,-14.581584,0.21675444,0.7976392,-0.41520566,0.37999168
0.7770688,-1.5121857,-14.924982,0.3840774,0.8032469,0.11798525,0.4397255
0.9657709,-0.14105104,-14.581584,0.21681704,0.797627,-0.41517103,0.38001943
0.77721465,-1.512815,-14.925238,0.38418958,0.8032681,0.11788382,0.43961596
0.9656305,-0.14144374,-14.581584,0.21697621,0.79757607,-0.4151432,0.38006574
0.77645326,-1.5124723,-14.92546,0.3841803,0.8033633,0.11775756,0.4394838
0.9657825,-0.14124249,-14.581584,0.21695973,0.7975313,-0.41520792,0.38009846
0.7776138,-1.5121393,-14.925674,0.38426036,0.80330044,0.11768246,0.439549
0.9656548,-0.14105591,-14.581584,0.21695018,0.797516,-0.41520873,0.38013515
0.7768,-1.5118535,-14.9258585,0.38424152,0.8034256,0.11759902,0.43935907
0.96551865,-0.14085706,-14.581584,0.21698098,0.7974771,-0.41522965,0.3801761
0.77697396,-1.5115851,-14.926032,0.38427576,0.8034946,0.11743088,0.43924785
0.9656732,-0.14067394,-14.581584,0.21696384,0.7974193,-0.41528425,0.3802476
0.77622473,-1.5113529,-14.926183,0.38433504,0.8035593,0.11733766,0.43910238
0.96554977,-0.14103696,-14.581584,0.21708502,0.7973056,-0.4153372,0.38035902
0.77557963,-1.5120078,-14.9263115,0.38449728,0.80354595,0.1173206,0.43898946
0.96568847,-0.14086697,-14.581584,0.21707587,0.79722255,-0.41540784,0.38046116
0.77502126,-1.5117626,-14.926423,0.38465658,0.80358785,0.11719407,0.43880692
0.96581674,-0.14070971,-14.581584,0.21705925,0.7971036,-0.41552922,0.38058728
0.77453566,-1.5115491,-14.92652,0.38482973,0.80362207,0.11705355,0.43862984
0.96570754,-0.14102012,-14.581584,0.21720167,0.79695976,-0.41559651,0.3807337
0.77409565,-1.5113559,-14.926608,0.3849653,0.80365384,0.116936855,0.4384839
0.9656063,-0.141308,-14.581584,0.21736959,0.7968041,-0.41569442,0.38085675
0.77365834,-1.5103436,-14.926697,0.38509232,0.8037097,0.11675315,0.43831894
0.96571803,-0.14116374,-14.581584,0.21743684,0.7966655,-0.41585544,0.38093257
0.7736641,-1.5101442,-14.926062,0.3854583,0.8036529,0.11653411,0.43815964
0.96592194,-0.1414765,-14.581584,0.21764633,0.79634726,-0.41612443,0.38118455
0.77404624,-1.5100634,-14.925437,0.38554513,0.8036408,0.11650805,0.4381124
0.96602,-0.1415306,-14.581584,0.21772766,0.7961652,-0.41630316,0.38132316
0.77438104,-1.5099926,-14.925599,0.38557574,0.803663,0.11641576,0.43806913
0.9661161,-0.1413914,-14.581584,0.21775672,0.7959993,-0.41645646,0.38148558
0.77400166,-1.5106044,-14.925068,0.3856877,0.8036991,0.11636058,0.4379191
0.96621025,-0.14163946,-14.581584,0.21785764,0.79580784,-0.4165455,0.38173002
0.77366656,-1.5105045,-14.924599,0.3857556,0.803723,0.11627474,0.43783823
0.9663026,-0.14188254,-14.581584,0.21802711,0.7956006,-0.4166456,0.381956
0.77458584,-1.5110241,-14.924182,0.38587984,0.80363715,0.11624069,0.43789533
0.966393,-0.14192852,-14.581584,0.21811081,0.7954184,-0.41675013,0.38217348
0.77482605,-1.5114865,-14.923812,0.38597727,0.8035754,0.11628163,0.43791184
0.9664816,-0.14178135,-14.581584,0.21806926,0.79524004,-0.41697317,0.3823251
0.77504057,-1.5118994,-14.923481,0.3860794,0.8033719,0.116452634,0.43814957
0.96676075,-0.14182937,-14.581584,0.21808618,0.7948219,-0.4173274,0.3827982
0.7752327,-1.5122693,-14.923185,0.38615927,0.8031869,0.11666797,0.4383611
0.9670343,-0.14187641,-14.581584,0.21812837,0.794384,-0.417759,0.3832121
0.7759008,-1.5126016,-14.922919,0.38625175,0.80300707,0.116751455,0.43858686
0.96730226,-0.14173028,-14.581584,0.21821974,0.7940327,-0.41808587,0.3835316
0.7760321,-1.512901,-14.923151,0.38626564,0.8028626,0.11690079,0.4387991
0.96756494,-0.14177932,-14.581584,0.21825582,0.7937604,-0.41834843,0.3837882
0.77615076,-1.5127244,-14.92336,0.3862602,0.80276096,0.11698664,0.43896702
0.96782243,-0.14182737,-14.581584,0.21836215,0.7934445,-0.41867158,0.38402855
0.7762582,-1.5125644,-14.923549,0.38621363,0.802656,0.11710194,0.43916926
0.96826696,-0.1420667,-14.581584,0.21857707,0.793042,-0.4189906,0.38438964
0.77675927,-1.5124192,-14.923719,0.38620347,0.8025196,0.117208555,0.43939888
0.9685104,-0.14191677,-14.581584,0.21860203,0.7928052,-0.4193267,0.38449746
0.776832,-1.5126703,-14.923876,0.38618746,0.8024065,0.117281765,0.43959993
0.96855664,-0.14176983,-14.581584,0.21866378,0.79271173,-0.41938895,0.38458693
0.7768983,-1.5125352,-14.924018,0.38614333,0.80230707,0.11737451,0.43979543
0.9688121,-0.14161497,-14.581584,0.2186576,0.7925223,-0.41963395,0.38471368
0.7773048,-1.5127577,-14.923801,0.38615775,0.80214846,0.11747524,0.4400451
0.9691192,-0.14193664,-14.581839,0.21890533,0.7923407,-0.4197405,0.3848307
0.77770585,-1.5129771,-14.92359,0.3861231,0.8020297,0.117593,0.44026047
0.96948886,-0.14232393,-14.582145,0.21910194,0.7921738,-0.41983497,0.38495922
0.77817935,-1.5128022,-14.923773,0.38605803,0.801933,0.117658585,0.44047603
0.9703799,-0.14240445,-14.582122,0.21902925,0.79199994,-0.42005715,0.38511607
0.7786664,-1.5130899,-14.923493,0.3860726,0.8017667,0.11777926,0.44073358
0.9708545,-0.14203471,-14.582097,0.21898623,0.79191136,-0.42016956,0.3852001
0.7791712,-1.513388,-14.923203,0.38608545,0.80160385,0.11793256,0.44097748
0.97134733,-0.1416508,-14.582071,0.21884553,0.79180336,-0.42032352,0.38533393
0.77970827,-1.5137051,-14.923468,0.38614145,0.80141836,0.118014105,0.4412438
0.97186536,-0.14234287,-14.582592,0.21910384,0.79169977,-0.4201739,0.38556316
0.7802406,-1.5146226,-14.923126,0.3862661,0.8012271,0.11816581,0.44144148
0.9724042,-0.14306276,-14.58253,0.21920371,0.7915589,-0.42018697,0.38578123
0.7807784,-1.5155493,-14.922781,0.38640553,0.80100995,0.1183245,0.44167095
0.97373706,-0.14387338,-14.583186,0.2191154,0.79147327,-0.42011377,0.38608685
0.7813241,-1.5164896,-14.922431,0.3865094,0.8008604,0.118443795,0.4418192
0.97513247,-0.14389977,-14.58305,0.21908069,0.7913798,-0.42006937,0.3863464
0.7818665,-1.5166655,-14.922083,0.3865582,0.8007077,0.11852902,0.44203043
0.9756026,-0.14392479,-14.583774,0.21920651,0.7913928,-0.41982648,0.38651237
0.78333616,-1.5168545,-14.921708,0.38658753,0.8005956,0.11852469,0.44220895
0.97701496,-0.14394993,-14.583561,0.2191,0.7913947,-0.41967824,0.38672978
0.7838042,-1.5170338,-14.921354,0.38660592,0.80053985,0.11851523,0.44229627
0.97644013,-0.14397147,-14.584272,0.21916005,0.79153246,-0.41928822,0.38683674
0.7842442,-1.5172025,-14.921021,0.3866527,0.80047226,0.118501745,0.44238138
0.9768102,-0.14399096,-14.584915,0.21911728,0.79154724,-0.41905308,0.38708547
0.7857911,-1.5184716,-14.920679,0.38680625,0.8003624,0.118471384,0.442454
0.97715884,-0.1449332,-14.585521,0.21925578,0.7915372,-0.41879088,0.38731128
0.78606975,-1.5185001,-14.920372,0.3868296,0.8003565,0.11837927,0.4424689
0.97748756,-0.14678548,-14.586091,0.21943755,0.79153883,-0.4185134,0.38750497
0.78631985,-1.5185256,-14.920096,0.38689035,0.8003639,0.118246436,0.4424379
0.97685295,-0.14745308,-14.586579,0.21951799,0.79159033,-0.4182685,0.3876186
0.7865434,-1.5185484,-14.919848,0.38702732,0.80035466,0.118143596,0.44236225
0.97820026,-0.14711913,-14.587052,0.21924745,0.791614,-0.41822124,0.38777435
0.78674275,-1.5185685,-14.919628,0.38707206,0.8003643,0.11802702,0.4423367
0.97748494,-0.14590201,-14.587456,0.21897402,0.7918056,-0.41803524,0.38773808
0.78691334,-1.5185859,-14.920569,0.38710636,0.8004042,0.11786848,0.44227684
0.9777569,-0.14574352,-14.586916,0.21875033,0.791928,-0.41791746,0.38774145
0.78706485,-1.5186013,-14.920269,0.38718244,0.80042523,0.117754176,0.44220266
0.97799283,-0.14560609,-14.587294,0.21864271,0.79202104,-0.4178859,0.3876462
0.7871917,-1.5175346,-14.921096,0.38713983,0.80051565,0.1176291,0.44210967
0.9781972,-0.14468332,-14.586818,0.21849833,0.79212296,-0.4178631,0.3875438
0.78730017,-1.5176624,-14.921803,0.3871393,0.8006141,0.11746152,0.4419763
0.9783778,-0.14386797,-14.587172,0.21835335,0.79224896,-0.4177592,0.38747993
0.7885399,-1.5177869,-14.921358,0.38715753,0.8006649,0.1173325,0.44190255
0.9777994,-0.14389202,-14.5874815,0.21833853,0.79239297,-0.41759276,0.38737324
0.7885003,-1.5178933,-14.922077,0.38716766,0.8007718,0.11719323,0.44173706
0.9787981,-0.14391565,-14.587786,0.21828127,0.792421,-0.4175586,0.38738504
0.78650683,-1.5161268,-14.9222,0.3872071,0.801082,0.11685678,0.44122887
0.9782944,-0.14471552,-14.588318,0.21819764,0.7927279,-0.41718864,0.3872027
0.78667265,-1.5154368,-14.922734,0.3872207,0.80123866,0.11670167,0.44097337
0.9784611,-0.14542177,-14.588543,0.21825767,0.7928109,-0.41703606,0.3871633
0.7859177,-1.5148458,-14.922294,0.387257,0.8013686,0.1166013,0.44073176
0.9778967,-0.14604053,-14.58874,0.21831083,0.7929388,-0.4168739,0.38704598
0.78526735,-1.515189,-14.921915,0.38729143,0.801482,0.11654808,0.4405094
0.9774002,-0.14591004,-14.58824,0.21821478,0.7930853,-0.4167862,0.3868946
0.7847043,-1.5154862,-14.921588,0.38733715,0.8015722,0.11651954,0.4403126
0.9769617,-0.14579478,-14.587797,0.21820244,0.7931673,-0.4167435,0.3867794
0.78421456,-1.5149755,-14.921303,0.38732657,0.8016826,0.11647372,0.44013312
0.9765728,-0.14630164,-14.587404,0.21822715,0.7932292,-0.41666842,0.3867193
0.7830558,-1.5145292,-14.921054,0.38729694,0.80181473,0.11646385,0.43992114
0.97680545,-0.14617404,-14.587054,0.21818504,0.79328686,-0.4166188,0.38667822
0.7834269,-1.5141375,-14.9208355,0.38730702,0.80187404,0.11643849,0.43981072
0.97646344,-0.14606012,-14.586742,0.21812502,0.79337686,-0.41657004,0.38658008
0.7830945,-1.5137923,-14.920643,0.38731578,0.80193067,0.11645891,0.43969432
0.9766793,-0.1454359,-14.586463,0.21804422,0.7934351,-0.41656575,0.3865108
0.7828005,-1.5134867,-14.920473,0.38733634,0.80197555,0.11648929,0.43958622
0.9763772,-0.14537118,-14.586212,0.21796583,0.79352397,-0.4165133,0.38642895
0.7825393,-1.5138106,-14.920321,0.3873734,0.8020053,0.116534874,0.43948725
0.976105,-0.14531288,-14.585985,0.21788135,0.79361314,-0.41645432,0.38635704
0.78287196,-1.5146645,-14.920187,0.38743082,0.8020043,0.116617866,0.43941653
0.97585905,-0.14526019,-14.585781,0.21785218,0.79367757,-0.4164094,0.38628957
0.7826323,-1.5148909,-14.920066,0.38743198,0.8020101,0.11671028,0.43938032
0.97606164,-0.14521247,-14.585596,0.21781074,0.79373324,-0.41633806,0.38627544
0.78241736,-1.5145838,-14.919958,0.38740364,0.80203015,0.116767116,0.43935364
0.9762456,-0.14516915,-14.585428,0.2177333,0.793784,-0.41627637,0.3862814
0.782224,-1.5147922,-14.919861,0.3873906,0.80201966,0.116815686,0.43937135
0.97564524,-0.1455136,-14.585276,0.2177054,0.7938425,-0.4161954,0.38626418
0.78251,-1.5154406,-14.919772,0.38739935,0.8019753,0.1168792,0.4394277
0.97582704,-0.14582774,-14.585135,0.21767199,0.793862,-0.41616285,0.38627788
0.7827687,-1.5155896,-14.919693,0.38739288,0.80194753,0.11690951,0.43947595
0.9756468,-0.14576843,-14.585008,0.21763773,0.7938928,-0.41611996,0.3862801
0.78300333,-1.5153092,-14.919621,0.3873706,0.8019246,0.11694003,0.43952933
0.9758108,-0.1457141,-14.584892,0.21758269,0.7939049,-0.41608956,0.38631895
0.7828217,-1.5150543,-14.919556,0.3873269,0.8019137,0.116967455,0.43958053
0.97564864,-0.1453516,-14.584785,0.2174825,0.79393125,-0.41605505,0.38635844
0.7830314,-1.5148221,-14.919496,0.38729674,0.80188614,0.1169862,0.43965238
0.97579664,-0.14501844,-14.584686,0.21736284,0.79394406,-0.41602913,0.38642734
0.7832228,-1.5149665,-14.919441,0.387295,0.8018394,0.11700451,0.43973422
0.97565067,-0.1447117,-14.584597,0.21727252,0.79395425,-0.41599756,0.38649115
0.7833979,-1.5150985,-14.919392,0.3872663,0.80180395,0.11702787,0.43981782
0.9757841,-0.144965,-14.584513,0.21725167,0.7939293,-0.4159433,0.3866126
0.78355837,-1.5152194,-14.919346,0.38724676,0.80177313,0.117028475,0.43989122
0.97590744,-0.14519891,-14.584435,0.2172058,0.79390734,-0.41589633,0.38673386
0.7841112,-1.5149821,-14.919293,0.38721663,0.80174124,0.117026545,0.43997625
0.97577953,-0.14541525,-14.584605,0.2172055,0.79390866,-0.41579327,0.3868422
0.7842819,-1.5151384,-14.919241,0.38719624,0.8017146,0.117045745,0.4400376
0.9756611,-0.14538576,-14.584534,0.21715271,0.7939123,-0.41575512,0.38690543
0.78445303,-1.5148745,-14.9191885,0.38717774,0.80168617,0.11704455,0.440106
0.9757696,-0.14514007,-14.584467,0.21704711,0.79389954,-0.4157489,0.3869975
0.7851652,-1.5150794,-14.9191265,0.38716376,0.80165446,0.1170497,0.4401747
0.9756628,-0.14491196,-14.584405,0.21699719,0.79387575,-0.41573128,0.38709316
0.78533417,-1.5152823,-14.919065,0.38716617,0.80161273,0.11706001,0.44024578
0.97576076,-0.144897,-14.584348,0.21698505,0.79382455,-0.41572064,0.38721627
0.7861395,-1.5148833,-14.918998,0.38712066,0.8015803,0.117084816,0.44033825
0.97566205,-0.14507493,-14.584292,0.21707727,0.7937383,-0.41570622,0.3873568
0.7869972,-1.5144584,-14.918926,0.38706586,0.8015334,0.11711347,0.44046414
0.97575754,-0.14505708,-14.584238,0.2170985,0.7936674,-0.4157143,0.38748157
0.7870853,-1.5140644,-14.9188595,0.38705227,0.80147225,0.117132865,0.44058228
0.9758511,-0.14542405,-14.584378,0.21719457,0.793573,-0.415693,0.38764384
0.78796595,-1.5144465,-14.918792,0.38706827,0.80136776,0.11719199,0.4407426
0.97594285,-0.14559145,-14.584516,0.21725322,0.79346037,-0.41573498,0.38779667
0.7888557,-1.5148326,-14.918722,0.38705277,0.8012738,0.117227376,0.4409174
0.97584045,-0.14556327,-14.584456,0.21732344,0.7933939,-0.4157672,0.38785872
0.7897353,-1.5152142,-14.918654,0.3870431,0.80116856,0.1172698,0.44110596
0.9759324,-0.14553565,-14.584592,0.21736023,0.79332715,-0.41579887,0.38794065
0.7895887,-1.5155474,-14.918594,0.38701597,0.80106586,0.11733204,0.44129965
0.97602254,-0.14550857,-14.584532,0.21737213,0.79324126,-0.4158711,0.3880323
0.78946275,-1.5158339,-14.919412,0.38701612,0.8009607,0.11734121,0.44148782
0.97612303,-0.14591578,-14.584684,0.21752018,0.79312384,-0.4158861,0.3881731
0.7902252,-1.5169756,-14.920163,0.38701156,0.80076283,0.117358536,0.44184607
0.9762229,-0.14587565,-14.584836,0.21758485,0.79299015,-0.41596863,0.38832158
0.7909541,-1.517143,-14.920881,0.38688305,0.80060226,0.117421694,0.44223267
0.97610414,-0.14583841,-14.584976,0.21766056,0.7929192,-0.4160104,0.38837928
0.7916459,-1.5173018,-14.921563,0.38680816,0.8003841,0.117475934,0.4426784
0.9761947,-0.14580381,-14.585107,0.21769324,0.79280025,-0.4161358,0.38846952
0.79229695,-1.5174513,-14.922205,0.38663644,0.80024475,0.11748591,0.44307768
0.9762988,-0.14599988,-14.585257,0.2177886,0.7926688,-0.41622642,0.38858703
0.7929042,-1.5175908,-14.922803,0.38649672,0.800056,0.117566034,0.44351885
0.9764185,-0.14622526,-14.585429,0.21790713,0.7925711,-0.41629127,0.38865042
0.7934655,-1.5177196,-14.923357,0.38634568,0.79987,0.11762883,0.443969
0.9765288,-0.14590508,-14.5855875,0.21789032,0.7925098,-0.41635275,0.38871896
0.7939608,-1.5167369,-14.923845,0.38612467,0.7997514,0.11755368,0.4443947
0.9766497,-0.14614907,-14.585761,0.21792848,0.7924523,-0.41632172,0.38884807
0.7956765,-1.5169892,-14.924329,0.38597703,0.7995052,0.11752696,0.4449726
0.97677356,-0.14608476,-14.585939,0.21788913,0.7924575,-0.41626146,0.3889239
0.7973133,-1.5172299,-14.924789,0.38587976,0.79928255,0.11740016,0.44549018
0.97658885,-0.14602566,-14.586103,0.21785985,0.79247195,-0.4162006,0.38897613
0.7988267,-1.5174526,-14.925216,0.38574272,0.7991647,0.11735585,0.44583157
0.9767104,-0.14596742,-14.586266,0.21786289,0.79246265,-0.41612923,0.38906983
0.79868156,-1.5162648,-14.925561,0.38556185,0.7991769,0.1172214,0.44600177
0.9765253,-0.1462136,-14.586422,0.2179327,0.7924529,-0.4160134,0.38917437
0.79999965,-1.5166346,-14.925874,0.38554198,0.7990721,0.117214,0.4462087
0.9766681,-0.14649032,-14.5865965,0.2179541,0.7924108,-0.41596302,0.38930193
0.79967964,-1.5169383,-14.926131,0.38549605,0.79897165,0.117265396,0.44641474
0.9768127,-0.14640173,-14.586774,0.2179415,0.7923851,-0.41593534,0.3893909
0.8008461,-1.5157576,-14.926357,0.38542917,0.7988973,0.11724642,0.44661033
0.97695905,-0.14631207,-14.586953,0.21792033,0.792374,-0.4159067,0.38945577
0.8004109,-1.514805,-14.92654,0.38528177,0.79891,0.11715848,0.44673797
0.977107,-0.14622149,-14.587134,0.21791357,0.7923978,-0.41580868,0.38951585
0.80005664,-1.5140296,-14.926689,0.38515007,0.7989667,0.11713553,0.44675592
0.977256,-0.14613023,-14.587317,0.2178751,0.7923991,-0.4157957,0.38954857
0.80108917,-1.5133388,-14.926822,0.38510096,0.7988826,0.11712649,0.44695112
0.9774056,-0.14603859,-14.587501,0.21793477,0.79236895,-0.41579625,0.38957596
0.80200905,-1.5141202,-14.92694,0.38518173,0.79876107,0.11714483,0.44709384
0.9775622,-0.1464392,-14.587691,0.21799044,0.7923551,-0.4157206,0.3896537
0.8014289,-1.5147547,-14.927036,0.38539872,0.7987274,0.11713388,0.44697002
0.97772425,-0.14685385,-14.58789,0.21802005,0.7922823,-0.41576794,0.38973477
0.8022714,-1.5153118,-14.927121,0.38542292,0.7986616,0.11708533,0.44707936
0.97789,-0.1472781,-14.588093,0.21805063,0.7921975,-0.4157906,0.3898657
0.80302095,-1.5158076,-14.9271965,0.38553035,0.7985919,0.11701801,0.44712883
0.97805774,-0.14770716,-14.588298,0.21812668,0.792126,-0.41582516,0.38993165
0.8022996,-1.5162101,-14.927258,0.38548934,0.798665,0.116969675,0.4470463
0.97822547,-0.14813611,-14.588503,0.21810238,0.7920734,-0.41589883,0.3899735
0.8030122,-1.516559,-14.92731,0.3854656,0.7986856,0.116879635,0.44705346
0.9783804,-0.14785902,-14.588694,0.21802007,0.79207975,-0.41588014,0.39002657
0.8036301,-1.5155137,-14.927356,0.38544232,0.7987196,0.116783544,0.44703797
0.9785334,-0.14830035,-14.5888815,0.21806888,0.7920906,-0.41576582,0.39009905
0.80417466,-1.515974,-14.927396,0.38546753,0.7987168,0.11668865,0.44704595
0.97943556,-0.1479777,-14.589065,0.21795727,0.7920528,-0.41583607,0.39016342
0.8033051,-1.515036,-14.927428,0.385395,0.7988272,0.11657855,0.44694006
0.9802516,-0.14694683,-14.58923,0.21779603,0.7920016,-0.4159322,0.3902549
0.80383873,-1.5142665,-14.927456,0.38542467,0.798796,0.11645831,0.44700134
0.98108774,-0.14753115,-14.589398,0.21775241,0.79192066,-0.41596094,0.3904127
0.8043114,-1.5148538,-14.927479,0.3854481,0.7987882,0.11638833,0.44701338
0.9810305,-0.14892825,-14.589559,0.21785025,0.7918998,-0.415866,0.39050162
0.80349565,-1.5153383,-14.927499,0.38549218,0.79881495,0.11623969,0.4469662
0.9809775,-0.14936326,-14.589706,0.21790604,0.7918452,-0.41580036,0.39065108
0.8028178,-1.5145955,-14.927515,0.38541964,0.79890764,0.116103336,0.44689855
0.9809316,-0.14810684,-14.589834,0.21772683,0.7918719,-0.4158718,0.39062083
0.8022507,-1.513974,-14.927529,0.38545358,0.7989523,0.11595062,0.44682908
0.9808917,-0.14701462,-14.589946,0.21763125,0.7918428,-0.41595644,0.39064267
0.8028064,-1.5134504,-14.927541,0.38547453,0.7989445,0.11583018,0.44685623
0.98085684,-0.1467975,-14.590043,0.2176071,0.7917774,-0.41598475,0.39075884
0.80327755,-1.5139884,-14.92755,0.38550338,0.79891205,0.11580319,0.44689628
0.98082626,-0.14730696,-14.590128,0.21766813,0.79170525,-0.41598922,0.3908662
0.80371344,-1.5134743,-14.92756,0.38545054,0.7989589,0.11570763,0.44688293
0.9807992,-0.14775822,-14.590203,0.21770588,0.7916228,-0.4160068,0.3909934
0.80411077,-1.5140363,-14.927568,0.38546583,0.79892486,0.1156123,0.44695526
0.9807736,-0.14818518,-14.590275,0.21772343,0.7915496,-0.41602764,0.39110968
0.8034686,-1.514513,-14.927575,0.38550797,0.79892784,0.11554383,0.4469313
0.9814956,-0.14862177,-14.590348,0.21764214,0.7914738,-0.41605672,0.3912774
0.8049229,-1.513933,-14.927582,0.3854291,0.7989051,0.11545633,0.4470627
0.982183,-0.148265,-14.590417,0.21749665,0.79142827,-0.4161342,0.39136806
0.8041979,-1.5144203,-14.927588,0.38551423,0.79888517,0.11544352,0.44702813
0.98204976,-0.14721951,-14.590478,0.21730176,0.7914832,-0.41612807,0.39137173
0.80450964,-1.5139058,-14.927592,0.38545948,0.7989059,0.11532901,0.44706786
0.98264086,-0.14699504,-14.590532,0.21725452,0.79144627,-0.41616338,0.3914349
0.8038934,-1.5134643,-14.927596,0.38541675,0.79895216,0.11526355,0.44703898
0.98248535,-0.14679646,-14.59058,0.2172908,0.79145545,-0.41606906,0.39149654
0.8042013,-1.513923,-14.9276,0.38543746,0.79892504,0.11521077,0.4470832
0.98304963,-0.14660141,-14.590627,0.21728557,0.7913945,-0.41607636,0.39161488
0.80367076,-1.5143209,-14.927604,0.38547832,0.7988913,0.11521683,0.4471066
0.9828609,-0.14712083,-14.59067,0.21750084,0.79135424,-0.4160014,0.3916564
0.80320853,-1.5139096,-14.927606,0.38545665,0.7989121,0.115143634,0.44710702
0.9826946,-0.1469192,-14.590707,0.21754934,0.79128724,-0.41604194,0.39172176
0.8035238,-1.5135497,-14.927608,0.3852905,0.79891765,0.115008816,0.4472748
0.9832264,-0.14672127,-14.590743,0.21750577,0.79115194,-0.4161187,0.3919377
0.80380094,-1.5139172,-14.92761,0.38530686,0.7988054,0.114941806,0.4474784
0.98303187,-0.1472146,-14.590776,0.21762423,0.7909815,-0.4161135,0.39222145
0.8040624,-1.5135694,-14.927612,0.38519984,0.79874814,0.11483296,0.44770074
0.98285574,-0.14766128,-14.590805,0.21773922,0.7908206,-0.41619298,0.39239752
0.80363286,-1.5139228,-14.927614,0.38516805,0.7986645,0.11477266,0.44789267
0.9826947,-0.14806966,-14.590833,0.2178523,0.7906793,-0.41618487,0.3926283
0.8046425,-1.5135597,-14.92834,0.38500842,0.7985725,0.11459026,0.4482406
0.9832293,-0.14848576,-14.59086,0.21784289,0.7904955,-0.41622007,0.39296597
0.8048569,-1.5132155,-14.928287,0.38496754,0.7985159,0.11447863,0.4484051
0.983738,-0.14816473,-14.590886,0.2177424,0.79033005,-0.4163638,0.39320216
0.8050629,-1.5121123,-14.929007,0.38473055,0.7985671,0.11433278,0.4485544
0.9841886,-0.14719403,-14.59091,0.21745202,0.79023343,-0.41644418,0.3934719
0.8061165,-1.5126936,-14.928885,0.3847998,0.798426,0.11429947,0.44875482
0.98539174,-0.14621241,-14.590933,0.21731012,0.79007655,-0.41659346,0.3937072
0.8062282,-1.5132102,-14.928779,0.38487598,0.7983022,0.11421814,0.44893038
0.9857693,-0.14682695,-14.590956,0.21755266,0.78980243,-0.41670346,0.39400664
0.8063304,-1.5128579,-14.92868,0.38485247,0.79828364,0.11410105,0.44901335
0.9861263,-0.14660628,-14.590977,0.21750537,0.78968173,-0.4169223,0.3940432
0.8073553,-1.5124984,-14.92858,0.38478708,0.79818296,0.11407966,0.44925356
0.98646265,-0.14639843,-14.590997,0.21749876,0.789544,-0.41716275,0.3940684
0.8083726,-1.5121416,-14.928481,0.38473508,0.79813445,0.11407964,0.44938424
0.98677915,-0.14705102,-14.591016,0.21764268,0.7893755,-0.41735744,0.3941204
0.8082746,-1.5118296,-14.928394,0.38464785,0.7981117,0.11408022,0.44949922
0.98624754,-0.14600474,-14.591032,0.21756491,0.78938454,-0.4175134,0.39398006
0.80818844,-1.5115553,-14.928318,0.38456807,0.7981298,0.11406361,0.44953963
0.98737836,-0.14585106,-14.591047,0.21750265,0.7892402,-0.41781917,0.3939793
0.8081123,-1.5113131,-14.928251,0.38457793,0.79805523,0.11413698,0.44964483
0.9876063,-0.1465289,-14.591062,0.21762069,0.7891585,-0.41799423,0.39389196
0.8080448,-1.511098,-14.928191,0.3844998,0.7980182,0.1142993,0.44973618
0.9887533,-0.14722015,-14.591075,0.21773133,0.7890315,-0.4181781,0.3938899
0.80798465,-1.5109066,-14.928139,0.38449505,0.79791,0.114548504,0.4498688
0.9888762,-0.14693208,-14.591088,0.21777359,0.78897005,-0.41841078,0.3937428
0.80793303,-1.511619,-14.928093,0.38448584,0.7977805,0.11487395,0.45002326
0.98898757,-0.14758378,-14.5911,0.21797694,0.78887683,-0.41861343,0.3936016
0.80882794,-1.5113717,-14.928048,0.38441902,0.7976886,0.11503948,0.450201
0.98908895,-0.14817649,-14.59111,0.21814637,0.7888095,-0.41884175,0.39339983
0.8096753,-1.5121304,-14.928006,0.38442683,0.7975054,0.11598598,0.45027605
0.9901994,-0.1487665,-14.591121,0.2185607,0.7887751,-0.41944444,0.3925958
0.81047297,-1.5128447,-14.927966,0.3844923,0.7973096,0.116818026,0.45035172
0.9901844,-0.14734995,-14.590171,0.21876627,0.78884685,-0.42007613,0.39166057
0.8112178,-1.5135115,-14.927928,0.38456124,0.79718465,0.11755722,0.45032182
0.9901716,-0.1461385,-14.589358,0.2190984,0.7888405,-0.42071208,0.39080423
0.8119066,-1.5141283,-14.927893,0.3846982,0.7970515,0.11812313,0.45029232
0.99102616,-0.14509673,-14.588659,0.2193824,0.78877115,-0.42141336,0.39002836
0.81140137,-1.5157268,-14.926782,0.384902,0.79694015,0.11868285,0.45016822
0.9917795,-0.14417839,-14.588043,0.21969186,0.7886578,-0.4221519,0.38928422
0.81200343,-1.5160465,-14.925846,0.38506687,0.796856,0.119157776,0.45005044
0.99249464,-0.14156224,-14.587459,0.2199603,0.7885461,-0.42307547,0.3883551
0.8115376,-1.5163177,-14.925052,0.38525578,0.79680336,0.11962877,0.4498569
0.99318707,-0.14088666,-14.586893,0.22062294,0.7883047,-0.42410117,0.38734937
0.8111401,-1.5174769,-14.924374,0.38552728,0.79672974,0.12013412,0.44961995
0.99496585,-0.14018816,-14.5863085,0.22112733,0.78797495,-0.42542067,0.38628417
0.81170374,-1.5194348,-14.923765,0.38588247,0.79654795,0.12071405,0.4494822
0.9967311,-0.13949497,-14.585728,0.22159241,0.78755116,-0.42688343,0.3852669
0.8113101,-1.5202519,-14.923238,0.3861497,0.7964873,0.121166475,0.44923845
0.99842256,-0.13883077,-14.585171,0.2220896,0.7871551,-0.4282399,0.38428342
0.81188506,-1.5210636,-14.922713,0.38642225,0.79637486,0.121592976,0.44908813
1.00001,-0.1368012,-14.584649,0.22242667,0.78682125,-0.42953858,0.3833216
0.81145865,-1.5208396,-14.922265,0.38656527,0.7963967,0.12198618,0.44881958
1.0014639,-0.1334336,-14.582662,0.22262049,0.78647757,-0.43077505,0.38252586
0.8110922,-1.5215188,-14.92188,0.38674796,0.7964105,0.122303985,0.4485512
1.0027714,-0.13040547,-14.580874,0.2227071,0.7860558,-0.43199515,0.38196614
0.8107641,-1.5221273,-14.921535,0.38696975,0.7963587,0.12268087,0.44834885
1.0057639,-0.12760872,-14.579224,0.2229155,0.7854693,-0.43330014,0.38157254
0.8104423,-1.523648,-14.920273,0.3871413,0.7963664,0.122946635,0.44811425
1.0063945,-0.12885928,-14.579651,0.22350638,0.7849199,-0.4341874,0.3813489
0.8101265,-1.525141,-14.919033,0.3873185,0.7963559,0.12320777,0.44790795
1.0068985,-0.12985906,-14.579992,0.2240081,0.78439444,-0.43502083,0.38118577
0.8098453,-1.525472,-14.918929,0.38733044,0.79643834,0.12336027,0.4477091
1.0091211,-0.12895027,-14.58029,0.22421086,0.78392774,-0.4357117,0.38123772
0.8095873,-1.5257758,-14.91781,0.387334,0.7965346,0.12339258,0.44752586
1.0110615,-0.124336496,-14.57864,0.2239644,0.7835598,-0.4366055,0.38111648
0.8093587,-1.526045,-14.917833,0.38737363,0.7966271,0.12344449,0.4473126
1.0126891,-0.12246622,-14.577257,0.2240084,0.7833232,-0.43696135,0.38116893
0.80820173,-1.5262736,-14.917851,0.3873302,0.79675484,0.123435564,0.44712496
1.0140245,-0.12093164,-14.576121,0.2241505,0.7830062,-0.43742874,0.38120073
0.8081272,-1.5264691,-14.917869,0.38730964,0.7968228,0.12341421,0.44702756
1.0170425,-0.12377552,-14.577264,0.22456571,0.78258866,-0.4376883,0.38151574
0.8080632,-1.5257683,-14.917882,0.3872844,0.79688686,0.12332973,0.44695863
1.0174334,-0.119949244,-14.576145,0.22443582,0.7824688,-0.43805587,0.38141614
0.80800784,-1.5259882,-14.917894,0.38729033,0.79692316,0.12329141,0.44689935
1.0199262,-0.11674646,-14.575209,0.22435957,0.7823196,-0.4383456,0.38143423
0.8079575,-1.5261884,-14.917905,0.3873359,0.7969146,0.123250894,0.44688627
1.0197035,-0.12056123,-14.576576,0.22500335,0.78194344,-0.43849978,0.381649
0.8087546,-1.5267212,-14.917038,0.38743815,0.79681,0.12315248,0.44701135
1.0229354,-0.12061168,-14.57489,0.2251078,0.78160584,-0.43875772,0.38198242
0.80863273,-1.5268679,-14.917128,0.38741225,0.796778,0.12311418,0.44710118
1.0241135,-0.1174603,-14.574276,0.2249512,0.78172475,-0.4385953,0.3820178
0.8094692,-1.5270134,-14.91626,0.38745245,0.7966941,0.12309927,0.44721997
1.0250684,-0.11490638,-14.573777,0.2247424,0.7818417,-0.4384655,0.38205042
0.8102832,-1.5271549,-14.915415,0.38750672,0.79659957,0.123078994,0.4473469
1.0257779,-0.11897463,-14.573406,0.22504862,0.78173035,-0.43825325,0.3823413
0.8110606,-1.5272901,-14.914608,0.38752115,0.7965323,0.12305408,0.44746113
1.0263189,-0.11825278,-14.573125,0.22494006,0.7817848,-0.43811372,0.38245392
0.8106412,-1.5274097,-14.913895,0.38752967,0.7965025,0.12300768,0.44751954
1.0267593,-0.11572311,-14.572895,0.22478715,0.78184164,-0.43803805,0.38251433
0.81146026,-1.5287596,-14.913192,0.38762024,0.796419,0.12298082,0.44759706
1.0252478,-0.11749576,-14.572721,0.22498041,0.781772,-0.43788576,0.38271725
0.8121995,-1.5287024,-14.912558,0.38767722,0.7963845,0.122936085,0.4476214
1.0258405,-0.118856505,-14.572587,0.2250746,0.7815971,-0.43785894,0.3830496
0.8123072,-1.528611,-14.911544,0.3878035,0.796344,0.12274901,0.44763544
1.0285037,-0.11630524,-14.572389,0.22447707,0.7812325,-0.43792427,0.3840681
0.81441504,-1.5299828,-14.911084,0.38789833,0.7962742,0.122676566,0.44769734
1.0285026,-0.116126925,-14.572314,0.22431076,0.7810602,-0.43781132,0.38464382
0.81480205,-1.529738,-14.910688,0.38797373,0.7962502,0.12258714,0.44769916
1.0285017,-0.119382426,-14.572256,0.22444382,0.7807782,-0.43768492,0.38528204
0.81514704,-1.5310078,-14.9103365,0.38804543,0.79619384,0.12251883,0.44775596
1.030113,-0.120317355,-14.572212,0.22434936,0.7805059,-0.43768382,0.38588977
0.8154241,-1.5292002,-14.910054,0.38805506,0.79617673,0.122411594,0.44780722
1.0298468,-0.11949794,-14.572175,0.22418569,0.78031147,-0.4376968,0.38636306
0.81564856,-1.5290784,-14.909825,0.38812578,0.7961451,0.122302696,0.44783205
1.0312251,-0.12040862,-14.572144,0.22411099,0.780111,-0.4376162,0.386902
0.81584847,-1.5303601,-14.909621,0.388194,0.79610354,0.122230455,0.44786647
1.032331,-0.12268331,-14.572119,0.22409013,0.77987176,-0.43759793,0.38741675
0.8146903,-1.530081,-14.909454,0.38825443,0.79608655,0.12215741,0.44786412
1.0332893,-0.12146654,-14.572097,0.22392726,0.7797091,-0.43760103,0.38783455
0.81500953,-1.5311532,-14.909312,0.3883353,0.7960611,0.12204423,0.44787014
1.0340954,-0.12205029,-14.572078,0.22383839,0.7794901,-0.4376102,0.3883155
0.81661355,-1.5307637,-14.909188,0.38838908,0.7960081,0.121939056,0.44794634
1.034733,-0.12556592,-14.572064,0.22395198,0.77925897,-0.43750763,0.3888292
0.81667,-1.5304344,-14.909083,0.38844967,0.79596,0.121832356,0.44800836
1.0352551,-0.12398609,-14.572052,0.22379494,0.77922314,-0.43739507,0.38911796
0.8154815,-1.5289289,-14.908998,0.3884581,0.7959459,0.12170357,0.44806114
1.0342628,-0.12271724,-14.572042,0.22372353,0.7792056,-0.43723586,0.38937294
0.8156706,-1.5288554,-14.908926,0.38840052,0.7959195,0.12154192,0.4482019
1.0334586,-0.12302979,-14.573376,0.22368965,0.7793308,-0.43669277,0.3897511
0.8158283,-1.5287943,-14.908867,0.38833326,0.79591036,0.12140955,0.4483121
1.0328012,-0.12328529,-14.574466,0.22362265,0.7794678,-0.43619502,0.39007276
0.8159621,-1.5287426,-14.908816,0.3882863,0.7959054,0.121235736,0.4484086
1.0322593,-0.12591626,-14.575363,0.22368844,0.77959716,-0.43565804,0.39037654
0.816075,-1.5276831,-14.909789,0.38820052,0.79591525,0.121052176,0.448515
1.0318094,-0.1269513,-14.57611,0.2236643,0.77974486,-0.43520406,0.39060166
0.816171,-1.527748,-14.909651,0.38810745,0.7959253,0.12091904,0.44861367
1.0314331,-0.12563257,-14.575642,0.22355907,0.7798943,-0.43489203,0.39071107
0.81716967,-1.5278033,-14.910449,0.38802034,0.79593223,0.12073576,0.448726
1.0311162,-0.12763491,-14.576284,0.22366808,0.77999103,-0.43453497,0.39085287
0.8171571,-1.52698,-14.911136,0.38790038,0.79598856,0.12057914,0.44877195
1.0308478,-0.12736036,-14.57683,0.22358821,0.78016084,-0.43424556,0.3908814
0.81714624,-1.526269,-14.911728,0.3878067,0.79603493,0.12042123,0.448813
1.0306188,-0.12712629,-14.577294,0.22355421,0.78030264,-0.43397823,0.3909147
0.8179227,-1.5264373,-14.911457,0.38770115,0.7960684,0.1202801,0.44888285
1.0304224,-0.12781519,-14.577694,0.22348486,0.78043485,-0.43374962,0.39094412
0.81785345,-1.5258375,-14.911967,0.38756308,0.79612696,0.12014008,0.4489356
1.0302533,-0.12840909,-14.578037,0.22343254,0.7805473,-0.43355277,0.39096788
0.818502,-1.5246028,-14.912415,0.38739356,0.7962073,0.11993565,0.44899416
1.0293038,-0.1281208,-14.578336,0.2233857,0.78071404,-0.4333086,0.3909324
0.8183989,-1.5241902,-14.912807,0.3872689,0.7962886,0.11976382,0.44900325
1.0284771,-0.12863253,-14.578594,0.22336337,0.78083986,-0.4330969,0.39092854
0.818948,-1.5238258,-14.913155,0.3871308,0.7963373,0.119622774,0.44907364
1.0284786,-0.1283555,-14.578097,0.22328454,0.78096455,-0.4329466,0.390891
0.8188267,-1.5235025,-14.913464,0.38701975,0.7964169,0.119445615,0.4490753
1.0284799,-0.12880053,-14.578348,0.22325988,0.7810804,-0.43275252,0.39088848
0.81871873,-1.5232149,-14.913738,0.38690558,0.79647064,0.11929512,0.4491184
1.0278273,-0.12919304,-14.57857,0.22327465,0.7811712,-0.43258488,0.39088413
0.81862235,-1.522958,-14.913983,0.3867315,0.79654807,0.11911246,0.4491796
1.0272493,-0.12829804,-14.578144,0.22316311,0.7813008,-0.43243623,0.39085326
0.81853604,-1.522728,-14.914203,0.38657093,0.7966134,0.11892079,0.44925264
1.0267358,-0.12868313,-14.578357,0.22312783,0.7813762,-0.43230116,0.3908721
0.81845844,-1.5225214,-14.9144,0.3864556,0.79665893,0.11874774,0.44931692
1.0262779,-0.12846583,-14.578546,0.22306865,0.7814481,-0.43217018,0.39090693
0.81885916,-1.522335,-14.9145775,0.38634762,0.7966543,0.11851455,0.4494795
1.0264009,-0.12773879,-14.578181,0.22297665,0.7815131,-0.43206897,0.3909415
0.81877416,-1.5221668,-14.914738,0.38627157,0.79665256,0.118287385,0.4496077
1.0265112,-0.1286044,-14.5783615,0.22297433,0.78154784,-0.43193328,0.39102325
0.81869715,-1.5220145,-14.914884,0.38614672,0.79662085,0.11803996,0.44983616
1.02613,-0.12794133,-14.578523,0.22290476,0.78160626,-0.43182096,0.39107004
0.81905574,-1.5222994,-14.915026,0.38611686,0.7965118,0.11778718,0.45012102
1.0262424,-0.12871292,-14.57867,0.22288196,0.78162557,-0.4317133,0.39116338
0.8194489,-1.5221138,-14.91518,0.3859394,0.7964504,0.117511556,0.450454
1.0263442,-0.12810957,-14.578368,0.22279106,0.78166825,-0.43160507,0.3912494
0.8198488,-1.5224591,-14.9153385,0.38591653,0.79626876,0.11727567,0.45085576
1.0260243,-0.12879874,-14.578506,0.22279759,0.7817111,-0.43140164,0.3913842
0.82027006,-1.5222272,-14.915505,0.38578513,0.7961334,0.11692205,0.451299
1.0261252,-0.12864228,-14.578632,0.22269545,0.7817774,-0.43121246,0.3915184
0.8214592,-1.5226809,-14.915693,0.38568866,0.7958295,0.1166691,0.45198253
1.026217,-0.12849969,-14.578747,0.2225632,0.7818138,-0.43098718,0.39176896
0.82277685,-1.5214717,-14.9159,0.38538474,0.79563254,0.1163332,0.45267448
1.0263008,-0.1290762,-14.578852,0.22251129,0.78185,-0.43068096,0.39206284
0.82415396,-1.5211902,-14.916118,0.3852779,0.79535043,0.11604272,0.4533352
1.0263774,-0.12893237,-14.578948,0.22236021,0.78189415,-0.43043035,0.39233565
0.8255364,-1.5209075,-14.916336,0.38513726,0.79509884,0.11573389,0.4539745
1.0264478,-0.12911941,-14.579036,0.22228408,0.7818963,-0.4301901,0.3926379
0.82826406,-1.5206137,-14.916562,0.38506472,0.7948213,0.11551765,0.4545767
1.0265124,-0.12898824,-14.579117,0.22215283,0.78186285,-0.43003172,0.3929521
0.8294024,-1.5203433,-14.91677,0.38488778,0.79470575,0.11532271,0.4549779
1.0265719,-0.12944318,-14.57919,0.22216216,0.78182065,-0.4298195,0.39326283
0.83042675,-1.5186633,-14.916958,0.38462982,0.79463583,0.11512557,0.45536798
1.0266267,-0.12931558,-14.579259,0.22206008,0.7818002,-0.42971197,0.3934787
0.8298895,-1.5186708,-14.9171095,0.38468832,0.7945009,0.11500487,0.4555845
1.0266773,-0.12997709,-14.579322,0.2221442,0.7816858,-0.4295946,0.3937865
0.83083594,-1.5172484,-14.917245,0.38446555,0.79452026,0.114759244,0.45580068
1.026724,-0.12960146,-14.579381,0.22198488,0.78164774,-0.42957944,0.39396852
0.8302437,-1.516098,-14.917356,0.3841881,0.7945474,0.11462512,0.456021
1.0267673,-0.12948821,-14.579434,0.22186701,0.78155345,-0.4296796,0.3941127
0.83111465,-1.5164772,-14.917453,0.38404328,0.7944716,0.11464623,0.45626947
1.0268073,-0.12982866,-14.579485,0.22193876,0.78144085,-0.42967007,0.3943059
0.8318913,-1.5153633,-14.918991,0.3838645,0.7944372,0.11452569,0.45651013
1.0268445,-0.12993301,-14.579532,0.22196914,0.78138757,-0.42965242,0.39441353
0.83257645,-1.5143807,-14.920349,0.38365144,0.79442066,0.1144223,0.45674384
1.0268828,-0.13004026,-14.57958,0.2219636,0.7812961,-0.42971736,0.39452705
0.8331668,-1.513534,-14.919975,0.38370124,0.794309,0.11440054,0.4569016
1.0269232,-0.13015364,-14.579631,0.22199906,0.7811888,-0.4297611,0.3946719
0.8336515,-1.5143472,-14.919669,0.3837755,0.79418904,0.114473924,0.45702946
1.0269614,-0.13002743,-14.579679,0.22198865,0.78113043,-0.42979816,0.39475298
0.8340554,-1.515025,-14.920905,0.38380796,0.79407966,0.114416964,0.45720658
1.0270047,-0.13042657,-14.579733,0.22213948,0.78099495,-0.42984957,0.39488024
0.83440447,-1.5140854,-14.921972,0.38380906,0.7940318,0.1144268,0.45728618
1.0273447,-0.13025917,-14.57979,0.22206287,0.7809294,-0.4299583,0.39493456
0.8363376,-1.5132453,-14.921306,0.38387886,0.793912,0.11441401,0.45743886
1.0270891,-0.13067965,-14.579845,0.22215514,0.7808808,-0.42992893,0.39501062
0.83632445,-1.514122,-14.92078,0.38396296,0.7938076,0.1144535,0.4575395
1.0274432,-0.13049586,-14.579902,0.22204886,0.78079176,-0.4300667,0.39509648
0.8363139,-1.5148215,-14.920361,0.38400927,0.7937931,0.11444119,0.45752895
1.0278453,-0.13064942,-14.579967,0.22210242,0.78062063,-0.43020558,0.3952534
0.83781964,-1.5154355,-14.919992,0.38427332,0.7935194,0.11443357,0.45778388
1.0278723,-0.13121282,-14.580034,0.22232431,0.7803936,-0.43024817,0.3955303
0.8375847,-1.5159283,-14.919696,0.38433963,0.79342985,0.11447637,0.45787272
1.0283157,-0.13094199,-14.580102,0.22237891,0.78019583,-0.43036622,0.39576146
0.83739024,-1.5149305,-14.919453,0.38429728,0.79335487,0.11447662,0.45803794
1.0283242,-0.13156408,-14.580173,0.2225614,0.77999264,-0.43042773,0.3959924
0.8372319,-1.5154588,-14.919252,0.3844766,0.7931328,0.114590324,0.45824358
1.0287966,-0.13124521,-14.580242,0.22261381,0.7798345,-0.43050537,0.39619002
0.8385198,-1.5145111,-14.919069,0.38444877,0.79310304,0.11450709,0.45833918
1.0293249,-0.13197902,-14.580319,0.22281355,0.77958494,-0.4306164,0.3964481
0.8381929,-1.5137305,-14.918919,0.38438338,0.79312354,0.114507616,0.4583586
1.0292803,-0.13160066,-14.580389,0.22287495,0.77947414,-0.43069327,0.3965479
0.83936805,-1.5130222,-14.918781,0.38446274,0.79299414,0.114469685,0.4585254
1.0298154,-0.13236308,-14.580462,0.22304782,0.7793013,-0.4307785,0.39669773
0.8389128,-1.5124491,-14.920076,0.38458273,0.79295564,0.11448197,0.4584882
1.0303594,-0.1325078,-14.580538,0.22308636,0.7792232,-0.43084487,0.39675745
0.83987904,-1.5146554,-14.919791,0.3848591,0.7927368,0.11467006,0.45858765
1.0309719,-0.1341901,-14.581381,0.22325484,0.77909803,-0.4309006,0.39684796
0.8407204,-1.515226,-14.920893,0.3849448,0.7926613,0.11483406,0.45860532
1.0315157,-0.13348672,-14.581398,0.22322385,0.77907187,-0.4309791,0.3968316
0.84012437,-1.515692,-14.92051,0.38500154,0.7926302,0.11498832,0.45857272
1.0312669,-0.13516077,-14.582208,0.22345582,0.7790092,-0.4310099,0.3967905
0.8396337,-1.5148566,-14.921414,0.38500005,0.7926963,0.11504647,0.45844507
1.0318028,-0.13436173,-14.582159,0.22343878,0.77901334,-0.43112046,0.3966719
0.8403847,-1.5164796,-14.921006,0.38515434,0.792584,0.11522642,0.45846456
1.0315359,-0.13515507,-14.5828905,0.22359261,0.7790179,-0.4311635,0.39652932
0.8410518,-1.5167518,-14.921813,0.38509294,0.7925751,0.1153503,0.4585003
1.0320966,-0.13510513,-14.5836,0.22364822,0.7790354,-0.43127868,0.39633828
0.8404974,-1.5169789,-14.922486,0.38509285,0.79257053,0.11547705,0.45847636
1.0317954,-0.13506033,-14.584237,0.22371745,0.7790623,-0.43141654,0.3960963
0.8400315,-1.5182252,-14.921996,0.38518363,0.7924931,0.11576954,0.4584602
1.0315095,-0.135851,-14.584842,0.22380818,0.77910733,-0.43150926,0.3958555
0.8396375,-1.5192792,-14.922584,0.3852301,0.7923957,0.11609595,0.45850685
1.0312614,-0.13495396,-14.584574,0.22380406,0.77919877,-0.43162942,0.3955467
0.83930236,-1.5201762,-14.923085,0.38535193,0.7922978,0.11642037,0.45849147
1.0318028,-0.13492359,-14.585098,0.2238135,0.7792446,-0.43182275,0.39523986
0.8390155,-1.5209438,-14.922608,0.3854311,0.79215056,0.116789736,0.45858535
1.0315546,-0.13345356,-14.584836,0.22377455,0.7793445,-0.4320123,0.39485767
0.83876854,-1.5216044,-14.922199,0.38547572,0.7920397,0.117174104,0.45864135
1.0320221,-0.1335332,-14.584604,0.2238042,0.7793724,-0.43226048,0.39451402
0.8393718,-1.5221758,-14.9218445,0.3856069,0.7918582,0.11750408,0.45876
1.0317833,-0.1323007,-14.5844,0.22372161,0.7794651,-0.43254453,0.39406615
0.8391202,-1.5226725,-14.921536,0.38566923,0.7917366,0.11785415,0.45882776
1.0315719,-0.13244678,-14.58422,0.22372052,0.7795035,-0.43286172,0.3936421
0.8389005,-1.5231062,-14.921267,0.3858155,0.79154456,0.11824732,0.458935
1.0313838,-0.13140091,-14.584059,0.2236481,0.779541,-0.43323225,0.39320126
0.8394081,-1.5234866,-14.92103,0.38604805,0.79132396,0.118589014,0.4590316
1.0317746,-0.13102655,-14.583916,0.22357032,0.77953404,-0.43368608,0.39275888
0.8391898,-1.5238218,-14.920823,0.3862071,0.79116493,0.1189258,0.4590849
1.0321243,-0.1296305,-14.583258,0.22342832,0.7795239,-0.43421286,0.39227745
0.8396615,-1.5241401,-14.919947,0.38628057,0.7909303,0.11957866,0.4592577
1.0324382,-0.12686542,-14.582163,0.22322339,0.7793376,-0.4353196,0.39153686
0.8410302,-1.5253342,-14.918948,0.38659683,0.79056346,0.12013954,0.45947677
1.0331994,-0.12581277,-14.5816555,0.22305334,0.7788754,-0.4370685,0.39060405
0.8414839,-1.5265167,-14.91796,0.38686445,0.79023284,0.120778255,0.45965275
1.0341369,-0.1220346,-14.580411,0.22260958,0.77829385,-0.43948084,0.3893072
0.8409848,-1.5285246,-14.917048,0.3871548,0.78992456,0.121472105,0.4597554
1.0352582,-0.119102456,-14.578922,0.2222433,0.77752423,-0.44211978,0.38806468
0.84151417,-1.5305878,-14.916112,0.38751414,0.78956723,0.122162394,0.45988354
1.0366598,-0.1121943,-14.577061,0.22165269,0.7767424,-0.44482014,0.38688037
0.8420407,-1.5326397,-14.91518,0.3881163,0.7890669,0.12281688,0.46006012
1.0384101,-0.0974847,-14.573217,0.22250128,0.7755859,-0.4469876,0.38621482
0.8439115,-1.5347158,-14.914238,0.38862762,0.7886111,0.12346733,0.46023574
1.0422149,-0.08175013,-14.567172,0.22379597,0.77459306,-0.4485865,0.38560492
0.84624815,-1.5433452,-14.909498,0.39054126,0.78723955,0.12520525,0.46049437
1.0594705,0.006085611,-14.551859,0.22445317,0.77383566,-0.44956714,0.38560164
0.8461738,-1.5479198,-14.90741,0.3915771,0.78664625,0.12601005,0.46040916
1.0735308,0.059557118,-14.548488,0.22501943,0.77351946,-0.4493088,0.3862066
0.8481759,-1.5519768,-14.903489,0.3924936,0.7860884,0.1268291,0.46035662
1.0831801,0.121263005,-14.542005,0.22515157,0.77345794,-0.44889113,0.38673815
0.8499061,-1.5577601,-14.900101,0.39326844,0.78551704,0.12761064,0.4604547
1.0936948,0.1867067,-14.537998,0.22528134,0.7735076,-0.4483656,0.38717264
0.8489106,-1.5623515,-14.897411,0.3940783,0.78508484,0.12817656,0.46034208
1.1042856,0.23244675,-14.540559,0.22576706,0.7735601,-0.44749218,0.3877948
0.84819806,-1.5611371,-14.897737,0.39418313,0.78497916,0.12871051,0.46028364
1.1150362,0.3026676,-14.536848,0.22590336,0.77370995,-0.446752,0.38826966
0.8499981,-1.5649073,-14.895623,0.39469784,0.78466076,0.12925181,0.4602338
1.1256313,0.36374572,-14.540327,0.22618183,0.77384853,-0.44588128,0.3888318
0.848957,-1.567801,-14.894002,0.39500308,0.7844804,0.12982437,0.46011823
1.1305516,0.42510623,-14.541943,0.22651187,0.77400804,-0.44495603,0.38938183
0.8481664,-1.5699987,-14.89277,0.39529085,0.7842837,0.13037619,0.4600504
1.1384772,0.5040517,-14.536931,0.22664975,0.77425414,-0.44400433,0.38989812
0.85013705,-1.5743109,-14.891804,0.39570007,0.7839462,0.13086449,0.4601351
1.1358792,0.57204753,-14.540737,0.2269948,0.774522,-0.4429131,0.39040628
0.85162956,-1.5775768,-14.891073,0.39608184,0.78359175,0.13132012,0.46028063
1.1409072,0.65389025,-14.542262,0.22716084,0.7748309,-0.44191954,0.3908224
0.8527326,-1.5799904,-14.890533,0.39634043,0.78334165,0.13158089,0.46040922
1.1428105,0.7347187,-14.542838,0.22738051,0.77511615,-0.4409357,0.39124012
0.8507906,-1.5816907,-14.890153,0.39623335,0.783218,0.13207415,0.4605704
1.1503595,1.1271036,-14.543059,0.2279008,0.77576286,-0.43915728,0.3916556
0.85214067,-1.5829318,-14.887107,0.39618847,0.7831628,0.13226068,0.46064943
1.1596506,1.3080033,-14.543126,0.22841215,0.7763577,-0.43758285,0.3919413
0.85604775,-1.5867577,-14.884834,0.39631,0.7828874,0.13258696,0.46091917
1.1621909,1.4289249,-14.550292,0.22898269,0.7768999,-0.43612313,0.39216104
0.85312825,-1.5865407,-14.883327,0.39622483,0.78305167,0.13275048,0.46066618
1.1701062,1.5402068,-14.544903,0.2294061,0.777418,-0.43484995,0.39230055
0.85111797,-1.5863914,-14.882289,0.39604494,0.7832609,0.13280731,0.46044877
1.1794057,1.6338384,-14.550902,0.22996742,0.7778499,-0.43362424,0.39247236
0.85232365,-1.5862837,-14.881538,0.39586735,0.7833908,0.13290569,0.4603521
1.1816335,1.7378833,-14.55234,0.23045306,0.77833647,-0.4323679,0.392609
0.85319525,-1.5862056,-14.880997,0.39565533,0.78352994,0.13298966,0.4602734
1.1971558,1.8444346,-14.552671,0.23092505,0.7787822,-0.4311922,0.39274076
0.8512725,-1.58363,-14.880624,0.39542422,0.7838495,0.13286893,0.45996255
1.2081671,1.9437723,-14.560319,0.23149167,0.77919704,-0.42998293,0.39291012
0.8499253,-1.5842211,-14.880362,0.3951805,0.78408074,0.13287246,0.45977682
1.2258463,2.0646365,-14.554298,0.2319299,0.77964187,-0.42879313,0.39306948
0.8512405,-1.5823665,-14.880176,0.3948457,0.7843681,0.13262251,0.45964646
1.2448307,2.1738694,-14.5607605,0.23239319,0.7800809,-0.42755947,0.39326856
0.8500318,-1.5810219,-14.88004,0.39448583,0.784629,0.13254392,0.4595329
1.2563173,2.2879925,-14.562053,0.23307958,0.7806409,-0.42592162,0.39352828
0.8491397,-1.5820886,-14.879941,0.39427632,0.7847708,0.13254467,0.45947036
1.2816837,2.4030933,-14.562311,0.23387349,0.78125906,-0.42398342,0.3939233
0.8484737,-1.5809287,-14.879867,0.39408246,0.78493553,0.13243267,0.4593874
1.3021364,2.5107002,-14.570053,0.2347671,0.7819336,-0.4217485,0.39445215
0.8498323,-1.5800484,-14.87981,0.3939152,0.78501856,0.132324,0.4594204
1.3216063,2.6244981,-14.571601,0.23569189,0.7826276,-0.41935885,0.39507163
0.8490617,-1.5812054,-14.879765,0.39382666,0.7851054,0.13217722,0.45939013
1.3408797,2.7395341,-14.57191,0.23669216,0.7833295,-0.41681588,0.3957731
0.8484393,-1.5821398,-14.879728,0.39374223,0.7851704,0.13203026,0.45939377
1.3678036,2.8471282,-14.579661,0.23789403,0.78393376,-0.41408834,0.39671806
0.8497459,-1.5810726,-14.8797,0.39356902,0.78525513,0.13186507,0.45944488
1.3885677,2.9763029,-14.581212,0.23879625,0.7845032,-0.41154277,0.39769801
0.849062,-1.5802469,-14.881373,0.39339608,0.78535277,0.13164668,0.45948863
1.4157896,3.0790346,-14.596902,0.24015062,0.7848546,-0.40894875,0.39886343
0.8485269,-1.5796007,-14.882683,0.39319173,0.78545046,0.13151707,0.4595336
1.4366133,3.199547,-14.592351,0.24121465,0.78525245,-0.40647998,0.39996028
0.8496333,-1.5790898,-14.883718,0.39301273,0.78550774,0.13136424,0.45963252
1.4638473,3.315926,-14.59913,0.24223031,0.7855934,-0.40402663,0.4011609
0.849064,-1.5786813,-14.884544,0.39279184,0.78562105,0.13126846,0.45965514
1.4769838,3.4237888,-14.608175,0.24354854,0.78581536,-0.4016089,0.40235397
0.84998536,-1.5769718,-14.885211,0.39243713,0.7857819,0.13112162,0.45972502
1.5026802,3.5376377,-14.609984,0.24467157,0.78597546,-0.39931735,0.4036385
0.85073495,-1.5768923,-14.885754,0.39216688,0.78589594,0.13098173,0.45980063
1.523199,3.6526837,-14.618035,0.2457103,0.7860742,-0.39725336,0.40485007
0.8513499,-1.5755812,-14.886198,0.39183247,0.7860298,0.13084687,0.45989528
1.542682,3.76028,-14.627336,0.24708124,0.78603274,-0.3949875,0.40631074
0.8518584,-1.5744972,-14.886566,0.3914909,0.7861524,0.13071659,0.46001366
1.5619581,3.8817651,-14.629196,0.24804665,0.7862027,-0.39279568,0.40751672
0.852282,-1.5735942,-14.886872,0.39112037,0.7862367,0.13055907,0.46022934
1.6119515,4.175202,-14.644947,0.2495309,0.7862512,-0.38938618,0.40978274
0.8526373,-1.5728366,-14.88713,0.39080927,0.7863145,0.13042834,0.46039787
1.6373295,4.3184757,-14.6557865,0.25125083,0.7862081,-0.3862846,0.41174516
0.85293734,-1.5732117,-14.887346,0.3905666,0.78631777,0.13031904,0.46062914
1.6577846,4.4317174,-14.665645,0.2530398,0.78600943,-0.38362074,0.41351575
0.8531923,-1.5725664,-14.887531,0.3903124,0.7863263,0.13021371,0.46085963
1.6772549,4.554332,-14.667617,0.25391406,0.7860131,-0.38129675,0.41511914
0.85432607,-1.5720147,-14.88769,0.39009914,0.786291,0.13014598,0.4611195
1.681149,4.6634417,-14.675701,0.25509226,0.78599924,-0.37885907,0.41665226
0.8553005,-1.5715407,-14.887825,0.38992462,0.78622806,0.13004714,0.46140215
1.7049971,4.7775397,-14.685006,0.25614852,0.7858526,-0.37654617,0.4183739
0.8561424,-1.5719577,-14.887942,0.38978374,0.7861114,0.1299736,0.46174055
1.7174562,4.8926363,-14.686868,0.25687122,0.78587395,-0.37443006,0.41978747
0.85687345,-1.5715345,-14.888044,0.38957584,0.78603166,0.12985754,0.46208438
1.7353275,5.0002427,-14.694929,0.2574963,0.7858561,-0.37228855,0.4213397
0.85755515,-1.5711399,-14.88814,0.3893637,0.7859475,0.12978306,0.46242684
1.761971,5.10635,-14.704232,0.25830734,0.7856101,-0.37016925,0.42316526
0.8597657,-1.5703862,-14.887568,0.3887324,0.7856944,0.12947096,0.46347475
1.8037379,5.5378323,-14.734147,0.26031905,0.7857119,-0.36256066,0.42829975
0.861329,-1.5700085,-14.886732,0.38835022,0.78557783,0.12931928,0.4640347
1.8141016,5.652181,-14.742835,0.2607322,0.7859207,-0.3597057,0.43006876
0.8628243,-1.5696473,-14.887007,0.38807207,0.7854002,0.12916039,0.46461183
1.8238639,5.7596374,-14.752261,0.26135635,0.7860042,-0.3569241,0.4318512
0.86423314,-1.5693069,-14.887264,0.3878164,0.7852572,0.12896281,0.46512172
1.8335061,5.865716,-14.761837,0.26169357,0.7862182,-0.35427624,0.4334348
0.86549246,-1.5678465,-14.887496,0.38741463,0.78515977,0.12870952,0.46569076
1.8431242,5.9638286,-14.771441,0.26233938,0.78628486,-0.35198206,0.43479058
0.8680131,-1.5677034,-14.887722,0.38710245,0.7850034,0.12854108,0.4662602
1.8450478,6.0757275,-14.773362,0.26229817,0.7866321,-0.3501293,0.43568245
0.87034386,-1.5661967,-14.887932,0.3868427,0.7848684,0.12827486,0.46677622
1.8531224,6.159625,-14.789125,0.26303533,0.7866193,-0.34784597,0.43708766
0.87098086,-1.5662814,-14.888115,0.3866763,0.7847628,0.12802893,0.46715894
1.8547372,6.268681,-14.792278,0.2628937,0.7869818,-0.34583095,0.4381182
0.8715351,-1.5663552,-14.888275,0.38649347,0.7846432,0.12777619,0.4675802
1.8627499,6.3673887,-14.800598,0.26304623,0.78726786,-0.3437182,0.4391741
0.8735356,-1.5649167,-14.888418,0.38625705,0.7844962,0.12761196,0.46806672
1.8566628,6.4640274,-14.802262,0.26300123,0.78774804,-0.34180674,0.43983135
0.87529737,-1.5636499,-14.888543,0.38610888,0.7843093,0.12733929,0.4685762
1.863135,6.5448728,-14.817975,0.26342648,0.78785443,-0.33982554,0.44092008
0.8768362,-1.5641835,-14.888654,0.3859185,0.7840626,0.12686025,0.4692753
1.902878,6.9839754,-14.844186,0.2633629,0.7889958,-0.33385998,0.4434672
0.8781447,-1.5629557,-14.888747,0.38563865,0.7839353,0.1265304,0.46980685
1.9108266,7.1333137,-14.864808,0.26408055,0.7895886,-0.32976383,0.4450474
0.87925225,-1.5636415,-14.888826,0.3854512,0.78387415,0.1262547,0.47013667
1.9277956,7.2170095,-14.876622,0.26442257,0.7898993,-0.32703513,0.4463047
0.88017213,-1.562465,-14.888892,0.3851981,0.78381294,0.12611006,0.47048494
1.9388791,7.302956,-14.878985,0.264047,0.79046,-0.32480586,0.44716153
0.88093317,-1.5614915,-14.888946,0.3850549,0.78383136,0.12586145,0.47063798
1.9487857,7.3662834,-14.887147,0.26489186,0.7906224,-0.32257155,0.44799125
0.8815604,-1.5606892,-14.88899,0.38489938,0.7838283,0.12570444,0.47081214
1.9507669,7.440467,-14.88878,0.26486817,0.79124343,-0.32076082,0.44820887
0.88207555,-1.5600303,-14.889027,0.38474348,0.7838264,0.1255939,0.47097224
1.9665425,7.5168204,-14.896796,0.26477447,0.7916628,-0.31926423,0.4485921
0.8824974,-1.5594909,-14.889057,0.38457876,0.7838453,0.1254511,0.47111335
1.9773873,7.57823,-14.90609,0.2653001,0.7917361,-0.31769064,0.4492689
0.88284177,-1.5590504,-14.889082,0.3845025,0.78388673,0.12544599,0.47110814
1.987246,7.6443396,-14.907948,0.26470175,0.79226077,-0.3162276,0.44972885
0.8831223,-1.5586915,-14.889102,0.3844496,0.78383166,0.12543313,0.47124624
1.9969075,7.7036996,-14.916009,0.26493597,0.79246485,-0.31461924,0.45035893
0.88335043,-1.5583998,-14.889118,0.38435525,0.78373575,0.12534773,0.47150537
2.0065296,7.7617097,-14.925311,0.2655328,0.79260373,-0.31282234,0.4510143
0.8835356,-1.5581629,-14.889132,0.3843937,0.78361756,0.12526892,0.4716915
2.0161436,7.8117604,-14.927172,0.2657468,0.7925951,-0.31152567,0.4518002
0.88368565,-1.557971,-14.889142,0.3842465,0.7835286,0.12515599,0.47198898
2.0257561,7.867909,-14.927544,0.26515856,0.7930375,-0.3102203,0.45226747
0.8838072,-1.5578156,-14.889152,0.38429484,0.78333354,0.12507907,0.4722937
2.0276787,7.9252768,-14.927617,0.2645393,0.79332966,-0.30913126,0.45286313
0.8858612,-1.5576835,-14.889158,0.38414785,0.7831892,0.124955736,0.47268525
2.0357528,7.967509,-14.935323,0.26438874,0.7934514,-0.30779603,0.4536465
0.8875488,-1.5555642,-14.889164,0.38398436,0.78300595,0.12473719,0.47317907
2.0450573,7.999025,-14.936864,0.26372215,0.79380864,-0.30686784,0.45403808
0.8889174,-1.5538454,-14.889169,0.38377613,0.7828758,0.12442023,0.47364652
2.0546079,8.0437765,-14.937172,0.26270586,0.7941346,-0.30661815,0.45422593
0.8900074,-1.5545675,-14.889173,0.3837999,0.78257066,0.124295115,0.474164
2.0642078,8.060416,-14.944922,0.26250613,0.79404026,-0.30618453,0.45479858
0.893141,-1.5529431,-14.889176,0.3835844,0.7823416,0.12404686,0.47478113
2.0661278,8.079124,-14.938784,0.26180243,0.79444873,-0.3062441,0.45445055
0.893322,-1.5517037,-14.889178,0.38344318,0.78219086,0.12389588,0.47518274
2.0665116,8.090555,-14.937556,0.2611378,0.79473925,-0.3069787,0.45382902
0.89574033,-1.5529963,-14.88918,0.3833313,0.78189373,0.123844154,0.4757752
2.058899,8.092841,-14.93731,0.26139766,0.7950267,-0.3071904,0.45303196
0.8953242,-1.5517462,-14.889182,0.38293874,0.7818896,0.12376542,0.47611842
2.065066,8.093298,-14.937261,0.26183507,0.7950442,-0.30741796,0.45259398
0.89974886,-1.5507054,-14.889183,0.38269994,0.78167456,0.123621106,0.47670066
2.0662994,8.0857,-14.937251,0.26260078,0.7949953,-0.30756,0.45213944
0.9007042,-1.549911,-14.889184,0.38248155,0.78166145,0.12348445,0.4769327
2.0588562,8.09187,-14.937249,0.2642218,0.79499745,-0.30740145,0.4512985
0.901934,-1.5506731,-14.889185,0.38219988,0.7813792,0.12350892,0.47761422
2.0493803,8.074896,-14.946476,0.26960903,0.7940523,-0.30507192,0.45135698
0.90233374,-1.5498965,-14.889185,0.3820858,0.7813296,0.12336319,0.47782442
2.0554726,8.074329,-14.939095,0.27114853,0.7935615,-0.30450794,0.4516787
0.9026244,-1.5516478,-14.889185,0.38213107,0.78123605,0.123495676,0.4779069
2.056691,8.074217,-14.929928,0.2720792,0.79323924,-0.30375797,0.4521899
0.9028443,-1.5506647,-14.889185,0.38212177,0.78116685,0.123393334,0.47805384
2.0492449,8.0665045,-14.935785,0.27333325,0.7928925,-0.30287898,0.4526309
0.90538436,-1.5522665,-14.889185,0.38212645,0.78109694,0.123440675,0.4781521
2.0477557,8.057272,-14.936955,0.27425888,0.79257536,-0.3022021,0.45307872
0.9088241,-1.5544355,-14.889187,0.38220978,0.78112715,0.12361673,0.47799054
2.0489364,8.062746,-14.937238,0.27460372,0.79227036,-0.30080315,0.45433256
0.9075413,-1.555098,-14.886852,0.38247058,0.7812418,0.12385705,0.47753227
2.0630734,8.05652,-14.937247,0.27504912,0.79205173,-0.2999529,0.4550059
0.9066185,-1.5555748,-14.887391,0.38252345,0.7815162,0.12416157,0.4769615
2.0505216,8.039896,-14.944938,0.2763522,0.79234654,-0.29859346,0.4545971
0.905944,-1.5559232,-14.887784,0.38266724,0.7816563,0.12431003,0.4765777
2.0557008,8.044261,-14.946476,0.27693105,0.79250634,-0.29769278,0.4545569
0.9054436,-1.5561817,-14.888077,0.38290283,0.7816986,0.12447167,0.47627667
2.049047,8.052823,-14.939095,0.27688742,0.7930055,-0.2971895,0.45404175
0.9050672,-1.5544754,-14.888296,0.38286394,0.7817595,0.124549285,0.47618768
2.0477161,8.046846,-14.937619,0.27703148,0.7935109,-0.2966059,0.4534522
0.9028436,-1.5553705,-14.888593,0.38301367,0.7818084,0.12468201,0.4759524
2.0550864,8.046949,-14.937264,0.27752182,0.79417205,-0.29585585,0.45248395
0.9029617,-1.5556747,-14.888694,0.3831166,0.78167826,0.12476528,0.47606137
2.0412345,8.053361,-14.937253,0.27722257,0.79489994,-0.2954871,0.45162952
0.9003471,-1.5575768,-14.888837,0.38322902,0.7816123,0.124690175,0.476099
2.0394478,8.053362,-14.937249,0.27791756,0.7956031,-0.2945715,0.45056105
0.9022084,-1.5589141,-14.888887,0.38332215,0.78140074,0.1246355,0.47638547
2.0381067,8.054644,-14.937249,0.2780446,0.7960705,-0.29415604,0.44992805
0.90106493,-1.5586724,-14.888928,0.38325688,0.7813613,0.12450567,0.47653657
2.0455282,8.0549,-14.937249,0.27796784,0.79649925,-0.29383805,0.44942436
0.9026506,-1.5584748,-14.888963,0.38300282,0.7809615,0.12429298,0.47745082
2.0242963,8.047387,-14.937249,0.27900627,0.7975212,-0.29226357,0.4479929
0.90402126,-1.5583037,-14.888991,0.38278297,0.78059065,0.12394201,0.478324
2.0347195,8.038378,-14.937249,0.2795731,0.7978489,-0.2916762,0.4474383
0.9052747,-1.556828,-14.889019,0.38241974,0.78029525,0.12371024,0.4791558
2.022299,8.043735,-14.937249,0.27932635,0.79838336,-0.2913934,0.44682294
0.90641844,-1.556877,-14.889043,0.38228077,0.7799649,0.12353169,0.47985005
2.0267744,8.04497,-14.929908,0.27875167,0.7986854,-0.29166788,0.44646293
0.9090642,-1.5569236,-14.889067,0.38218185,0.77956855,0.12335396,0.48061812
2.0278277,8.04526,-14.935492,0.278702,0.7987798,-0.29164225,0.44634175
0.911474,-1.5569661,-14.889088,0.38208494,0.77920556,0.12320014,0.48132282
2.0353842,8.052634,-14.936827,0.2783451,0.79886854,-0.2919832,0.4461827
0.9135911,-1.5570033,-14.889107,0.38187498,0.7790356,0.123094715,0.48179114
2.0299623,8.04717,-14.937143,0.27809206,0.79896045,-0.29192805,0.44621196
0.9135119,-1.5552979,-14.889121,0.38168544,0.7789303,0.123080686,0.48211506
2.02148,8.045819,-14.9372225,0.2778842,0.79916394,-0.29199913,0.44593045
0.9134488,-1.553939,-14.8891325,0.38157308,0.77882886,0.12307157,0.48237023
2.0335157,8.052575,-14.9301405,0.27723026,0.7991946,-0.292544,0.44592538
0.9151069,-1.5562239,-14.889142,0.381852,0.7784175,0.12314225,0.48279533
2.0295765,8.054333,-14.935369,0.27701572,0.79922473,-0.292743,0.44587412
0.9165157,-1.5546286,-14.88915,0.38159987,0.77832294,0.123354755,0.48309287
2.021531,8.054793,-14.93674,0.2769464,0.7992408,-0.29284948,0.44581833
0.9176606,-1.5568544,-14.889157,0.3817692,0.77804846,0.12357674,0.48334435
2.033265,8.054916,-14.937108,0.27664956,0.7991243,-0.29312328,0.44603157
0.9186055,-1.5551324,-14.889163,0.38171157,0.7780389,0.1235749,0.48340568
2.036473,8.048108,-14.937208,0.276412,0.7990537,-0.29325527,0.44621858
0.91939026,-1.555516,-14.889168,0.381766,0.7779955,0.12368427,0.48340452
2.0373933,8.046155,-14.937238,0.2761108,0.7990112,-0.2934812,0.4463327
0.91827196,-1.5540885,-14.889172,0.38166898,0.7780732,0.12359069,0.48338014
2.0241625,8.05234,-14.937245,0.27594456,0.7991389,-0.29353407,0.44617203
0.91740006,-1.5546124,-14.8891735,0.3816076,0.77819204,0.123667724,0.48321757
2.0336545,8.054171,-14.937248,0.27590522,0.7990342,-0.29361132,0.44633308
0.9182729,-1.5550277,-14.889176,0.38164932,0.77824765,0.12363584,0.4831031
2.0298223,8.061427,-14.937249,0.27599782,0.7990823,-0.2936696,0.44615138

