ICVP Direct Stim Program 4.0.1+v4.0.1 - RelativeLocations
Updated at: 2022-08-22--21-07-25
Subject ID: CKT
Tester ID: kstipp
Direct Stimulation Input from the UI

UserID ; Time ; Electrodes ; Frequency (Hz) ; Cathodic Phase Duration (us) ; Train Length (ms) ; Duty On (ms); Duty Off (ms) ; Inter-train Length (ms) ; Amplitude (uA) ; Sent to Gateway ; Response ; Response Latency (ms) ; Response Duration (ms) ; Comments
kstipp ; 2022-08-22--21-07-25 ; 3003-3007 , 3003-3007-300F-300C ; 200 ; 200 ; 1000 ; 1000 ; 0 ; 0 ; 40 ; True ;  ;  ;  ; couldnt differentiate. almost on top of each other

Position t,Position u,Position v,Orientation w,Orientation x,Orientation y,Orientation z
0.92130697,-1.2756158,-15.252908,0.13699678,0.79828286,0.29547736,0.50662565
1.0736319,-0.52798,-14.956884,0.6452024,0.5000618,-0.54355633,0.19544452
0.9201751,-1.275794,-15.252394,0.13714647,0.7984546,0.29537678,0.50637305
1.0737501,-0.52800775,-14.956868,0.6452028,0.49976677,-0.5438536,0.19537099
0.91975003,-1.2759526,-15.251936,0.13728523,0.7985948,0.29531273,0.5061518
1.073867,-0.5284351,-14.956852,0.6452498,0.4994174,-0.5440933,0.19544178
0.9193707,-1.2760941,-15.251528,0.13740744,0.7987354,0.29523814,0.5059402
1.0739831,-0.5288598,-14.956836,0.64526826,0.49911907,-0.5443268,0.19549301
0.919031,-1.2762208,-15.251163,0.13753991,0.7988727,0.2951499,0.5057389
1.0745186,-0.52885133,-14.956819,0.645168,0.4987639,-0.54476255,0.19551644
0.9192248,-1.2763346,-15.250834,0.13766216,0.7990043,0.29506755,0.50554574
1.0746119,-0.5292824,-14.956803,0.645176,0.49843633,-0.5450177,0.19561401
0.91892546,-1.2764372,-15.250065,0.137782,0.7991564,0.29498076,0.50532323
1.0751846,-0.5297282,-14.956787,0.64507425,0.49811754,-0.5453894,0.19572568
0.91865504,-1.2765297,-15.24937,0.137921,0.79932284,0.29488444,0.50507826
1.0757755,-0.53018814,-14.956771,0.6449842,0.4977911,-0.5457749,0.1957787
0.9184103,-1.2770411,-15.248741,0.13808717,0.79950714,0.29477143,0.50480694
1.0763316,-0.530621,-14.956241,0.6448442,0.49749795,-0.54614156,0.19596253
0.91859436,-1.2775053,-15.24817,0.13826829,0.79970515,0.29464388,0.50451815
1.0769076,-0.53106934,-14.956255,0.6447668,0.49713492,-0.54654723,0.19600706
0.9183758,-1.2775419,-15.24765,0.13844845,0.7999357,0.29447475,0.504202
1.0781611,-0.5315481,-14.956268,0.6446595,0.49686018,-0.5468916,0.19609591
0.9178099,-1.2775751,-15.247543,0.13853057,0.8002183,0.2943037,0.50383073
1.0780486,-0.5326946,-14.956283,0.6447745,0.49653193,-0.5470164,0.19620135
0.91729283,-1.2776055,-15.247444,0.13863444,0.8004806,0.29405105,0.5035329
1.0786562,-0.5331123,-14.956297,0.6448648,0.4963325,-0.5470465,0.1963253
0.91715026,-1.2776333,-15.247355,0.13874447,0.8006813,0.29380035,0.5033298
1.0784981,-0.5335017,-14.956309,0.64494085,0.49625802,-0.54702157,0.19633316
0.9166968,-1.2776593,-15.247271,0.1387982,0.8008975,0.29357472,0.50310266
1.0783507,-0.53386474,-14.956323,0.6449587,0.4963342,-0.5469294,0.19633906
0.9161696,-1.2773044,-15.247173,0.13876098,0.8010786,0.29341203,0.5029193
1.0774928,-0.5349198,-14.956334,0.64514977,0.4964106,-0.5466283,0.1963564
0.91564554,-1.2773504,-15.247475,0.13880438,0.8011727,0.29331186,0.502816
1.0774196,-0.53518325,-14.957099,0.64513737,0.49651802,-0.54652524,0.19641246
0.9155338,-1.276967,-15.247356,0.13875371,0.80125153,0.2932007,0.50276923
1.0781326,-0.5354355,-14.957047,0.6450855,0.49669695,-0.5463816,0.19653
0.915425,-1.2770332,-15.247241,0.13870469,0.80130607,0.29312146,0.50274193
1.0788119,-0.5356758,-14.957,0.64506394,0.49688557,-0.5462008,0.19662644
0.9148275,-1.2771026,-15.247121,0.13873737,0.80134326,0.293024,0.5027304
1.0786309,-0.53511316,-14.956958,0.64504516,0.4970938,-0.5460218,0.19665901
0.9142069,-1.2771746,-15.246995,0.13864245,0.80138725,0.29300705,0.50269645
1.0784634,-0.53614575,-14.956919,0.64508235,0.49724925,-0.5457981,0.19676492
0.9135694,-1.2772486,-15.246866,0.13856016,0.80141294,0.2929724,0.5026984
1.0783101,-0.53631747,-14.956882,0.64512944,0.49745223,-0.54553396,0.1968298
0.91289884,-1.2766838,-15.24673,0.1384229,0.8014347,0.2928878,0.50275075
1.0774412,-0.53573245,-14.956851,0.64515483,0.49766096,-0.5453498,0.19672945
0.91291565,-1.2767982,-15.246604,0.13833553,0.80143845,0.2928343,0.50280005
1.0780753,-0.53591746,-14.956823,0.6451069,0.49779576,-0.54525584,0.19680601
0.9129316,-1.2762575,-15.246485,0.13822101,0.8014699,0.29270715,0.50285524
1.0779682,-0.5360842,-14.956799,0.64518446,0.4979052,-0.54504454,0.1968602
0.9129469,-1.2757416,-15.246371,0.13815999,0.8014749,0.29263905,0.50290364
1.0772291,-0.5355868,-14.956777,0.64519536,0.49801534,-0.5449676,0.19675873
0.9122621,-1.275936,-15.24626,0.13812152,0.80153835,0.29256323,0.5028573
1.0771863,-0.5357583,-14.956757,0.64523065,0.49807063,-0.5448713,0.19676985
0.9115956,-1.2761253,-15.24615,0.13812655,0.8016239,0.2925227,0.5027432
1.0771458,-0.5365439,-14.956738,0.6453267,0.49803033,-0.5447772,0.19681752
0.911711,-1.2762951,-15.246053,0.13817862,0.80162287,0.29248735,0.502751
1.0771096,-0.53605944,-14.956721,0.6453865,0.49798888,-0.54478955,0.19669215
0.9118183,-1.2757369,-15.245962,0.13819653,0.80169535,0.29238698,0.50268894
1.0770774,-0.5361892,-14.956708,0.6454685,0.49793163,-0.54475594,0.19666117
0.91117436,-1.2759451,-15.245874,0.13826925,0.8017408,0.29239294,0.50259304
1.0770466,-0.5363129,-14.956694,0.64550656,0.49784496,-0.54480267,0.19662619
0.91055524,-1.2761453,-15.2457905,0.13836776,0.8018371,0.29231453,0.5024579
1.0775594,-0.5358832,-14.95668,0.64552236,0.49777097,-0.5448719,0.1965697
0.9099638,-1.2763366,-15.24571,0.13845165,0.80199367,0.29220968,0.5022458
1.0780604,-0.5360226,-14.956669,0.6455497,0.49771258,-0.54489595,0.19656108
0.90940213,-1.2765181,-15.245634,0.13854001,0.80214304,0.29208067,0.5020579
1.0779774,-0.53561604,-14.95719,0.64561915,0.49760458,-0.5449369,0.19649285
0.90887207,-1.2766894,-15.245563,0.13865507,0.8022939,0.29201448,0.5018236
1.0778943,-0.5363343,-14.957148,0.64573336,0.49748856,-0.54490656,0.19649538
0.9073895,-1.2768605,-15.245491,0.1387487,0.8026423,0.2918049,0.5013623
1.0778201,-0.5359081,-14.9576435,0.6458091,0.49735323,-0.54494685,0.19647725
0.9069996,-1.2770176,-15.245425,0.13884613,0.80288464,0.29165834,0.5010324
1.077746,-0.53661096,-14.957575,0.6458773,0.49724126,-0.5449257,0.19659519
0.905567,-1.2771707,-15.24536,0.13887614,0.8031309,0.2915103,0.50071543
1.0776733,-0.5367131,-14.958096,0.6460125,0.4970758,-0.54491866,0.19658928
0.9042021,-1.2773162,-15.245299,0.13892354,0.8033001,0.2914518,0.500465
1.077601,-0.53743875,-14.95799,0.646117,0.4969194,-0.5449041,0.19668113
0.90412444,-1.2774448,-15.245246,0.13897434,0.80344623,0.29135716,0.5002712
1.0781395,-0.5368874,-14.958499,0.64609283,0.49676493,-0.54506713,0.19669908
0.9040559,-1.2775586,-15.245197,0.13899845,0.8034787,0.29140338,0.50018543
1.0774711,-0.53697056,-14.958378,0.64627004,0.49658892,-0.5449766,0.19681235
0.90399534,-1.2776588,-15.245155,0.13895686,0.80348915,0.29150206,0.5001227
1.0774162,-0.53762764,-14.958263,0.6464252,0.49645755,-0.5448387,0.19701561
0.90394187,-1.2777475,-15.245118,0.13885243,0.80350584,0.29153335,0.5001067
1.0773655,-0.53766614,-14.958158,0.64653844,0.49631077,-0.5447757,0.19718817
0.9038949,-1.2767029,-15.245085,0.13870957,0.8034945,0.29155716,0.5001507
1.0767802,-0.5377006,-14.958063,0.64664686,0.49625942,-0.5446388,0.19734016
0.9049217,-1.2768925,-15.245058,0.13871494,0.803396,0.2915973,0.5002841
1.0767683,-0.5377315,-14.957978,0.6466784,0.49621192,-0.54457223,0.1975397
0.90477616,-1.2780656,-15.245034,0.1386748,0.803351,0.29171807,0.5002971
1.0762695,-0.53775936,-14.957902,0.64677733,0.49617994,-0.5444601,0.19760503
0.9046524,-1.2781004,-15.245014,0.13854,0.8032787,0.29177716,0.5004159
1.0762851,-0.53830796,-14.957825,0.6468483,0.4961001,-0.5443758,0.19780566
0.9045431,-1.2781311,-15.244997,0.13843921,0.8032515,0.29178032,0.5004857
1.0762992,-0.53781205,-14.957755,0.6468411,0.49607605,-0.5443948,0.19783711
0.9053473,-1.2781575,-15.244982,0.13836569,0.8031753,0.29185036,0.5005875
1.076803,-0.53832656,-14.957689,0.64680135,0.49608284,-0.54435873,0.1980491
0.9051869,-1.2781802,-15.244968,0.13828917,0.8031396,0.29183102,0.5006771
1.0767912,-0.5378581,-14.957631,0.646808,0.49614957,-0.5443197,0.19796748
0.9050481,-1.2790103,-15.244958,0.13822517,0.8031053,0.2918621,0.5007317
1.0767802,-0.53833044,-14.957577,0.6468823,0.4961415,-0.5441946,0.19808918
0.9049273,-1.2789624,-15.245718,0.13806742,0.8032149,0.2917603,0.50065863
1.0762677,-0.5388287,-14.95802,0.6471125,0.4962413,-0.5438198,0.1981166
0.9039579,-1.2780669,-15.245641,0.13787408,0.8033404,0.29165348,0.5005729
1.0757866,-0.5388003,-14.958437,0.64724815,0.4963666,-0.5435605,0.1980707
0.90392095,-1.2780975,-15.245569,0.13776214,0.80344003,0.29156786,0.5004937
1.0753272,-0.53877324,-14.958835,0.6473476,0.49646538,-0.5433685,0.19802491
0.90388715,-1.2781255,-15.245505,0.1376509,0.80352783,0.29147553,0.50043714
1.0748339,-0.53931004,-14.959262,0.64749014,0.49654904,-0.5431201,0.19803084
0.9029146,-1.277215,-15.24544,0.13749176,0.80371433,0.2912566,0.5003088
1.0743927,-0.53871477,-14.959643,0.64754975,0.49663177,-0.54299676,0.19796667
0.90197396,-1.2773404,-15.245376,0.13735873,0.8038011,0.2912087,0.5002338
1.0739795,-0.53922397,-14.959467,0.6476746,0.49670961,-0.5427603,0.19801155
0.9021334,-1.2774497,-15.24532,0.13728179,0.803861,0.29115492,0.50019
1.0736088,-0.53866744,-14.959816,0.64774245,0.4967394,-0.54268193,0.1979294
0.90123403,-1.2765018,-15.245268,0.13713735,0.804005,0.29103482,0.5000681
1.0732522,-0.539161,-14.959638,0.6478525,0.4967685,-0.5425159,0.19795145
0.90147597,-1.2767023,-15.245223,0.13711555,0.8040771,0.29090753,0.5000323
1.0728934,-0.53965783,-14.959457,0.64795196,0.49679834,-0.54236996,0.1979511
0.90062743,-1.2758139,-15.24518,0.13700697,0.8041892,0.29081303,0.49993673
1.0730915,-0.5395833,-14.959296,0.6479825,0.49682117,-0.5423002,0.19798464
0.9009424,-1.2750555,-15.245142,0.13696013,0.80428123,0.29067624,0.4998811
1.072776,-0.5395163,-14.95915,0.6480554,0.49686646,-0.5421706,0.19798762
0.90013164,-1.2743326,-15.245107,0.13686787,0.8043863,0.29052824,0.49982333
1.0724868,-0.539455,-14.959018,0.648109,0.49690604,-0.5420866,0.19794266
0.90050995,-1.2737187,-15.245077,0.13681062,0.80448866,0.29042318,0.49973512
1.0726959,-0.5398882,-14.958887,0.64815223,0.4969465,-0.5419748,0.19800575
0.9008295,-1.2742137,-15.24505,0.13682309,0.8045719,0.29033035,0.49965164
1.0728843,-0.5398097,-14.95877,0.64821386,0.49693635,-0.5419179,0.19798537
0.901101,-1.2736715,-15.245029,0.1367658,0.80466586,0.2901448,0.49962392
1.0730546,-0.5397388,-14.958663,0.6482485,0.49692377,-0.5418739,0.19802392
0.9013331,-1.2741228,-15.245011,0.13674168,0.8047131,0.29006073,0.49960324
1.073219,-0.54012114,-14.95856,0.6482834,0.49688274,-0.54182607,0.19814338
0.9006253,-1.2745328,-15.244994,0.1367733,0.8047689,0.28997976,0.49955162
1.0729394,-0.5396108,-14.9584675,0.648293,0.496859,-0.5418577,0.19808497
0.901135,-1.2726545,-15.244967,0.13646281,0.8048909,0.28968406,0.4996117
1.0732288,-0.5395068,-14.958305,0.64833814,0.49674135,-0.54187346,0.19818911
0.9013433,-1.2731531,-15.244956,0.13646042,0.80491734,0.28959686,0.49962026
1.0729882,-0.53982806,-14.958235,0.64845294,0.4966639,-0.5418043,0.1981969
0.90071106,-1.2736015,-15.244946,0.13644081,0.80501163,0.28952545,0.49951503
1.0727535,-0.5401411,-14.958167,0.64858395,0.49657768,-0.5417179,0.19822043
0.90011543,-1.2740241,-15.244936,0.13644297,0.80512005,0.28942433,0.49939835
1.0725338,-0.54007065,-14.958102,0.6486209,0.49648768,-0.5417847,0.19814225
0.8984973,-1.2734892,-15.2449255,0.13635743,0.8052938,0.28928527,0.49922204
1.0726961,-0.5403859,-14.958036,0.64865804,0.4963604,-0.5418441,0.19817686
0.89898795,-1.2739683,-15.244917,0.13638972,0.8052998,0.2892248,0.49923852
1.0724626,-0.5403003,-14.9583645,0.64865464,0.49630377,-0.5419288,0.1980981
0.8984986,-1.2734686,-15.244909,0.13630167,0.8053477,0.2891444,0.499232
1.0722443,-0.5402203,-14.958289,0.6486678,0.4963087,-0.54190695,0.19810267
0.8989618,-1.2730398,-15.244902,0.13637573,0.80530506,0.28907594,0.4993202
1.0724064,-0.53978616,-14.958221,0.6485715,0.49633417,-0.5419909,0.19812453
0.8993614,-1.2726699,-15.244896,0.13626151,0.80531734,0.28902054,0.49936357
1.0725547,-0.53973234,-14.958502,0.64852196,0.49632028,-0.5420537,0.19814968
0.8988704,-1.2723203,-15.24489,0.13618898,0.8053616,0.2889959,0.4993262
1.0726955,-0.5403571,-14.95843,0.6485596,0.49624646,-0.5420284,0.1982807
0.898385,-1.2710307,-15.244885,0.13603674,0.8054189,0.28888768,0.49933788
1.0731455,-0.5399667,-14.958686,0.6484577,0.4962428,-0.542151,0.19828792
0.897927,-1.2708015,-15.244881,0.13587397,0.8054328,0.28888872,0.4993592
1.0732538,-0.5396082,-14.958615,0.64842165,0.49626985,-0.5421871,0.19823913
0.8974993,-1.2705876,-15.244876,0.13564686,0.80547565,0.28883487,0.49938294
1.0733534,-0.5398578,-14.95855,0.64845616,0.49625483,-0.5421451,0.19827883
0.898113,-1.270406,-15.244872,0.1355343,0.8054685,0.28881097,0.49943888
1.0734452,-0.5395374,-14.958491,0.64841956,0.49626645,-0.54219997,0.19821931
0.8986368,-1.2711787,-15.244869,0.1354994,0.8054462,0.28886375,0.4994538
1.0735298,-0.53976464,-14.958436,0.6484315,0.49628836,-0.54216015,0.19823454
0.89820504,-1.2709608,-15.244866,0.13533218,0.80555075,0.28885153,0.4993377
1.0736082,-0.5394778,-14.958385,0.64842534,0.4962991,-0.5421875,0.19815299
0.8986698,-1.2707727,-15.244864,0.13539052,0.8055606,0.2888492,0.49930727
1.0734446,-0.5396844,-14.958339,0.64849705,0.49631366,-0.54209125,0.1981454
0.89907277,-1.2706096,-15.244862,0.13544843,0.80557835,0.28888804,0.49924046
1.0732931,-0.5398758,-14.958295,0.64853734,0.4963184,-0.54204226,0.19813555
0.89942396,-1.2712231,-15.24486,0.13559881,0.8055968,0.28888923,0.4991691
1.0733654,-0.5398404,-14.958255,0.6485423,0.49632788,-0.5420457,0.19808571
0.8990135,-1.2710422,-15.244859,0.1355747,0.8057274,0.28881297,0.49900886
1.0734327,-0.54000986,-14.958218,0.64857846,0.49631447,-0.542004,0.19811544
0.89864224,-1.2708786,-15.244857,0.13559799,0.8058856,0.28868753,0.4988197
1.0734953,-0.5399753,-14.958182,0.6485839,0.49631438,-0.5420121,0.1980757
0.8974268,-1.2707022,-15.244856,0.13563633,0.8060414,0.28855866,0.49863204
1.073153,-0.5401429,-14.958146,0.64867234,0.4963196,-0.5419005,0.19807822
0.89616525,-1.2705194,-15.244854,0.13566908,0.80632544,0.28802052,0.49847516
1.0732349,-0.5403295,-14.958106,0.648666,0.4962497,-0.5419617,0.19810654
0.8959441,-1.2703495,-15.244853,0.13569453,0.8064848,0.28756538,0.49847323
1.073311,-0.5402826,-14.958069,0.64862937,0.49621603,-0.54203063,0.19812255
0.8946237,-1.2690822,-15.244851,0.13554202,0.80682653,0.2869811,0.49829823
1.0731727,-0.5402391,-14.958034,0.6486571,0.49614087,-0.5420801,0.19808447
0.89331466,-1.2678257,-15.244849,0.13540761,0.8070326,0.28656468,0.49824086
1.0732542,-0.54042345,-14.957995,0.64867467,0.4960613,-0.54211235,0.19813803
0.8920638,-1.2666253,-15.244848,0.135264,0.80723226,0.28613162,0.4982053
1.0733298,-0.5403744,-14.957961,0.6487002,0.49596465,-0.5421779,0.19811699
0.8909053,-1.2655134,-15.244846,0.1351651,0.80733347,0.28586596,0.49822062
1.0734124,-0.5405666,-14.957923,0.6487089,0.49585757,-0.54226255,0.19812466
0.8913477,-1.2645876,-15.244845,0.13519092,0.8073555,0.28553125,0.4983698
1.0737225,-0.5405111,-14.957888,0.6486723,0.49577403,-0.54236823,0.1981644
0.8930431,-1.2638369,-15.244844,0.13520221,0.8073754,0.28524643,0.49849772
1.0740099,-0.5404596,-14.957855,0.648642,0.4956897,-0.54247504,0.19818226
0.89316,-1.2632229,-15.2448435,0.13518475,0.80746883,0.28509203,0.4984394
1.0740752,-0.5406504,-14.95782,0.6486894,0.49556625,-0.5425085,0.1982444
0.8932086,-1.2622806,-15.244842,0.13510832,0.8077042,0.28451425,0.4984088
1.074192,-0.5405389,-14.957756,0.64876586,0.49535587,-0.54263574,0.19817153
0.8932931,-1.2630461,-15.244842,0.13516079,0.80777246,0.28445926,0.4983154
1.0742441,-0.54027754,-14.957728,0.64875954,0.49524653,-0.5427809,0.19806807
0.89336544,-1.2626064,-15.244842,0.13518925,0.8078521,0.2843126,0.49826226
1.0742925,-0.5404368,-14.957703,0.64879125,0.49511367,-0.54286796,0.19805785
0.892254,-1.2621866,-15.244842,0.1352276,0.8079983,0.2841347,0.49811628
1.0743378,-0.54039365,-14.957678,0.6488243,0.4949701,-0.54299235,0.19796702
0.89245814,-1.2618209,-15.244842,0.13535239,0.80798995,0.284073,0.49813113
1.0746406,-0.5405854,-14.957647,0.6488225,0.49482945,-0.5430981,0.19803451
0.8914021,-1.2614796,-15.244841,0.13549392,0.808043,0.2839482,0.49807778
1.0749568,-0.54052216,-14.957616,0.64880073,0.49468622,-0.5432499,0.19804727
0.89051175,-1.2623996,-15.244841,0.1356468,0.80805826,0.28392345,0.49802542
1.0749996,-0.54046226,-14.957585,0.64876646,0.49457675,-0.54339373,0.19803849
0.8897492,-1.2631874,-15.244841,0.13568546,0.80807024,0.28394994,0.49798033
1.0750471,-0.5406887,-14.957551,0.6487866,0.49442938,-0.54347694,0.19811226
0.89024216,-1.2627158,-15.244841,0.1357297,0.8080498,0.28380314,0.4980851
1.0750918,-0.5406174,-14.95752,0.6487505,0.49430776,-0.5436248,0.19812839
0.8906552,-1.2633978,-15.244841,0.13579252,0.8079689,0.28396618,0.49810633
1.0748549,-0.54082906,-14.957489,0.6487927,0.4942199,-0.5436192,0.19822478
0.89100367,-1.2629497,-15.244841,0.13577363,0.8079064,0.28395498,0.49821928
1.0746208,-0.541038,-14.9574585,0.6488707,0.49409336,-0.5436033,0.1983285
0.89227164,-1.2625694,-15.244841,0.13586713,0.8077653,0.28391725,0.498444
1.0746754,-0.5409603,-14.95743,0.6488617,0.4939544,-0.543732,0.19835089
0.8924308,-1.2631682,-15.244841,0.13589774,0.8076989,0.28396255,0.4985174
1.0750772,-0.5412026,-14.9573965,0.6488328,0.4938133,-0.5438124,0.19857647
0.89256746,-1.262805,-15.244841,0.13588457,0.8076918,0.28386587,0.4985875
1.0751265,-0.54110515,-14.957366,0.64880896,0.4936719,-0.5439551,0.19861515
0.893519,-1.2624913,-15.244841,0.13577993,0.80770177,0.28369042,0.4986997
1.0751802,-0.5413591,-14.957333,0.6488263,0.4934498,-0.5440416,0.19887327
0.89355266,-1.2614274,-15.244841,0.1357573,0.80778843,0.2833565,0.4987554
1.0756743,-0.5416528,-14.957294,0.6487953,0.4932302,-0.5442132,0.19904928
0.8935821,-1.2612522,-15.244841,0.13586256,0.80786294,0.2830991,0.49875236
1.0761607,-0.54149646,-14.957256,0.64870334,0.4930159,-0.5444978,0.19910188
0.89360815,-1.2610967,-15.244841,0.13581,0.80798274,0.28296515,0.4986484
1.0761805,-0.54181486,-14.957218,0.6487817,0.49278012,-0.5445538,0.19927676
0.89363253,-1.260951,-15.244841,0.1358757,0.8081121,0.28257155,0.49864417
1.0761983,-0.5416477,-14.957183,0.6486884,0.49262077,-0.54480094,0.19929905
0.8936574,-1.259995,-15.244841,0.13579042,0.808316,0.28226182,0.49851224
1.0767474,-0.5419914,-14.957144,0.648687,0.49238187,-0.5449833,0.19939533
0.8936803,-1.2599269,-15.244841,0.13589238,0.8085228,0.28191665,0.49834445
1.0773432,-0.5423644,-14.957102,0.6486757,0.49206287,-0.54521996,0.19957267
0.89276075,-1.2589105,-15.244841,0.13597777,0.80882347,0.28142938,0.4981087
1.0779114,-0.54210144,-14.957061,0.6485807,0.4919303,-0.5454583,0.19955708
0.89287317,-1.2589374,-15.244841,0.13626403,0.80901396,0.28107184,0.49792293
1.0778286,-0.54186773,-14.957025,0.6486852,0.49170172,-0.5456113,0.19936234
0.8920214,-1.2589625,-15.244841,0.13635208,0.80922455,0.28082725,0.4976946
1.0783947,-0.54227644,-14.956986,0.64876556,0.49148268,-0.54570866,0.19937436
0.89122844,-1.2589858,-15.244841,0.1364329,0.80948514,0.28050438,0.4974307
1.0789835,-0.54270166,-14.956948,0.6488346,0.49126002,-0.54587245,0.19925028
0.8914948,-1.2590059,-15.244841,0.13671666,0.80957687,0.28027564,0.4973324
1.0795819,-0.5431338,-14.956908,0.6489442,0.49100438,-0.5459793,0.19923043
0.8907613,-1.2590246,-15.244841,0.13675028,0.80980235,0.2800679,0.49707296
1.0802102,-0.5445042,-14.956867,0.6491066,0.4906524,-0.5460449,0.1993886
0.8900804,-1.2590419,-15.244841,0.13699587,0.8099302,0.27992707,0.4968762
1.0807621,-0.5439278,-14.956831,0.6490243,0.49040133,-0.5464558,0.1991488
0.8894521,-1.2590579,-15.244841,0.13705908,0.8102026,0.27974874,0.49651515
1.0813215,-0.5453317,-14.956793,0.6490972,0.49019268,-0.54655135,0.19916226
0.8888759,-1.2590727,-15.244841,0.13730282,0.81043196,0.27945,0.4962416
1.0818722,-0.5467141,-14.956757,0.64916396,0.4899554,-0.54669297,0.19914009
0.8883507,-1.2590859,-15.244841,0.13744257,0.810593,0.2792944,0.49602753
1.082375,-0.5468519,-14.956724,0.6491914,0.48971897,-0.5469614,0.19889487
0.8866433,-1.2590989,-15.244841,0.13753492,0.8108742,0.27916032,0.49561754
1.0840592,-0.54698247,-14.956693,0.64910024,0.4895452,-0.5471755,0.19903107
0.8863345,-1.2578355,-15.244841,0.13761811,0.8110923,0.278437,0.4956445
1.0854819,-0.54592633,-14.957831,0.6490016,0.48923528,-0.5475741,0.1990188
0.88729155,-1.2580061,-15.244841,0.1376822,0.81117296,0.2779828,0.49574968
1.0868754,-0.54749256,-14.957647,0.6490353,0.48888922,-0.5477286,0.19933403
0.88561636,-1.2568842,-15.244841,0.13760918,0.8114726,0.2774696,0.49556684
1.0867839,-0.54754436,-14.958743,0.6491182,0.48860532,-0.5478981,0.19929436
0.88544667,-1.2571849,-15.244841,0.13763304,0.81157726,0.27708766,0.49560258
1.0879967,-0.54759115,-14.959732,0.64904493,0.48839408,-0.5481493,0.19935995
0.88388395,-1.2560781,-15.244841,0.1373758,0.81189233,0.27680185,0.4953176
1.0877581,-0.54763037,-14.959307,0.6491038,0.4882644,-0.548114,0.19958287
0.882521,-1.25654,-15.244841,0.1374317,0.8120128,0.2765038,0.49527115
1.0875584,-0.5476632,-14.960158,0.6491166,0.48817387,-0.54817456,0.1995964
0.88278764,-1.2555054,-15.244841,0.1374306,0.8119838,0.27620742,0.49548426
1.087389,-0.54769105,-14.959709,0.64914674,0.48800647,-0.54826665,0.1996545
0.8830033,-1.2560253,-15.244841,0.13738315,0.81194407,0.27605245,0.49564895
1.08851,-0.5490016,-14.959277,0.6491518,0.4879556,-0.5481825,0.19999307
0.8844682,-1.2551606,-15.244841,0.13722879,0.81184876,0.2758676,0.49595064
1.0882113,-0.54885983,-14.95892,0.64924306,0.4879523,-0.54811096,0.199901
0.8830718,-1.2529875,-15.244841,0.13686673,0.8120194,0.27532533,0.49607262
1.0879608,-0.548741,-14.958619,0.6491143,0.48803824,-0.5481773,0.19992766
0.8832576,-1.251042,-15.244841,0.13660035,0.8119779,0.274915,0.49644142
1.0888728,-0.5475213,-14.958369,0.6490117,0.48808318,-0.54827076,0.19989452
0.8834078,-1.2521981,-15.244841,0.13665839,0.8119634,0.27481505,0.49650446
1.0885696,-0.54756284,-14.958157,0.64894027,0.48819715,-0.54820675,0.20002337
0.88218784,-1.2518307,-15.244841,0.1365581,0.8120635,0.27462482,0.4964736
1.089418,-0.54760146,-14.957958,0.64891064,0.48818436,-0.54825044,0.20003125
0.8824712,-1.2528105,-15.244841,0.13657507,0.8119944,0.2746092,0.4965907
1.0890535,-0.547634,-14.957791,0.6489501,0.48821852,-0.5481204,0.20017639
0.88144356,-1.2523826,-15.244841,0.13625482,0.812162,0.2745778,0.49642193
1.0887303,-0.54874045,-14.9576435,0.64905304,0.4883803,-0.5478034,0.20031555
0.88181543,-1.2520193,-15.244841,0.1363228,0.81200016,0.2746005,0.49665534
1.0894815,-0.5476263,-14.958543,0.64889073,0.48853934,-0.5478367,0.20036271
0.88330513,-1.251719,-15.246022,0.13631527,0.8118402,0.27470478,0.49686107
1.0881739,-0.54668057,-14.958334,0.6489789,0.48873264,-0.54758286,0.20029949
0.8834232,-1.2525917,-15.245884,0.1363391,0.81175804,0.27488568,0.49688873
1.0879813,-0.5477209,-14.958156,0.64909637,0.48880753,-0.54730374,0.20049898
0.88245535,-1.2522571,-15.245768,0.13620675,0.811822,0.27491432,0.49680468
1.0869383,-0.54773647,-14.958002,0.6491588,0.4889456,-0.5471282,0.20043905
0.8826515,-1.2519745,-15.245669,0.13620667,0.8117901,0.27495116,0.49683645
1.0868716,-0.5477499,-14.95787,0.6491382,0.48909634,-0.54698855,0.20051932
0.882823,-1.2517275,-15.245584,0.13616398,0.8117382,0.27509844,0.49685147
1.0860217,-0.5485537,-14.957754,0.6492038,0.489281,-0.54671234,0.20060958
0.882969,-1.2524576,-15.245511,0.13634823,0.8116654,0.27523825,0.49684247
1.0860333,-0.54850185,-14.958406,0.649171,0.48948142,-0.54655653,0.20065151
0.88309425,-1.2521898,-15.245449,0.13629512,0.81165624,0.2752423,0.4968697
1.0860436,-0.54845643,-14.958262,0.6492119,0.48965326,-0.5463419,0.2006842
0.8822744,-1.2519344,-15.245389,0.13627298,0.81166446,0.27537566,0.49678847
1.0860525,-0.54841655,-14.958136,0.6491867,0.48984843,-0.5461587,0.20078851
0.88247156,-1.2517066,-15.245336,0.13633242,0.81170005,0.27540553,0.49669755
1.0854152,-0.54838127,-14.958024,0.6492503,0.49006006,-0.54586416,0.20086718
0.8816671,-1.2514861,-15.245284,0.13638583,0.8117906,0.27530527,0.49659047
1.0848504,-0.5477371,-14.957926,0.649235,0.49022576,-0.54577196,0.2007629
0.88193476,-1.2512931,-15.245238,0.1364234,0.81174237,0.27540967,0.49660113
1.0849304,-0.54832876,-14.957837,0.64921516,0.49031934,-0.5456686,0.20087948
0.88115776,-1.2511086,-15.245195,0.1364381,0.81185097,0.27535746,0.49644837
1.0850018,-0.54830354,-14.957759,0.64919806,0.49045503,-0.5455553,0.2009111
0.88148516,-1.2509499,-15.245157,0.13664964,0.81190425,0.27528873,0.4963412
1.0850657,-0.5477555,-14.957688,0.6491906,0.49048707,-0.54555917,0.20084624
0.881764,-1.2517613,-15.245126,0.13684486,0.8119262,0.27523598,0.49628076
1.0851231,-0.5477625,-14.957625,0.6491737,0.49054617,-0.5455302,0.20083535
0.8810993,-1.2515557,-15.245099,0.13688426,0.8120822,0.27495453,0.4961706
1.0851748,-0.54729456,-14.957569,0.6491673,0.49054864,-0.5455476,0.20080264
0.8804564,-1.2513568,-15.245073,0.13707983,0.8121572,0.27479675,0.4960812
1.0852215,-0.5473226,-14.957517,0.6492013,0.49050894,-0.545553,0.20077518
0.88082564,-1.2511866,-15.24505,0.13711475,0.8121482,0.27468672,0.49614725
1.0852637,-0.5473479,-14.95747,0.6491659,0.49051255,-0.5455765,0.20081668
0.8820165,-1.2510402,-15.245031,0.137264,0.8120864,0.27451298,0.49630332
1.0853021,-0.54737085,-14.957428,0.64915824,0.49046525,-0.54563683,0.20079336
0.88221496,-1.2509137,-15.245014,0.13728999,0.81206256,0.2743756,0.49641117
1.085337,-0.5470055,-14.957389,0.64911276,0.49044403,-0.54571635,0.20077609
0.8823873,-1.2508041,-15.245001,0.137233,0.8120459,0.27433562,0.49647608
1.0853689,-0.54703933,-14.957354,0.6490798,0.49042386,-0.5457674,0.20079318
0.88253754,-1.2507085,-15.2449875,0.13723572,0.81200886,0.27422208,0.49659875
1.085398,-0.5474189,-14.957322,0.64906853,0.49033847,-0.54583913,0.20084304
0.8826692,-1.2506247,-15.244977,0.13728975,0.8119518,0.2741456,0.49671924
1.0854245,-0.54743516,-14.957293,0.6490699,0.49024922,-0.5459368,0.20079102
0.88346094,-1.2505511,-15.244967,0.13733721,0.81187534,0.27405348,0.49688187
1.085801,-0.54745173,-14.957264,0.6490272,0.49012676,-0.54610497,0.20077074
0.8835181,-1.2504859,-15.244959,0.13730785,0.8118805,0.27404073,0.49688867
1.0862691,-0.5479231,-14.957226,0.64900106,0.49000293,-0.5462365,0.20079978
0.8835687,-1.2504283,-15.244951,0.13732979,0.8118961,0.27399588,0.4968819
1.0862641,-0.5484113,-14.957188,0.64901346,0.48984188,-0.546362,0.20081139
0.8836137,-1.2509567,-15.244944,0.13748913,0.81184673,0.27393234,0.49695358
1.0867331,-0.5479122,-14.957152,0.64895046,0.48966587,-0.54660493,0.20078279
0.8836539,-1.2508775,-15.244938,0.13749655,0.81185377,0.27381834,0.49700284
1.0872324,-0.54791105,-14.957114,0.64891416,0.489469,-0.54683906,0.20074268
0.8836899,-1.2518529,-15.244932,0.13768812,0.8117196,0.2740185,0.49705854
1.0877916,-0.5485383,-14.957072,0.64893764,0.4890896,-0.5471438,0.20076089
0.88372225,-1.2517352,-15.244927,0.13767175,0.81172717,0.27391684,0.49710676
1.0876908,-0.547901,-14.957035,0.64892423,0.48875523,-0.5475238,0.20058282
0.8832793,-1.2521013,-15.244923,0.13766526,0.81169856,0.273977,0.49712214
1.0870337,-0.54790044,-14.957002,0.6490358,0.488376,-0.5477984,0.20039563
0.8837761,-1.2524321,-15.24492,0.1377199,0.81156665,0.27405876,0.49727714
1.0875243,-0.54843885,-14.956973,0.64904714,0.488038,-0.54803425,0.20053747
0.88422614,-1.2523055,-15.244916,0.13765515,0.8114784,0.27405438,0.4974417
1.0880399,-0.5490047,-14.956941,0.6490082,0.48780027,-0.5482429,0.20067158
0.8846347,-1.2521906,-15.244912,0.13763173,0.8114102,0.27404577,0.49756408
1.0885041,-0.54836154,-14.956913,0.64889747,0.48761785,-0.54858285,0.20054367
0.88500637,-1.252086,-15.244909,0.13755198,0.81130815,0.2740329,0.49775967
1.0889761,-0.5483311,-14.956884,0.648873,0.48744655,-0.5487894,0.20047452
0.8853454,-1.2523559,-15.244906,0.13753745,0.81119126,0.27411032,0.4979113
1.090304,-0.54907286,-14.956852,0.6487401,0.48732817,-0.5489578,0.20073098
0.8856552,-1.2522556,-15.2449045,0.13753027,0.81110615,0.2741216,0.49804583
1.0907664,-0.54897314,-14.9568205,0.6487006,0.48718992,-0.54911834,0.20075536
0.88593894,-1.2524934,-15.244902,0.13753282,0.81103104,0.27414745,0.4981532
1.0912243,-0.5497518,-14.956788,0.6487434,0.48715627,-0.549039,0.20091575
0.8861993,-1.2523984,-15.2449,0.13747764,0.8109898,0.2741118,0.4982552
1.0907861,-0.5495905,-14.956761,0.64883,0.48715413,-0.5489277,0.20094487
0.886141,-1.2523111,-15.244897,0.13744369,0.81096935,0.2740896,0.49831006
1.0904058,-0.5494505,-14.956738,0.64886266,0.4871533,-0.5489082,0.20089506
0.88636994,-1.2525133,-15.244896,0.13748287,0.8108972,0.27410507,0.49840817
1.0908266,-0.5493285,-14.956717,0.6488049,0.48712927,-0.5489608,0.20099595
0.88658106,-1.2524313,-15.244895,0.13742319,0.81088185,0.27411044,0.49844664
1.0921177,-0.54920113,-14.956696,0.64868295,0.48721352,-0.5489406,0.20124024
0.88677603,-1.2523555,-15.244894,0.13739197,0.8108839,0.2740696,0.4984744
1.092462,-0.54998106,-14.956675,0.6486909,0.48717925,-0.54891473,0.20136827
0.88695633,-1.2522854,-15.244892,0.13736771,0.8108613,0.27404404,0.49853197
1.0937983,-0.5497651,-14.956654,0.6485877,0.48719704,-0.5489852,0.20146567
0.88716066,-1.2522061,-15.244891,0.13731813,0.8108615,0.2740426,0.49854594
1.0930495,-0.5505247,-14.956635,0.64867705,0.48725986,-0.54879427,0.20154625
0.8874201,-1.2517368,-15.244889,0.13722211,0.81087047,0.27397978,0.49859235
1.093306,-0.55027765,-14.95662,0.6487096,0.4872874,-0.54872733,0.20155706
0.88730705,-1.2516581,-15.244886,0.13715334,0.8108964,0.2739685,0.4985753
1.0935266,-0.54920834,-14.956608,0.64864236,0.48732993,-0.548784,0.20151639
0.88720304,-1.2515858,-15.244885,0.13709556,0.81093514,0.2739325,0.498548
1.0929039,-0.5490969,-14.956596,0.64867383,0.48740628,-0.5486787,0.20151706
0.88747114,-1.2515057,-15.244884,0.13703105,0.8109599,0.27386177,0.49856442
1.0931354,-0.5489999,-14.956587,0.64864355,0.48747963,-0.5486461,0.20152597
0.88735163,-1.2514327,-15.244882,0.13702756,0.81099755,0.27384576,0.4985129
1.0933409,-0.5489139,-14.956577,0.648615,0.48750538,-0.5486667,0.20149927
0.8872418,-1.2513655,-15.244881,0.13702431,0.81100386,0.27383128,0.49851146
1.093539,-0.5496106,-14.956569,0.64860874,0.487503,-0.54866433,0.20153192
0.8871402,-1.2513034,-15.24488,0.13700993,0.81101674,0.27380297,0.49850997
1.0937293,-0.5502799,-14.956561,0.6486478,0.4875412,-0.54854923,0.20162714
0.88704705,-1.2515635,-15.244879,0.13708563,0.81102854,0.27379778,0.49847284
1.0939112,-0.55091965,-14.9565525,0.6486941,0.4875488,-0.5484801,0.20164777
0.8869615,-1.2515013,-15.244877,0.13707165,0.81107116,0.27375966,0.49842817
1.0932599,-0.55066484,-14.956546,0.6487296,0.48756656,-0.5484306,0.2016251
0.8868827,-1.251444,-15.244876,0.13705565,0.8111002,0.27371848,0.49840805
1.0926933,-0.55044323,-14.95654,0.6487671,0.48753273,-0.54844147,0.2015568
0.8870875,-1.2513897,-15.244875,0.13705252,0.8110779,0.27369654,0.49845713
1.0921981,-0.55097926,-14.956535,0.64884305,0.4874927,-0.5483989,0.20152502
0.8870098,-1.2513388,-15.244874,0.13700922,0.81112224,0.27359125,0.49845466
1.0924567,-0.55006325,-14.956531,0.6488228,0.4874683,-0.5484748,0.2014425
0.88692033,-1.2509612,-15.244872,0.13692656,0.8111606,0.27348185,0.498475
1.0926846,-0.5499144,-14.956527,0.648826,0.4874399,-0.5485056,0.20141691
0.8868358,-1.2509161,-15.244871,0.13694617,0.8111836,0.27340603,0.49847385
1.0928863,-0.549157,-14.956523,0.64878356,0.4874419,-0.54858,0.2013463
0.8870925,-1.2508677,-15.24487,0.13694961,0.8111662,0.27330557,0.49855626
1.0930654,-0.54907876,-14.95652,0.6487695,0.48741922,-0.5486261,0.20132084
0.8873677,-1.2508156,-15.244869,0.1369583,0.81119365,0.2731243,0.4986084
1.093225,-0.549009,-14.956517,0.6487539,0.48742357,-0.5486323,0.2013435
0.88770795,-1.250253,-15.244868,0.13686933,0.8111969,0.27294618,0.49872512
1.0933678,-0.5484102,-14.956515,0.64872295,0.48741385,-0.54870075,0.20128031
0.88805413,-1.2502152,-15.244866,0.13683785,0.8112063,0.2728212,0.4987869
1.0929862,-0.5478731,-14.956512,0.64874375,0.4874157,-0.5486921,0.20123266
0.8878344,-1.2496128,-15.24543,0.13663831,0.81127906,0.27270973,0.49878418
1.093127,-0.54835814,-14.956511,0.64878637,0.487373,-0.54863685,0.20134924
0.88761044,-1.2489985,-15.245392,0.13657178,0.811327,0.272556,0.4988085
1.0932541,-0.5478758,-14.956508,0.64877975,0.48740378,-0.54862237,0.20133539
0.8874112,-1.2490336,-15.245358,0.13660863,0.8113504,0.2724912,0.49879578
1.0929321,-0.54787654,-14.956507,0.6488102,0.48738667,-0.5485993,0.20134147
0.8872333,-1.2490648,-15.245328,0.13660163,0.8113577,0.27245745,0.49880433
1.0930552,-0.5478772,-14.956506,0.6487955,0.48741695,-0.54856837,0.20140012
0.88707405,-1.2490928,-15.2453,0.13658391,0.8113783,0.2724123,0.49880022
1.0931672,-0.5478777,-14.956505,0.6487824,0.4874454,-0.5485442,0.20143904
0.886931,-1.2491179,-15.245277,0.13660692,0.8114292,0.27231753,0.4987629
1.0928944,-0.54750365,-14.956503,0.6488045,0.48749757,-0.5484819,0.2014116
0.8873606,-1.2485559,-15.245251,0.13645509,0.81142044,0.2722873,0.49883527
1.0926455,-0.547518,-14.956502,0.6488483,0.4875525,-0.5483638,0.20145863
0.88715655,-1.2479804,-15.245867,0.13610713,0.811205,0.27242061,0.49920782
1.0924177,-0.5475311,-14.956501,0.648846,0.4878537,-0.54808795,0.20148772
0.88768375,-1.2473563,-15.246535,0.13585305,0.8110246,0.27242604,0.499567
1.0918877,-0.54722196,-14.956821,0.64887893,0.4881498,-0.5478037,0.20143785
0.8881649,-1.2475275,-15.247146,0.13560812,0.8108752,0.27252236,0.49982348
1.0917063,-0.54724324,-14.956811,0.64890283,0.4884072,-0.5475445,0.20144162
0.8878459,-1.2469006,-15.24775,0.135262,0.8108529,0.27244553,0.49999532
1.0912495,-0.54697293,-14.9568,0.6489297,0.48869604,-0.54725975,0.20142831
0.88753134,-1.2462827,-15.248348,0.13493659,0.8108088,0.27240384,0.50017744
1.0911039,-0.54672384,-14.957067,0.64892596,0.48896155,-0.5470427,0.20138507
0.88816744,-1.2456545,-15.248955,0.13467412,0.8107618,0.27224347,0.5004116
1.090708,-0.5467556,-14.957312,0.6489627,0.48921505,-0.5467667,0.201401
0.88772804,-1.2439088,-15.249581,0.13427919,0.81079644,0.27214444,0.5005154
1.0903422,-0.546785,-14.957539,0.64900887,0.4895416,-0.54642594,0.20138323
0.88839996,-1.2445232,-15.250109,0.13423178,0.8106942,0.27208787,0.5007243
1.0902398,-0.5465761,-14.957748,0.6489926,0.4899352,-0.54609656,0.20137231
0.8890867,-1.2427627,-15.2506485,0.13406458,0.8106455,0.2717478,0.5010326
1.0899204,-0.5463825,-14.957943,0.6489817,0.4904725,-0.5456374,0.20134397
0.8897151,-1.2423996,-15.251142,0.13391632,0.8105759,0.27153355,0.50130093
1.0895817,-0.5464207,-14.95815,0.6490355,0.49099112,-0.54510355,0.20135222
0.88902205,-1.242087,-15.251566,0.1336746,0.81050944,0.27150097,0.50149053
1.0891622,-0.5464681,-14.9584055,0.6490439,0.4915094,-0.5445859,0.20146143
0.88837343,-1.2404698,-15.251964,0.13339646,0.8104716,0.27109206,0.50184697
1.0885875,-0.5456564,-14.958755,0.6490027,0.49199274,-0.54422414,0.20139232
0.8892098,-1.2389463,-15.252338,0.13308625,0.81037366,0.27083048,0.50222856
1.0884719,-0.54530346,-14.958646,0.64891505,0.4923138,-0.5440291,0.20141704
0.8884431,-1.2376,-15.252669,0.13282141,0.8102367,0.2706015,0.5026429
1.0878705,-0.5454341,-14.958537,0.6489555,0.49254492,-0.5437591,0.20145045
0.8877332,-1.2347001,-15.252975,0.13251622,0.8101621,0.27011833,0.5031033
1.0877693,-0.54443663,-14.958986,0.64887047,0.4926585,-0.54381,0.20130919
0.88883,-1.2339305,-15.253236,0.13233668,0.8098885,0.26984712,0.5037364
1.0876651,-0.54403526,-14.959449,0.6488514,0.49273628,-0.5437812,0.20125824
0.88980967,-1.2313957,-15.253469,0.13205998,0.80975723,0.26944193,0.5042366
1.0875657,-0.54365236,-14.95925,0.64878803,0.49274862,-0.5437964,0.20139118
0.8926124,-1.2292207,-15.253669,0.13192207,0.80945474,0.2690018,0.5049927
1.0881033,-0.5433008,-14.959697,0.6487299,0.49261862,-0.5440024,0.20134023
0.8970781,-1.2273769,-15.255929,0.13161974,0.80917513,0.26871645,0.5056712
1.0872356,-0.5429233,-14.960177,0.6487671,0.4925621,-0.5440424,0.20125054
0.89637697,-1.2258999,-15.257739,0.1312356,0.8090845,0.26848865,0.50603706
1.086452,-0.5432878,-14.959905,0.6488293,0.49247134,-0.54402703,0.20131359
0.8958212,-1.2247291,-15.259174,0.13112256,0.80900335,0.26796144,0.50647515
1.086429,-0.5420921,-14.96041,0.648791,0.49236882,-0.5442051,0.20120652
0.8953668,-1.2214646,-15.260347,0.13077475,0.80903137,0.26761794,0.50670195
1.0864068,-0.5417657,-14.9608965,0.64873636,0.49225846,-0.5443556,0.20124586
0.897331,-1.2212906,-15.26124,0.1305516,0.8089693,0.26683176,0.50727296
1.0863857,-0.5414543,-14.96136,0.6488022,0.49202955,-0.5444857,0.20124118
0.8964881,-1.2187731,-15.26194,0.13024896,0.8092648,0.26573676,0.5074543
1.0853765,-0.54014105,-14.961845,0.64886874,0.49189228,-0.54459554,0.2010648
0.89354485,-1.2169247,-15.262452,0.13002574,0.8095295,0.2650678,0.50743914
1.0854594,-0.5399465,-14.962288,0.64892673,0.49178,-0.5446356,0.20104387
0.89363986,-1.2154871,-15.262852,0.1300738,0.80970436,0.2643983,0.5074971
1.0844208,-0.5386304,-14.962731,0.6489643,0.49170056,-0.5446932,0.2009609
0.8937078,-1.2167249,-15.265401,0.13020599,0.80978554,0.2640766,0.50750095
1.0846242,-0.5385896,-14.96312,0.6490166,0.49161178,-0.54471046,0.2009622
0.8937614,-1.215363,-15.267413,0.13025333,0.81005067,0.263586,0.5073209
1.0836512,-0.53855217,-14.963479,0.6491152,0.49158585,-0.5446499,0.2008714
0.89602184,-1.216606,-15.266639,0.13040707,0.81025326,0.26322353,0.507146
1.0827663,-0.53851813,-14.963803,0.6491927,0.49157172,-0.5445934,0.20080882
0.89556205,-1.217514,-15.266073,0.1305901,0.8104662,0.2630342,0.5068569
1.0831995,-0.5372646,-14.964093,0.64921504,0.49162495,-0.54454076,0.20074895
0.8932158,-1.2181871,-15.265654,0.1305333,0.8107426,0.26295793,0.50646883
1.0823393,-0.53739595,-14.964352,0.64932996,0.4916669,-0.5443873,0.20069072
0.893357,-1.216788,-15.265338,0.13048795,0.8109224,0.26283416,0.5062569
1.08154,-0.536189,-14.964591,0.6493955,0.4917193,-0.5443083,0.2005646
0.8902992,-1.2148739,-15.264906,0.13054295,0.8112772,0.26266414,0.5057622
1.0813736,-0.5353831,-14.964967,0.6494425,0.49192256,-0.5440922,0.20050052
0.8909359,-1.2159033,-15.264758,0.13084269,0.8112013,0.2628643,0.5057026
1.0807396,-0.53702986,-14.965114,0.64951456,0.49201107,-0.5439154,0.20052946
0.89145595,-1.2150732,-15.264637,0.13099848,0.8112071,0.2628439,0.5056635
1.0802137,-0.53718704,-14.965235,0.64956737,0.4920789,-0.5438274,0.20043072
0.8886898,-1.2144219,-15.264542,0.1310751,0.8114079,0.26276034,0.5053647
1.079777,-0.5373175,-14.964189,0.64957243,0.49220774,-0.54369587,0.20045464
0.88951147,-1.215413,-15.264467,0.13127805,0.81141657,0.2627458,0.50530577
1.0805027,-0.53742665,-14.964403,0.6496034,0.4922526,-0.54361045,0.20047595
0.88873255,-1.2147706,-15.264406,0.13136257,0.8114717,0.2627038,0.505217
1.0811139,-0.5375186,-14.964585,0.64959466,0.49235913,-0.5435076,0.20052156
0.88952166,-1.2142174,-15.264353,0.13134387,0.8114057,0.262574,0.5053954
1.0806385,-0.537598,-14.964741,0.64962584,0.4924361,-0.5433906,0.2005485
0.89015746,-1.2151586,-15.264311,0.13144411,0.81137747,0.26252958,0.5054378
1.0801828,-0.53660035,-14.964891,0.64968294,0.4924722,-0.5433299,0.20043932
0.8893567,-1.2159238,-15.2642765,0.1313715,0.8114239,0.26240692,0.5054459
1.0797758,-0.5367889,-14.965025,0.6497079,0.4925174,-0.543225,0.20053165
0.8887002,-1.2152992,-15.264249,0.13123998,0.8114116,0.26221156,0.5056009
1.0794125,-0.5369572,-14.965145,0.649775,0.49251413,-0.5431469,0.20053376
0.8893735,-1.2147621,-15.264224,0.13117106,0.8113236,0.26219866,0.50576687
1.0790726,-0.5359699,-14.965257,0.64979136,0.49250567,-0.5431574,0.20047297
0.888717,-1.2142904,-15.264203,0.13112812,0.81129616,0.26209307,0.5058767
1.0787882,-0.53731865,-14.96535,0.64986354,0.49248463,-0.54306114,0.20055147
0.8894023,-1.2138746,-15.264184,0.13122666,0.81123596,0.26195744,0.5060179
1.0785394,-0.53635347,-14.965432,0.6498657,0.49247125,-0.54309386,0.20048894
0.8887333,-1.2135134,-15.264168,0.1311415,0.81122595,0.26190215,0.50608474
1.0783197,-0.5365671,-14.965505,0.64984643,0.4924169,-0.5431615,0.20050158
0.88891196,-1.2129264,-15.264142,0.13142444,0.8110468,0.26170954,0.506398
1.0779527,-0.53692377,-14.965626,0.649779,0.49233505,-0.5432604,0.20065314
0.8883097,-1.2126907,-15.264132,0.1314651,0.81093764,0.26165673,0.5065896
1.0777998,-0.5370725,-14.965676,0.649742,0.49225518,-0.5433581,0.20070441
0.8891045,-1.2111099,-15.264122,0.13143331,0.81075835,0.26152095,0.5069547
1.0786723,-0.53719825,-14.965718,0.6497042,0.49214178,-0.5434795,0.20077616
0.88844424,-1.2111124,-15.264113,0.13147184,0.81069463,0.26152954,0.5070421
1.0794147,-0.5373053,-14.9657545,0.6496765,0.49199888,-0.5436402,0.20078109
0.8891625,-1.2123734,-15.264107,0.13148987,0.8104624,0.2617576,0.507291
1.0800502,-0.5383011,-14.965785,0.6496743,0.4918475,-0.54374444,0.20087653
0.8897555,-1.2122184,-15.264101,0.13138926,0.8102934,0.26181546,0.50755715
1.0797383,-0.5382992,-14.965813,0.649696,0.4917205,-0.5438343,0.20087385
0.8902487,-1.2120895,-15.264096,0.13142075,0.81016695,0.26174366,0.5077878
1.0802844,-0.5374814,-14.965836,0.6496801,0.49159002,-0.5439834,0.20084135
0.8917412,-1.213061,-15.264092,0.13147601,0.80999976,0.26182985,0.5079956
1.0799838,-0.538321,-14.96508,0.64970964,0.49150696,-0.5440053,0.20088975
0.8929999,-1.2128549,-15.26409,0.13141933,0.80994475,0.2618118,0.50810736
1.0804578,-0.53831786,-14.9651575,0.6497211,0.4913921,-0.54409575,0.20088854
0.89410406,-1.212674,-15.264086,0.13153966,0.809912,0.2617093,0.50818115
1.0808736,-0.53761536,-14.965226,0.6496838,0.49127814,-0.5442716,0.20081164
0.89408547,-1.2125102,-15.264083,0.13157986,0.8098739,0.2616833,0.50824493
1.0812399,-0.5376613,-14.965285,0.64970213,0.49115005,-0.5443597,0.20082672
0.89310265,-1.2133383,-15.264081,0.13156174,0.8099405,0.26177338,0.508097
1.0815638,-0.5383333,-14.965339,0.64972603,0.49105296,-0.5444013,0.20087387
0.89318156,-1.2140455,-15.264078,0.13163687,0.8099712,0.26173386,0.5080491
1.0818512,-0.5377301,-14.965385,0.649721,0.49096128,-0.5445011,0.20084351
0.89324933,-1.2137806,-15.264077,0.13168731,0.80997455,0.26162243,0.50808805
1.0821074,-0.53776264,-14.965426,0.64973223,0.4908812,-0.5445591,0.20084602
0.8933078,-1.214381,-15.264076,0.131774,0.81000596,0.26162022,0.5080167
1.0817949,-0.5377917,-14.965464,0.6497708,0.49080774,-0.5445764,0.2008539
0.89257103,-1.2141145,-15.264075,0.13160305,0.81015843,0.26148668,0.5078865
1.082029,-0.53781784,-14.965497,0.6497643,0.49075946,-0.5446106,0.20090017
0.89267665,-1.2138821,-15.264074,0.13156013,0.8101813,0.26138917,0.5079113
1.0817509,-0.5373527,-14.965527,0.649782,0.49071673,-0.5446415,0.20086357
0.8927692,-1.2143892,-15.264072,0.13167657,0.8101583,0.26141822,0.507903
1.0819643,-0.5373974,-14.965553,0.649796,0.4906868,-0.5446421,0.20088974
0.8921754,-1.2141601,-15.264071,0.13160133,0.81024736,0.26135558,0.5078125
1.0817163,-0.5378788,-14.965578,0.64983237,0.49068373,-0.54458326,0.20093873
0.8916508,-1.2139578,-15.264712,0.13159457,0.8103297,0.26142007,0.50764984
1.0819104,-0.5383152,-14.9656,0.64986575,0.49069825,-0.54450953,0.20099524
0.8917952,-1.2143878,-15.264671,0.13171948,0.8103377,0.26148036,0.50757354
1.0816888,-0.53871167,-14.96562,0.64990395,0.49073252,-0.5444207,0.20102869
0.89192367,-1.2147704,-15.264635,0.13182652,0.81036156,0.26145372,0.5075213
1.0814869,-0.5383166,-14.965639,0.64991933,0.49077323,-0.5443693,0.20101921
0.89203835,-1.214562,-15.264602,0.13189897,0.8104132,0.26141742,0.5074387
1.0813029,-0.5383152,-14.965655,0.64994603,0.49082682,-0.5442884,0.20102094
0.8916186,-1.2143754,-15.264572,0.13184875,0.8105167,0.26141846,0.50728595
1.0807933,-0.5386551,-14.965671,0.6499783,0.49089086,-0.5441782,0.2010586
0.8912415,-1.2142078,-15.264545,0.13180959,0.8106458,0.2613241,0.50713843
1.0806473,-0.53864217,-14.965685,0.65001,0.49094996,-0.5440835,0.20106807
0.8905947,-1.2143682,-15.264501,0.13177912,0.810784,0.26129705,0.50693935
1.0803295,-0.5382581,-14.965715,0.6500427,0.49114472,-0.5438324,0.20116599
0.8903167,-1.2142247,-15.264481,0.13172603,0.8108955,0.2612284,0.50681007
1.080168,-0.53825897,-14.965731,0.65008056,0.49126068,-0.5436685,0.2012036
0.89005804,-1.2140912,-15.264463,0.13167048,0.8109784,0.26117566,0.506719
1.0800056,-0.5382599,-14.965747,0.6501148,0.49141377,-0.54344165,0.20133212
0.8897954,-1.2139556,-15.264444,0.13164583,0.8110757,0.26110682,0.5066053
1.079858,-0.5386726,-14.965761,0.65016663,0.49155062,-0.5431947,0.20149665
0.88997495,-1.2142504,-15.264428,0.1317245,0.81113756,0.26096395,0.5065594
1.0797092,-0.53865486,-14.965775,0.6501818,0.4916166,-0.5430899,0.20156914
0.8895091,-1.2139933,-15.264398,0.13176595,0.81127673,0.26058227,0.50652236
1.0789603,-0.5395068,-14.965805,0.65027195,0.49168336,-0.5428536,0.20175232
0.8892703,-1.2138617,-15.264382,0.13175876,0.8113007,0.26039058,0.5065842
1.0788383,-0.5399324,-14.965819,0.65031326,0.49162853,-0.54282254,0.20183596
0.8894811,-1.213738,-15.264368,0.13181621,0.81129026,0.2601731,0.50669765
1.078723,-0.5393625,-14.965833,0.65027153,0.49162868,-0.5428609,0.20186692
0.88968086,-1.2136208,-15.264355,0.13187742,0.8112802,0.2599494,0.5068128
1.0790809,-0.53884846,-14.965844,0.650249,0.49153388,-0.5429844,0.20183834
0.8896374,-1.2133901,-15.264327,0.13194986,0.81122124,0.2597084,0.5070118
1.0788523,-0.5383438,-14.965865,0.6502203,0.491422,-0.54309076,0.2019172
0.88937277,-1.2132777,-15.264315,0.13181236,0.81121165,0.25966942,0.5070829
1.07918,-0.5383409,-14.965875,0.65017766,0.49137422,-0.5431434,0.20202911
0.88959587,-1.2131723,-15.264301,0.13174894,0.8111571,0.2596727,0.5071849
1.0794773,-0.5387472,-14.965884,0.650172,0.49132204,-0.54316896,0.2021055
0.88932425,-1.2130672,-15.264289,0.13170473,0.8111328,0.25970963,0.5072164
1.0797478,-0.53833985,-14.965892,0.65012777,0.4912802,-0.5432689,0.20208098
0.88955665,-1.2129693,-15.2642765,0.13176608,0.81104255,0.25975892,0.50731945
1.0799943,-0.5379685,-14.965899,0.6500917,0.49126142,-0.5433275,0.20208493
0.8902272,-1.212881,-15.264266,0.13177373,0.8109368,0.25981796,0.5074563
1.0802196,-0.53833044,-14.965906,0.6500826,0.4912143,-0.54334295,0.20218726
0.8903982,-1.2128,-15.2642565,0.13173579,0.81091064,0.25984618,0.50749356
1.0804257,-0.53866166,-14.965912,0.6500889,0.49119177,-0.54333174,0.2022518
0.8901116,-1.2127212,-15.264248,0.13175261,0.81096536,0.2598063,0.5074221
1.0806148,-0.5386491,-14.965919,0.65005606,0.49117085,-0.54338586,0.20226248
0.89029205,-1.212646,-15.264238,0.13180557,0.8109788,0.25976843,0.5074063
1.080488,-0.5386375,-14.965922,0.65007985,0.49116153,-0.54337066,0.20224959
0.89045537,-1.2130095,-15.26423,0.13188471,0.8109765,0.2598575,0.5073437
1.0803713,-0.5389124,-14.965927,0.6501173,0.4911412,-0.5433274,0.2022949
0.8901934,-1.2129292,-15.264223,0.1318963,0.8110137,0.25986844,0.50727564
1.0802636,-0.5391658,-14.965932,0.6501444,0.49115163,-0.54325485,0.20237719
0.88995516,-1.2128562,-15.264215,0.13186859,0.81108993,0.25987336,0.50715846
1.0801643,-0.5391421,-14.965936,0.65019923,0.49114874,-0.5431947,0.20236947
0.8904783,-1.2127897,-15.26421,0.13198349,0.8110392,0.25983828,0.5072276
1.0803173,-0.5386304,-14.9659395,0.65018034,0.49116343,-0.5432204,0.20232561
0.8906076,-1.2127274,-15.264204,0.13198118,0.81108886,0.25981605,0.50716025
1.0804589,-0.5383894,-14.965942,0.6501605,0.49115112,-0.5432465,0.20234911
0.8903694,-1.2126669,-15.264198,0.1319866,0.81116664,0.25973448,0.5070762
1.0805901,-0.53816587,-14.965946,0.6501453,0.49113613,-0.5432823,0.20233816
0.8905062,-1.2126076,-15.264194,0.13199966,0.8112308,0.25967053,0.507003
1.080502,-0.5381684,-14.96595,0.6501559,0.49113238,-0.54326665,0.20235519
0.8902651,-1.21255,-15.264189,0.13201503,0.81132233,0.25957152,0.506903
1.0804203,-0.5383701,-14.965952,0.65022016,0.4911061,-0.5431986,0.20239565
0.8900276,-1.2124933,-15.264184,0.13202475,0.81140864,0.25950068,0.5067987
1.080343,-0.5383682,-14.965955,0.6502587,0.4910737,-0.5431913,0.20236951
0.88995934,-1.2130921,-15.264174,0.13235316,0.81163716,0.25925466,0.506473
1.0803853,-0.5385531,-14.96596,0.65037376,0.49095988,-0.54314655,0.2023963
0.89009523,-1.2130247,-15.264172,0.13249204,0.8117456,0.25908536,0.5063494
1.0803088,-0.53854764,-14.965961,0.6504296,0.4908942,-0.5431558,0.2023514
0.89021987,-1.2132758,-15.264168,0.13265179,0.8118283,0.25899583,0.5062208
1.0800416,-0.53854233,-14.965963,0.6505345,0.4908595,-0.5430821,0.20229617
0.8900375,-1.2132094,-15.264164,0.13274704,0.81197965,0.25886527,0.5060199
1.0799719,-0.5387293,-14.965966,0.6505978,0.4908123,-0.5430321,0.2023413
0.8901517,-1.2134304,-15.264161,0.13289887,0.8120307,0.25885025,0.5059059
1.0799037,-0.53891253,-14.965968,0.6506841,0.49075848,-0.54294986,0.20241514
0.88998896,-1.2133663,-15.264158,0.13297987,0.8121139,0.2588106,0.5057713
1.0798367,-0.5390922,-14.965971,0.65075195,0.49071187,-0.5428907,0.20246834
0.8899416,-1.2132521,-15.2641535,0.13317022,0.81218,0.25860852,0.50571835
1.0798992,-0.53905994,-14.965976,0.65083945,0.49061126,-0.5428873,0.20244008
0.8898071,-1.2132014,-15.264152,0.13310158,0.81219053,0.2586051,0.5057212
1.0800246,-0.5392366,-14.965978,0.6508577,0.49058828,-0.5428521,0.20253153
0.8899007,-1.2131543,-15.264149,0.13287082,0.81201744,0.25857678,0.50607425
1.0799553,-0.5392175,-14.965981,0.6508647,0.49060324,-0.5427714,0.20268913
0.88978016,-1.2131106,-15.264147,0.13268857,0.8119028,0.25853857,0.5063254
1.0798874,-0.5390064,-14.965982,0.65083957,0.4906372,-0.5427249,0.20281205
0.88986516,-1.2130699,-15.264146,0.13244005,0.8117466,0.2585792,0.5066201
1.0798208,-0.53899187,-14.965985,0.6508237,0.4907147,-0.5425883,0.20304097
0.8897063,-1.2127393,-15.264143,0.13214692,0.8116601,0.258577,0.5068364
1.0797555,-0.53916985,-14.965987,0.65080506,0.49074763,-0.54249644,0.20326652
0.8898251,-1.2126939,-15.264141,0.1321131,0.81151533,0.25854895,0.50709116
1.0796915,-0.5389598,-14.96599,0.65076023,0.49078733,-0.54248655,0.20334025
0.8899399,-1.2126502,-15.264138,0.13200854,0.8113882,0.2585541,0.5073192
1.079629,-0.5387539,-14.965992,0.6506911,0.49078944,-0.5425417,0.20340937
0.8901622,-1.2125653,-15.264133,0.1318991,0.8112232,0.25847396,0.50765216
1.0796957,-0.53873515,-14.965997,0.650512,0.49083304,-0.54262286,0.20366037
0.89027166,-1.2125236,-15.264132,0.13183402,0.81111073,0.258477,0.50784737
1.0796329,-0.53872603,-14.965999,0.6504643,0.49085337,-0.54260945,0.20379955
0.8909174,-1.2120656,-15.264127,0.13169447,0.81091547,0.25842813,0.5082201
1.0795112,-0.53870445,-14.9660015,0.6503528,0.49092603,-0.5425988,0.20400862
0.89143616,-1.2120271,-15.264124,0.13171956,0.8108392,0.25837767,0.508361
1.0796443,-0.5385037,-14.966002,0.6502816,0.49093056,-0.54267937,0.20401017
0.89198434,-1.2119864,-15.264122,0.13169737,0.81077284,0.25836304,0.50848
1.0795826,-0.53849924,-14.966003,0.6503002,0.4909464,-0.5426226,0.20406371
0.89209,-1.2114171,-15.264118,0.13165705,0.8107631,0.25828582,0.50854504
1.0797143,-0.53868705,-14.966005,0.6502686,0.4909563,-0.54257596,0.20426455
0.8921916,-1.2114011,-15.264115,0.13162103,0.8107858,0.25821683,0.5085533
1.0798434,-0.53867894,-14.966006,0.6502453,0.49096173,-0.54256356,0.20435862
0.8923035,-1.2107637,-15.2641115,0.13158956,0.8108418,0.2581239,0.50851935
1.07997,-0.5384787,-14.966007,0.6502072,0.49097064,-0.54260844,0.20433928
0.8931813,-1.2100413,-15.264108,0.13160798,0.8108797,0.2579634,0.5085356
1.0799018,-0.5384747,-14.966008,0.65024906,0.49096957,-0.54258114,0.20428124
0.89324564,-1.2093071,-15.264105,0.13161103,0.81094146,0.25788146,0.5084778
1.0800272,-0.538663,-14.966009,0.65029705,0.49095345,-0.54249674,0.20439126
0.89251506,-1.2094561,-15.264101,0.1316057,0.8110252,0.25786278,0.50835514
1.0799578,-0.53884757,-14.966011,0.6503826,0.49091727,-0.54239386,0.20447916
0.8926249,-1.209586,-15.264097,0.13173157,0.8110591,0.25777385,0.50831354
1.080082,-0.53883624,-14.966012,0.6503509,0.490919,-0.5424257,0.20449136
0.8920114,-1.2096999,-15.264805,0.13177404,0.8111926,0.25765973,0.5081474
1.0800116,-0.5390173,-14.966013,0.65047795,0.49085996,-0.54233503,0.20446949
0.89147156,-1.2098001,-15.265427,0.13184209,0.81133515,0.25752386,0.5079709
1.0799426,-0.53919476,-14.966014,0.6506155,0.49086297,-0.54217595,0.20444617
0.89163524,-1.2092481,-15.265335,0.13189739,0.8114665,0.25733647,0.50784177
1.0798749,-0.53917646,-14.9662075,0.65067446,0.49083608,-0.54217166,0.2043347
0.8905322,-1.2087443,-15.265879,0.13196605,0.8116292,0.257155,0.5076558
1.0798086,-0.5389663,-14.966398,0.6506824,0.49081457,-0.54223335,0.20419748
0.89014745,-1.2088919,-15.26636,0.13206457,0.81174654,0.2569847,0.5075288
1.0797436,-0.5389526,-14.9663925,0.65068823,0.49080333,-0.54227686,0.2040903
0.88980454,-1.2090234,-15.266226,0.13226168,0.811816,0.2568537,0.5074327
1.0796798,-0.53913134,-14.966386,0.65071386,0.49076325,-0.5422827,0.20408946
0.89003485,-1.2091409,-15.266643,0.13244124,0.8118735,0.2566869,0.5073781
1.0798097,-0.5391143,-14.96638,0.6507229,0.49073625,-0.5423173,0.20403364
0.8894584,-1.2093412,-15.266382,0.13264167,0.8120187,0.2564461,0.50721526
1.0798694,-0.5390813,-14.966369,0.6507932,0.4906672,-0.5423336,0.20393181
0.88968307,-1.2089478,-15.266266,0.13270296,0.81210107,0.25629935,0.50714135
1.0796108,-0.53925747,-14.966363,0.650866,0.49064994,-0.5422609,0.20393452
0.88988584,-1.209052,-15.26616,0.13284968,0.81215197,0.25618106,0.5070812
1.0797421,-0.53943014,-14.966357,0.6508843,0.49062485,-0.54223835,0.20399639
0.8900919,-1.2086678,-15.266053,0.1329125,0.81224555,0.2559666,0.5070233
1.0798706,-0.53940713,-14.966351,0.6508817,0.49061123,-0.5422497,0.20400724
0.8898122,-1.2087868,-15.265957,0.13296667,0.81235474,0.2558267,0.5069048
1.0799966,-0.53938454,-14.966345,0.6508991,0.4905753,-0.54227084,0.20398161
0.89002275,-1.2084148,-15.26586,0.13298471,0.81242454,0.25569656,0.5068538
1.0799278,-0.53936243,-14.96634,0.6508975,0.49054986,-0.54228646,0.20400676
0.8902126,-1.2085468,-15.265772,0.13307287,0.81244123,0.2556276,0.50683874
1.0800527,-0.539533,-14.966335,0.65089875,0.49053967,-0.54226124,0.20409425
0.88994026,-1.208666,-15.265693,0.13313983,0.81249505,0.25557083,0.50676346
1.080175,-0.5397002,-14.9663315,0.6508859,0.49053073,-0.54225016,0.20418613
0.88945955,-1.2084583,-15.265553,0.13299143,0.8124176,0.25549346,0.5069656
1.0804124,-0.5400246,-14.966322,0.6508002,0.49054122,-0.54227287,0.20437361
0.8896442,-1.2085686,-15.2654915,0.13303466,0.81227714,0.25546947,0.50719124
1.0803354,-0.5397974,-14.966317,0.65073264,0.49056152,-0.5423428,0.20435461
0.88981235,-1.2086691,-15.265435,0.13300964,0.8121714,0.25548506,0.5073594
1.0804521,-0.5397671,-14.966312,0.65065014,0.4905766,-0.54239225,0.20444962
0.8901138,-1.2084904,-15.265334,0.13297594,0.8120899,0.25540602,0.5075383
1.0804863,-0.5400888,-14.966303,0.6505995,0.4905685,-0.54240376,0.20459995
0.89027846,-1.2081892,-15.265279,0.13296032,0.8120798,0.2552668,0.5076287
1.0805999,-0.5400526,-14.966298,0.6505518,0.49053875,-0.54249394,0.20458384
0.8908225,-1.2083098,-15.265228,0.13302264,0.81202114,0.25523117,0.5077241
1.0807195,-0.5402208,-14.966293,0.65052754,0.49051717,-0.5425219,0.20463857
0.8913278,-1.2084218,-15.265182,0.13315146,0.8119767,0.25516552,0.50779444
1.0808647,-0.54042506,-14.966288,0.65048933,0.49050283,-0.5425637,0.20468341
0.8914467,-1.2081059,-15.26513,0.13317823,0.8119831,0.25502324,0.5078486
1.0812871,-0.5403643,-14.966282,0.6504057,0.49048296,-0.5426788,0.20469189
0.8915546,-1.2082372,-15.265083,0.1332599,0.8119652,0.25497487,0.5078801
1.081426,-0.5403051,-14.966276,0.65038383,0.49045622,-0.5427262,0.20469935
0.89209133,-1.2083666,-15.265038,0.13326293,0.81191695,0.25495055,0.5079686
1.0815881,-0.5405644,-14.966269,0.6503648,0.49043536,-0.5427504,0.20474549
0.89217013,-1.2084851,-15.264995,0.13328137,0.81190693,0.2548917,0.5080093
1.0814248,-0.5404902,-14.966263,0.6503436,0.49043587,-0.54278326,0.20472498
0.8918417,-1.2081937,-15.264956,0.13325328,0.8119695,0.25475454,0.5079855
1.0812747,-0.540422,-14.966257,0.6503345,0.49041456,-0.5428192,0.2047094
0.8925324,-1.207486,-15.264861,0.13328326,0.81194323,0.25458378,0.50810516
1.0815506,-0.5403013,-14.966248,0.6502907,0.490379,-0.54291034,0.2046919
0.89261943,-1.2071136,-15.264811,0.1333596,0.81200045,0.25442994,0.5080708
1.0819271,-0.5399936,-14.966243,0.6502415,0.49033305,-0.5430159,0.20467846
0.892697,-1.2073516,-15.264766,0.13351168,0.8120423,0.25435397,0.50800204
1.0820428,-0.5399468,-14.966238,0.65021396,0.49029154,-0.54309374,0.20465888
0.8927663,-1.2075641,-15.264727,0.13358751,0.81214225,0.2541855,0.5079067
1.0825641,-0.5402483,-14.966232,0.65019584,0.49024308,-0.54314834,0.20468752
0.89283484,-1.2072072,-15.264688,0.13360591,0.81223446,0.25404337,0.5078255
1.0827055,-0.54017115,-14.966227,0.6502144,0.4901976,-0.5431678,0.20468609
0.8923547,-1.2068865,-15.264652,0.13360766,0.81234455,0.25393578,0.5077027
1.0828345,-0.5397429,-14.966221,0.65021765,0.49012947,-0.5432441,0.20463647
0.891911,-1.20659,-15.26462,0.1335511,0.81244916,0.25381708,0.50760937
1.0829598,-0.5396879,-14.966216,0.6502525,0.49005508,-0.5432771,0.20461592
0.89201677,-1.206828,-15.26459,0.13353907,0.8124528,0.253814,0.5076084
1.0830923,-0.5400264,-14.96621,0.6502788,0.48999232,-0.54328597,0.20465948
0.8916331,-1.2070422,-15.2645645,0.13358043,0.8124737,0.25379208,0.507575
1.0832319,-0.5403831,-14.966205,0.6502883,0.48995104,-0.54328996,0.20471759
0.8917417,-1.2072356,-15.264541,0.13374974,0.81247884,0.25368154,0.5075774
1.0829444,-0.54029244,-14.9662,0.6503186,0.48988706,-0.54331774,0.20470065
0.8914078,-1.2074106,-15.26452,0.13380598,0.8124609,0.25362137,0.50762147
1.0830795,-0.5406106,-14.966195,0.65035427,0.48983723,-0.5432872,0.20478733
0.89151543,-1.2071588,-15.2645,0.1338443,0.81241846,0.25345126,0.5077642
1.08282,-0.54090023,-14.96619,0.65042216,0.48976302,-0.543235,0.2048877
0.89161336,-1.2069299,-15.264872,0.13374498,0.8124271,0.25330383,0.5078501
1.0829666,-0.5412059,-14.966186,0.6504439,0.48968408,-0.54326326,0.2049325
0.8917115,-1.2067004,-15.264837,0.13364175,0.81239235,0.25324446,0.5079625
1.0830997,-0.54068506,-14.966581,0.65042746,0.48965085,-0.54332525,0.20489973
0.8913295,-1.2059364,-15.265294,0.1334179,0.8124438,0.25302845,0.5080466
1.0832208,-0.5405901,-14.966561,0.6504724,0.48957166,-0.54333293,0.20492601
0.89147496,-1.205689,-15.265763,0.13330144,0.81235117,0.2530028,0.5082381
1.0829711,-0.5405035,-14.966543,0.6504871,0.4895607,-0.54330397,0.20498234
0.89162403,-1.2054354,-15.266245,0.13323626,0.8123188,0.25291646,0.5083499
1.0827427,-0.5404243,-14.966527,0.65049016,0.48955706,-0.5432906,0.20501675
0.89177585,-1.2051772,-15.266734,0.13313578,0.8122141,0.2528971,0.50855315
1.0828587,-0.54035175,-14.966512,0.6504375,0.48952478,-0.54337066,0.20504875
0.8919289,-1.2049168,-15.267228,0.13297458,0.81211,0.25293738,0.5087415
1.082965,-0.5405941,-14.966497,0.6504015,0.4895151,-0.54337394,0.20517726
0.89208156,-1.2046571,-15.26772,0.13289243,0.8120242,0.2529796,0.50887895
1.0830866,-0.5412349,-14.966482,0.6504149,0.489467,-0.5433456,0.20532458
0.8915182,-1.2044291,-15.267455,0.1327827,0.812041,0.2529954,0.50887287
1.0831976,-0.54078245,-14.966469,0.65037256,0.4894778,-0.54339844,0.20529294
0.8924064,-1.204214,-15.267204,0.13268541,0.81194663,0.25301406,0.50903946
1.0829705,-0.5406968,-14.966455,0.6504046,0.489474,-0.54337096,0.20527339
0.8925132,-1.2046993,-15.266984,0.13265626,0.81188303,0.25307596,0.5091177
1.0830745,-0.5409306,-14.966444,0.65039533,0.4894617,-0.5433658,0.20534553
0.8926204,-1.20373,-15.26749,0.13249394,0.81188196,0.25306925,0.509165
1.0831783,-0.5411641,-14.966432,0.6503695,0.4894737,-0.5433472,0.20544825
0.8920227,-1.2035706,-15.267244,0.13244809,0.81186044,0.2531274,0.50918233
1.0832921,-0.54142004,-14.966419,0.6503593,0.4894893,-0.543309,0.20554437
0.89215857,-1.2034242,-15.267017,0.13251427,0.8117837,0.25319737,0.5092527
1.0837604,-0.54094195,-14.966406,0.65021825,0.48952746,-0.5434236,0.20559677
0.8929294,-1.2039459,-15.266817,0.13258962,0.81169486,0.2532491,0.509349
1.0842885,-0.54082495,-14.9663925,0.6501666,0.48949122,-0.54351866,0.20559487
0.89361835,-1.2037882,-15.266638,0.13258784,0.8116347,0.25327972,0.50943005
1.0843712,-0.5407131,-14.966378,0.6501392,0.48946247,-0.54356927,0.20561606
0.89430517,-1.2036309,-15.266459,0.13259025,0.8115678,0.2533782,0.50948703
1.0844555,-0.5410491,-14.966364,0.65015596,0.48948604,-0.54348195,0.20573789
0.8942789,-1.2034835,-15.266293,0.1327292,0.8115887,0.2533777,0.5094178
1.0845352,-0.5409204,-14.966351,0.6501191,0.48944747,-0.5435887,0.20566395
0.89363855,-1.2038423,-15.266013,0.1329688,0.8116582,0.25338858,0.50923926
1.0842698,-0.54029113,-14.966329,0.65008914,0.4893942,-0.5437612,0.20542933
0.8942303,-1.2037033,-15.266471,0.13313675,0.81170607,0.25332662,0.50914985
1.0847297,-0.5402107,-14.966319,0.65007365,0.48932844,-0.54383534,0.20543863
0.89421266,-1.2035757,-15.26633,0.13320552,0.8117967,0.25322947,0.50903565
1.0847878,-0.54013264,-14.96631,0.65008914,0.4892083,-0.5439467,0.2053811
0.8941959,-1.2034544,-15.266196,0.13332689,0.8118568,0.25315675,0.5089441
1.084841,-0.53969246,-14.966302,0.65008634,0.48909503,-0.5441047,0.20524116
0.893658,-1.2032475,-15.265968,0.13355806,0.8120466,0.25291952,0.50869876
1.0849434,-0.54032344,-14.966286,0.65021574,0.4888162,-0.5442033,0.2052342
0.8931812,-1.2031591,-15.265871,0.1336512,0.8121349,0.2527981,0.5085936
1.0849925,-0.5402416,-14.966277,0.6502743,0.48863545,-0.54431176,0.20519158
0.8932188,-1.2030764,-15.2657795,0.13375665,0.81218994,0.2526366,0.5085582
1.0846719,-0.54053247,-14.96627,0.65040255,0.488435,-0.5443698,0.20510788
0.89325273,-1.2034619,-15.2656975,0.13391641,0.8122205,0.25258023,0.5084954
1.084726,-0.5404511,-14.966263,0.6504314,0.48829815,-0.5445105,0.20496915
0.8932835,-1.2038106,-15.265624,0.13407451,0.8122421,0.25247774,0.5084702
1.0847756,-0.54004675,-14.966257,0.65045285,0.48819557,-0.5446259,0.20483863
0.8933113,-1.2041267,-15.265555,0.13414606,0.8122429,0.2524027,0.5084871
1.084821,-0.5399891,-14.966251,0.65045404,0.48806554,-0.54474926,0.20481677
0.89333665,-1.2044141,-15.265494,0.13422807,0.81224835,0.25233242,0.50849175
1.0852414,-0.53992355,-14.966246,0.65040666,0.48797897,-0.54488707,0.20480691
0.89335966,-1.2043011,-15.265438,0.1342273,0.8122714,0.25230256,0.50846994
1.085735,-0.5402966,-14.966238,0.65034676,0.48795846,-0.54493105,0.204929
0.8933807,-1.204198,-15.265388,0.13422664,0.8123117,0.25220028,0.50845635
1.0862951,-0.54072005,-14.96623,0.650356,0.48791316,-0.54491615,0.20504716
0.8934,-1.2041036,-15.265341,0.13430028,0.8123778,0.25209042,0.50838584
1.0862881,-0.5416697,-14.966222,0.6504576,0.48783597,-0.54484,0.2051111
0.89341766,-1.204017,-15.265299,0.13431948,0.8124256,0.25202048,0.5083391
1.0862818,-0.5414856,-14.966215,0.6504671,0.48784298,-0.54484797,0.20504268
0.89343387,-1.2039376,-15.265259,0.13438515,0.8124906,0.2519382,0.5082587
1.0862759,-0.541318,-14.9662075,0.65046704,0.48783597,-0.54487413,0.20499027
0.89344966,-1.2038604,-15.265221,0.13434494,0.8125631,0.25187728,0.5081836
1.0868353,-0.5411392,-14.966201,0.6504858,0.48780707,-0.5448874,0.2049642
0.8934659,-1.2037811,-15.265182,0.1343341,0.8126281,0.2518214,0.5081103
1.0867977,-0.5409776,-14.966194,0.6505182,0.4877668,-0.5448969,0.204932
0.8931717,-1.2040173,-15.265145,0.13434647,0.8125905,0.25192592,0.5081153
1.0862479,-0.5418649,-14.9661875,0.65063804,0.48776606,-0.54471093,0.20504774
0.89319485,-1.2039409,-15.265112,0.13432613,0.8125524,0.25193772,0.50817573
1.0867832,-0.5422032,-14.966182,0.65061665,0.48775193,-0.5446932,0.20519596
0.89349496,-1.2041495,-15.265081,0.13431934,0.8124391,0.25200891,0.5083233
1.0867484,-0.5425266,-14.966176,0.6506433,0.4877765,-0.5445951,0.20531352
0.89350694,-1.2040769,-15.265054,0.13425924,0.8123531,0.25208873,0.50843704
1.086198,-0.54281634,-14.966171,0.6506806,0.48781583,-0.5444915,0.20537657
0.8935179,-1.2040098,-15.265028,0.13418506,0.81232035,0.252063,0.5085217
1.0861967,-0.5425835,-14.9661665,0.6506536,0.48785543,-0.54449844,0.20534971
0.8935281,-1.2041869,-15.265004,0.13414496,0.81226385,0.25208694,0.5086106
1.0861953,-0.5423738,-14.966164,0.65062106,0.4879367,-0.5444601,0.2053615
0.8935376,-1.204351,-15.264982,0.13408455,0.81216985,0.2521572,0.50874186
1.0861942,-0.54262924,-14.96616,0.65058446,0.48797977,-0.5444185,0.20548531
0.8935464,-1.2042873,-15.264961,0.13399369,0.8121067,0.25219685,0.5088468
1.0861932,-0.54286474,-14.966156,0.650556,0.48800367,-0.54438907,0.20559646
0.8935545,-1.2042282,-15.265146,0.13385805,0.81203717,0.25224426,0.50897014
1.0861921,-0.54309946,-14.966153,0.6505263,0.48802438,-0.54437894,0.20566806
0.8937793,-1.2041671,-15.265121,0.13381448,0.811929,0.25227755,0.5091377
1.0866679,-0.5428603,-14.966149,0.65045524,0.48804283,-0.5444386,0.20569113
0.89378285,-1.2041036,-15.265096,0.13375199,0.81185216,0.25229257,0.5092691
1.0871016,-0.5421851,-14.9661455,0.650325,0.48807555,-0.5445635,0.2056948
0.8940801,-1.2040248,-15.265064,0.13369597,0.8117517,0.25235713,0.5094119
1.0870595,-0.5420086,-14.966144,0.6503043,0.48804405,-0.54462355,0.2056757
0.8944357,-1.2039305,-15.265027,0.13361618,0.8116527,0.25237456,0.5095819
1.0870214,-0.5418484,-14.966141,0.65025544,0.48802915,-0.5446943,0.20567837
0.89441615,-1.2038376,-15.264989,0.13356411,0.811577,0.25242543,0.50969094
1.0869867,-0.5417028,-14.966139,0.6501865,0.48800832,-0.54478616,0.20570245
0.8947749,-1.2041243,-15.264953,0.13351122,0.8114644,0.2525315,0.5098316
1.0869548,-0.54194427,-14.966136,0.6501899,0.48794538,-0.54481107,0.205775
0.89518934,-1.204001,-15.264911,0.13347262,0.81138134,0.25260648,0.50993663
1.0869257,-0.5418084,-14.966134,0.65014714,0.48788863,-0.5448783,0.20586644
0.8956517,-1.2038634,-15.264864,0.13344605,0.81128436,0.25268823,0.51005733
1.0873206,-0.5420795,-14.966131,0.65011245,0.48782173,-0.5449295,0.20599934
0.8961039,-1.20428,-15.264818,0.13340884,0.81116444,0.25280544,0.51019967
1.0877676,-0.5423866,-14.966129,0.6500718,0.48771155,-0.5450136,0.20616567
0.8965897,-1.2040994,-15.264769,0.13328536,0.81091726,0.2530161,0.51052046
1.0876844,-0.54267323,-14.966126,0.650048,0.4876282,-0.5450276,0.20640089
0.89707744,-1.2039181,-15.265394,0.13309488,0.8106475,0.25330067,0.5108573
1.0876061,-0.5429431,-14.966125,0.65009326,0.4875354,-0.5449597,0.20665692
0.8975672,-1.2037362,-15.266022,0.1329388,0.8103367,0.2536368,0.51122415
1.0880983,-0.543241,-14.966123,0.65003973,0.4875082,-0.54496944,0.20686342
0.89802265,-1.2042998,-15.266604,0.13286668,0.8100582,0.25404173,0.5114831
1.0879836,-0.5435175,-14.96612,0.6500385,0.48752442,-0.5448926,0.20703147
0.8984785,-1.2040699,-15.267189,0.13267638,0.8098685,0.25428697,0.511711
1.0878767,-0.54377556,-14.966118,0.6500564,0.48754224,-0.5447983,0.20718104
0.8989288,-1.2038426,-15.267766,0.13254268,0.80970657,0.2545065,0.5118928
1.088409,-0.5440526,-14.966115,0.6500339,0.48757333,-0.5447702,0.20725265
0.8993435,-1.2044977,-15.268298,0.13254903,0.8095732,0.2547533,0.5119794
1.0882635,-0.54430187,-14.966737,0.6500456,0.48759967,-0.544734,0.2072493
0.89921594,-1.2039664,-15.269256,0.13245445,0.8095601,0.2548639,0.5119695
1.0885978,-0.5429477,-14.967855,0.6500437,0.48777458,-0.5446414,0.20708722
0.8987584,-1.2037543,-15.269638,0.1324438,0.8096372,0.25486946,0.51184756
1.0884532,-0.5426694,-14.968324,0.6500791,0.4878834,-0.54451936,0.20704034
0.8983614,-1.2043604,-15.26997,0.13248034,0.8096694,0.2548693,0.5117872
1.0883238,-0.54242074,-14.968741,0.65005714,0.48802713,-0.5444226,0.20702505
0.89876574,-1.2041383,-15.270259,0.13247128,0.80968875,0.25478756,0.5117996
1.088208,-0.5421979,-14.969115,0.6500461,0.48813492,-0.5443497,0.20699747
0.89840686,-1.2046568,-15.270512,0.13245952,0.8097117,0.25476286,0.5117786
1.0881039,-0.54199755,-14.968961,0.6500266,0.4882883,-0.5442186,0.2070413
0.89809126,-1.2044355,-15.270735,0.13240555,0.80976033,0.2546628,0.5117655
1.0875431,-0.54181695,-14.968821,0.6500197,0.48844367,-0.54406464,0.20710136
0.89848095,-1.2035393,-15.270945,0.13231322,0.80973357,0.2545392,0.51189315
1.0879233,-0.54165375,-14.968694,0.6499487,0.48859832,-0.5439704,0.20720655
0.89887387,-1.2033821,-15.271157,0.13227364,0.80966747,0.25443903,0.5120578
1.0878464,-0.54192716,-14.96858,0.6499088,0.48875368,-0.5438204,0.20735921
0.89850897,-1.2032444,-15.270634,0.13217755,0.80964535,0.2543483,0.5121625
1.0877767,-0.5421755,-14.968476,0.6498727,0.4889161,-0.5436642,0.20749883
0.8988616,-1.2031233,-15.270173,0.13199635,0.80957955,0.25421205,0.51238084
1.0877131,-0.5427818,-14.968381,0.6498742,0.48902494,-0.54350543,0.20765375
0.89991486,-1.2030048,-15.269722,0.13186239,0.80948305,0.25399485,0.5126754
1.0880164,-0.5426126,-14.968294,0.6497628,0.4891891,-0.543412,0.20786011
0.90019435,-1.202149,-15.269286,0.13169238,0.8094361,0.25377604,0.51290166
1.0882937,-0.5424579,-14.968215,0.6496386,0.4893878,-0.54331297,0.20803945
0.90046704,-1.201314,-15.26886,0.13149787,0.8094234,0.25348887,0.51311356
1.0882217,-0.5419902,-14.9681425,0.6495595,0.48959643,-0.54319775,0.20809639
0.900733,-1.2004998,-15.268444,0.13134006,0.80938905,0.25324714,0.51332736
1.0881555,-0.54187065,-14.968076,0.6494601,0.48976162,-0.54311967,0.20822173
0.90190715,-1.2005959,-15.26803,0.13135527,0.80931234,0.25292397,0.51360357
1.0880948,-0.54146653,-14.968015,0.64938796,0.48994586,-0.5430135,0.20829017
0.90312535,-1.1996542,-15.267601,0.1312039,0.80910736,0.25284258,0.5140053
1.0877594,-0.5416534,-14.967679,0.6493733,0.4901956,-0.54266745,0.20864995
0.90317124,-1.1987963,-15.267209,0.131,0.8090038,0.25289243,0.51419586
1.0877155,-0.5415602,-14.967369,0.6492143,0.49052364,-0.54241306,0.2090345
0.9044014,-1.1979468,-15.266821,0.13090672,0.8088798,0.25293976,0.51439136
1.0879272,-0.54147404,-14.967336,0.6490643,0.49077162,-0.5422094,0.20944636
0.90550977,-1.198399,-15.266471,0.13088335,0.808761,0.25301966,0.5145448
1.0878835,-0.5413944,-14.967304,0.6489779,0.49108294,-0.54196674,0.20961244
0.9052728,-1.198774,-15.266181,0.1309758,0.8085966,0.2533941,0.5145954
1.0876153,-0.5413207,-14.967275,0.6490476,0.4913025,-0.5416743,0.20963775
0.9062437,-1.1991119,-15.26592,0.13105267,0.8084322,0.25373185,0.5146677
1.0875828,-0.54125226,-14.967247,0.6489669,0.49148846,-0.54153293,0.20981704
0.9071241,-1.1994183,-15.265682,0.13117108,0.8082716,0.2540174,0.51474893
1.0875527,-0.5411887,-14.967223,0.64889455,0.49166542,-0.54139787,0.20997468
0.9079162,-1.1996939,-15.265469,0.1312372,0.8081291,0.25429255,0.51482
1.0875245,-0.5413248,-14.967199,0.64884615,0.4917534,-0.5413366,0.21007623
0.9073689,-1.1987196,-15.265293,0.13116151,0.80817217,0.25441673,0.51471025
1.0874975,-0.54145616,-14.967177,0.6489019,0.49176833,-0.5412603,0.21006599
0.90691394,-1.199052,-15.266289,0.13125268,0.8081922,0.2544747,0.5146269
1.0874709,-0.5413926,-14.9671545,0.6489246,0.49179497,-0.5412963,0.20984024
0.9076213,-1.1993313,-15.267127,0.13148095,0.8081444,0.2545246,0.514619
1.0874449,-0.5411381,-14.9671335,0.6489723,0.49176788,-0.54137367,0.20955627
0.9071817,-1.1995667,-15.267832,0.13155015,0.80825305,0.25456873,0.5144089
1.0874194,-0.54108095,-14.967113,0.6491202,0.4916927,-0.5413395,0.20936288
0.9077927,-1.2007498,-15.268429,0.13169603,0.80829597,0.25460795,0.5142845
1.0872022,-0.5410249,-14.967092,0.6492478,0.4916342,-0.54129434,0.2092216
0.9073793,-1.2017587,-15.268004,0.13181189,0.80841506,0.25466892,0.5140374
1.0871816,-0.5411622,-14.967072,0.6493911,0.49149498,-0.54123235,0.20926411
0.90702474,-1.2026241,-15.267641,0.13192716,0.8085221,0.2546986,0.5138249
1.0871613,-0.5412968,-14.9670515,0.64950305,0.49149352,-0.54109466,0.20927615
0.906719,-1.2025268,-15.26817,0.13205552,0.80861926,0.2546488,0.5136636
1.0869492,-0.5416209,-14.967032,0.6497096,0.49141014,-0.54090923,0.20931008
0.9064541,-1.2032437,-15.267827,0.1320766,0.80883884,0.2544665,0.5134027
1.0867414,-0.5413618,-14.967014,0.6497436,0.49209487,-0.54026586,0.20925754
0.90546227,-1.2023458,-15.2675295,0.13199511,0.80908215,0.25415885,0.51319265
1.0865377,-0.54110795,-14.966995,0.6498142,0.4929372,-0.53945625,0.20914476
0.9045946,-1.2022834,-15.267269,0.13189031,0.80930686,0.2539535,0.51296693
1.086146,-0.54085916,-14.966976,0.6499424,0.49386373,-0.5385167,0.20898168
0.9045192,-1.2022285,-15.26704,0.13182428,0.80941844,0.25377506,0.5128962
1.0852762,-0.5404911,-14.966949,0.65013295,0.49501115,-0.5372827,0.2088506
0.90445274,-1.2021801,-15.266838,0.131735,0.80953574,0.253622,0.51280963
1.0845948,-0.54076624,-14.966918,0.65041244,0.49611747,-0.5358497,0.20903683
0.90377396,-1.2021374,-15.266659,0.13161437,0.8096467,0.2534924,0.51272947
1.0837138,-0.5406421,-14.966396,0.65058094,0.4972902,-0.5344982,0.20918567
0.9037597,-1.2020993,-15.2664995,0.13155188,0.8097395,0.2533705,0.5126593
1.082688,-0.54049754,-14.966378,0.65066314,0.49838975,-0.5333537,0.20923463
0.9031874,-1.2015059,-15.266357,0.13145763,0.8098642,0.25322536,0.5125581
1.0806255,-0.53953516,-14.966354,0.6507951,0.49934307,-0.5323364,0.20914157
0.9026754,-1.2015065,-15.265699,0.13139595,0.8099578,0.25311166,0.5124821
1.0782743,-0.538438,-14.966328,0.6507983,0.5002087,-0.5315739,0.2090024
0.9022159,-1.201002,-15.265614,0.13129559,0.8100369,0.25302678,0.5124249
1.075779,-0.5372737,-14.966298,0.6508684,0.5011635,-0.53060645,0.20895523
0.9018023,-1.2010276,-15.265536,0.13127056,0.8100897,0.25298768,0.5123671
1.0718696,-0.5374138,-14.966269,0.6510816,0.5020368,-0.52945,0.20912781
0.90142894,-1.2010509,-15.265466,0.1311944,0.81013155,0.25295606,0.512336
1.0696831,-0.53754395,-14.964795,0.65120995,0.502741,-0.52854705,0.20932074
0.90152407,-1.2010719,-15.264969,0.13113897,0.8101598,0.25293526,0.5123158
1.0677049,-0.53766173,-14.963462,0.6512797,0.5035438,-0.52767915,0.20936401
0.90119904,-1.2010908,-15.264931,0.13105586,0.81020087,0.2529188,0.51228034
1.0641752,-0.53607297,-14.963925,0.65154374,0.5042957,-0.5267625,0.20904079
0.9009035,-1.2007174,-15.264895,0.13097432,0.8102351,0.25289008,0.5122612
1.05902,-0.5346082,-14.964353,0.6517324,0.50494236,-0.52601093,0.20878403
0.90063417,-1.2007483,-15.264864,0.13092904,0.81025994,0.25290707,0.51222515
1.0566792,-0.53337723,-14.964712,0.6517802,0.5055195,-0.52547604,0.20858465
0.9003882,-1.2007765,-15.264834,0.13089597,0.810265,0.25295132,0.5122037
1.0548642,-0.53631836,-14.96499,0.6520024,0.5057207,-0.5248972,0.20885982
0.90049803,-1.2008022,-15.264807,0.13088392,0.81025606,0.25298575,0.51220393
1.0533895,-0.5367232,-14.963231,0.65201217,0.5059614,-0.52461743,0.20894906
0.9002805,-1.2011441,-15.264783,0.13088955,0.8102624,0.2530396,0.51216584
1.0522008,-0.5370496,-14.961814,0.6520714,0.5061905,-0.5243792,0.20880769
0.8997784,-1.2008535,-15.26476,0.13086635,0.8102805,0.25305653,0.5121347
1.0512571,-0.5352835,-14.962714,0.6519443,0.50622106,-0.52459604,0.2085857
0.89960355,-1.2005861,-15.264739,0.13086782,0.81028366,0.25305697,0.5121291
1.048353,-0.53382194,-14.963459,0.65197664,0.5061114,-0.524914,0.2079497
0.89944243,-1.2006125,-15.26472,0.13087632,0.81029826,0.25308156,0.5120917
1.0482163,-0.5306247,-14.964027,0.65176564,0.5060609,-0.5253415,0.20765439
0.8992826,-1.2006387,-15.264702,0.13088666,0.81031114,0.25310373,0.51205766
1.0481135,-0.5322175,-14.964457,0.65181553,0.50586206,-0.52547544,0.20764345
0.8988164,-1.2009654,-15.264682,0.13093059,0.81032425,0.25314054,0.5120076
1.0480345,-0.5334406,-14.964785,0.65176445,0.50571597,-0.52563024,0.20776752
0.89866865,-1.2012726,-15.264663,0.13098389,0.81032985,0.25318006,0.5119656
1.047973,-0.5343936,-14.96504,0.65188235,0.5053888,-0.52580994,0.20773916
0.8980758,-1.2012826,-15.26424,0.13103604,0.8103538,0.25319543,0.5119066
1.0479245,-0.5351443,-14.965242,0.6518566,0.504956,-0.5263194,0.20758237
0.89789456,-1.2012929,-15.264233,0.1310903,0.81037146,0.25319743,0.5118638
1.0496516,-0.53748393,-14.965397,0.6518511,0.50447226,-0.52676976,0.20763335
0.8977117,-1.2013031,-15.264224,0.13115767,0.81039786,0.25318256,0.51181203
1.0509912,-0.5359466,-14.965517,0.65185386,0.5038928,-0.52746654,0.20726264
0.896978,-1.2013148,-15.2642145,0.13122152,0.8104313,0.25316212,0.51175284
1.0504497,-0.5347408,-14.9656105,0.65190166,0.50349814,-0.5279114,0.20693837
0.8968138,-1.2018431,-15.264207,0.13132134,0.81046987,0.2531291,0.5116825
1.0500205,-0.5368102,-14.965686,0.65201396,0.5030488,-0.5282312,0.20686144
0.8966583,-1.2023435,-15.264198,0.13149734,0.8105439,0.25304666,0.51156086
1.0511138,-0.5370298,-14.965746,0.6520221,0.50240374,-0.52890694,0.2066767
0.8965006,-1.2028509,-15.263635,0.13170636,0.81067747,0.25290796,0.51136386
1.0506321,-0.53720725,-14.965794,0.65208006,0.501968,-0.5292859,0.20658226
0.89569795,-1.202763,-15.263663,0.13195352,0.8108965,0.25266623,0.5110724
1.0515364,-0.5386487,-14.965833,0.65203613,0.50155395,-0.5297241,0.20660333
0.8955752,-1.2026765,-15.263023,0.13233444,0.8111113,0.2524191,0.51075506
1.0522796,-0.5373694,-14.965865,0.6519794,0.50127125,-0.5301528,0.20636901
0.89545524,-1.2032923,-15.2624,0.13275516,0.8113245,0.2521825,0.5104241
1.0528951,-0.5374802,-14.965892,0.65199953,0.5009541,-0.53044695,0.20631962
0.89451,-1.2039572,-15.261724,0.13315184,0.8116161,0.25193676,0.50997823
1.0522966,-0.5386845,-14.964802,0.65207446,0.50069696,-0.5306098,0.20628831
0.8935814,-1.2046105,-15.261937,0.13355535,0.8118712,0.25172737,0.50957
1.0528502,-0.5396963,-14.964943,0.652157,0.5003836,-0.5308325,0.20621438
0.8926344,-1.2052766,-15.261172,0.13398111,0.81216264,0.25151372,0.50909907
1.0523148,-0.53954834,-14.965063,0.6521755,0.5001929,-0.531062,0.20602758
0.89171845,-1.2048625,-15.260432,0.13430464,0.81241995,0.25128415,0.5087165
1.0528126,-0.54037577,-14.965163,0.6521715,0.49998373,-0.5312789,0.20598893
0.8908352,-1.2056102,-15.259719,0.13472807,0.8126733,0.2510564,0.5083122
1.0541443,-0.54108393,-14.96525,0.6521368,0.49980193,-0.531497,0.20597702
0.8886517,-1.206357,-15.259006,0.1350535,0.8129102,0.25088447,0.5079317
1.0544298,-0.5408329,-14.965325,0.6521087,0.49967933,-0.53169864,0.20584314
0.88656723,-1.2070701,-15.258325,0.13536566,0.8131267,0.25060415,0.5076404
1.0546768,-0.54061574,-14.96539,0.6521115,0.49957097,-0.53186935,0.20565617
0.8830808,-1.207729,-15.259256,0.13559413,0.8136777,0.25005788,0.50696546
1.0548915,-0.54120344,-14.965446,0.6521359,0.4995877,-0.53183097,0.20563732
0.8832725,-1.2082566,-15.260002,0.13597146,0.81398726,0.24957784,0.5066039
1.0550789,-0.5417167,-14.965496,0.6521926,0.49959445,-0.5317885,0.2055512
0.88194066,-1.2072089,-15.260633,0.13607273,0.81437254,0.24910304,0.5061911
1.0552433,-0.5407653,-14.965539,0.65219784,0.49966335,-0.5317868,0.20537113
0.8823023,-1.2078056,-15.259691,0.13604158,0.81443423,0.24904084,0.50613075
1.0553881,-0.5412589,-14.965576,0.6522466,0.4996909,-0.5316948,0.20538782
0.881148,-1.2068502,-15.260356,0.13592689,0.81439143,0.24907318,0.5062145
1.0555161,-0.54043037,-14.96561,0.65224504,0.49973544,-0.5316662,0.20535833
0.880167,-1.2060382,-15.26092,0.13577534,0.81431395,0.24912778,0.50635296
1.0556298,-0.5402959,-14.965639,0.652295,0.49977937,-0.5315584,0.2053719
0.882157,-1.2067742,-15.259984,0.1358611,0.81404144,0.24935058,0.5066584
1.055731,-0.5407469,-14.965666,0.6523536,0.49978077,-0.5314369,0.20549667
0.8824536,-1.206052,-15.260544,0.13571087,0.8138728,0.24947172,0.50690985
1.0558214,-0.5406077,-14.96569,0.65237427,0.49981934,-0.531353,0.2055539
0.8814421,-1.2067145,-15.2597475,0.13572645,0.81372374,0.24969074,0.5070371
1.0559025,-0.54048294,-14.965711,0.6523864,0.4998469,-0.5313028,0.20557831
0.88179845,-1.20607,-15.2602825,0.13564612,0.8135618,0.24983212,0.5072487
1.0559754,-0.5408601,-14.965729,0.65241987,0.4998572,-0.5312197,0.20566201
0.88090426,-1.2067075,-15.259547,0.13553044,0.8134926,0.2500378,0.5072893
1.0555762,-0.5412002,-14.965747,0.6524561,0.499846,-0.5311672,0.20570974
0.8813185,-1.2084116,-15.258927,0.1355851,0.8133167,0.25022897,0.5074624
1.0552154,-0.5406243,-14.965762,0.6524531,0.49986765,-0.5311598,0.20568556
0.8827731,-1.208725,-15.258411,0.13562676,0.81317526,0.25031888,0.5076337
1.0557274,-0.540522,-14.965776,0.6524213,0.4998596,-0.53117126,0.20577651
0.8829422,-1.2089883,-15.2579775,0.1356053,0.81305265,0.25049466,0.507749
1.0557941,-0.540429,-14.96539,0.6523862,0.4998839,-0.53114665,0.20589256
0.8840859,-1.2092111,-15.25761,0.13566513,0.81287885,0.25067404,0.5079227
1.0562334,-0.5403443,-14.965417,0.65233535,0.49985713,-0.53119206,0.20600134
0.88410866,-1.2103515,-15.2572975,0.13576542,0.8127357,0.25080627,0.50805986
1.0562747,-0.540267,-14.965442,0.65232104,0.4998218,-0.5312323,0.20602857
0.8850312,-1.2104244,-15.2570305,0.13578176,0.81260395,0.25092617,0.50820696
1.0563123,-0.5405381,-14.965464,0.6523011,0.4997887,-0.5312573,0.20610766
0.8849674,-1.2104872,-15.256801,0.13572955,0.81248355,0.25114012,0.5083077
1.0566715,-0.5404618,-14.965486,0.65227467,0.49974182,-0.5313023,0.20618875
0.8857272,-1.2105416,-15.256601,0.13576116,0.81233865,0.2512685,0.5084674
1.0566927,-0.54039174,-14.965504,0.6522674,0.4996898,-0.5313556,0.20620033
0.88561356,-1.2105888,-15.256428,0.13575572,0.8122236,0.25141716,0.50857896
1.0570053,-0.5400343,-14.965522,0.6522372,0.49963665,-0.5314332,0.20622478
0.88550836,-1.2106326,-15.256267,0.1357439,0.81209564,0.25160387,0.50869423
1.0570148,-0.54026186,-14.965538,0.65223086,0.49956504,-0.53149277,0.20626472
0.88607997,-1.2107095,-15.255985,0.13572438,0.81182736,0.2518915,0.5089852
1.0572829,-0.5406657,-14.965316,0.6521879,0.49942034,-0.53165734,0.20632693
0.8866668,-1.2114594,-15.25587,0.13577814,0.8116562,0.2520816,0.50914973
1.0575229,-0.5408451,-14.965335,0.6521543,0.49933895,-0.53177214,0.20633407
0.88718253,-1.2114359,-15.255769,0.13581163,0.81152505,0.25219142,0.50929534
1.0577451,-0.54078454,-14.965352,0.6521152,0.49923936,-0.5319239,0.20630781
0.8876377,-1.2120638,-15.25568,0.13585475,0.81139594,0.25234902,0.50941145
1.0579513,-0.54072845,-14.965369,0.6520852,0.499153,-0.5320496,0.20628725
0.88805705,-1.2126422,-15.255598,0.13591129,0.81128085,0.252474,0.5095178
1.0581428,-0.5408809,-14.96518,0.65206206,0.49905434,-0.5321765,0.20627174
0.88903767,-1.2131552,-15.255525,0.13598879,0.8111498,0.25262108,0.50963295
1.0583209,-0.5408283,-14.9651985,0.6520178,0.49891186,-0.532384,0.2062209
0.8899353,-1.2136246,-15.255458,0.13607347,0.8110064,0.25277865,0.5097603
1.0586857,-0.5407773,-14.965217,0.6519532,0.4986601,-0.53272647,0.20614947
0.8907892,-1.2140713,-15.255395,0.13614956,0.81088954,0.2529041,0.5098638
1.059043,-0.5409196,-14.965234,0.6518977,0.49831745,-0.53314793,0.20606415
0.8916956,-1.2152286,-15.255328,0.13624084,0.8107625,0.25304756,0.5099702
1.0593934,-0.541059,-14.965059,0.65183765,0.4978973,-0.5336538,0.20596032
0.8925697,-1.2156353,-15.255263,0.13628736,0.810664,0.2531274,0.51007473
1.0598347,-0.54098755,-14.965085,0.6517381,0.49744588,-0.534307,0.2056721
0.89266497,-1.2153194,-15.255206,0.13629618,0.8106027,0.25318173,0.5101428
1.060044,-0.54119086,-14.965115,0.65176404,0.49697712,-0.5348234,0.2053811
0.8933894,-1.2150402,-15.255156,0.13628462,0.8105472,0.2531921,0.510229
1.0611503,-0.5410676,-14.965156,0.6516471,0.49649215,-0.5355773,0.20496024
0.8941004,-1.2154394,-15.255106,0.13628368,0.8104874,0.25323927,0.5103008
1.0619316,-0.5409262,-14.965202,0.65163285,0.49606115,-0.5361752,0.20448536
0.894089,-1.2151526,-15.255063,0.13625608,0.8104538,0.25326052,0.51035106
1.0621985,-0.5407853,-14.965249,0.6516728,0.49573082,-0.53662384,0.20398167
0.8940788,-1.2148982,-15.255024,0.13622436,0.81041646,0.25327006,0.510414
1.0630888,-0.5406299,-14.965301,0.65166676,0.49548122,-0.5371052,0.20333946
0.8952243,-1.2146717,-15.255568,0.13618356,0.81034654,0.25329962,0.5105211
1.063336,-0.5410953,-14.965351,0.6517461,0.49527174,-0.53738624,0.2028523
0.8956988,-1.2144696,-15.256052,0.13612133,0.8102934,0.25330248,0.51062065
1.0635648,-0.5403079,-14.965398,0.65169585,0.49525356,-0.53775007,0.20209241
0.8961238,-1.2148095,-15.256486,0.13603145,0.81021404,0.2533861,0.5107291
1.0645,-0.54016185,-14.965447,0.6516784,0.49525586,-0.537945,0.2016241
0.8965057,-1.2146199,-15.256876,0.13575879,0.81010175,0.2536909,0.51082844
1.0654562,-0.53925043,-14.965498,0.65160835,0.49583235,-0.5382539,0.19959852
0.8963796,-1.2139789,-15.257697,0.13544038,0.8100386,0.25398046,0.5108692
1.0648444,-0.53772926,-14.965543,0.6515587,0.49641648,-0.53851837,0.19758518
0.8962656,-1.2142931,-15.257993,0.13515669,0.8099665,0.25433162,0.510884
1.0649947,-0.53708076,-14.965581,0.6514917,0.49699262,-0.53865963,0.19596621
0.89616245,-1.2141534,-15.258685,0.1348401,0.8099409,0.25465685,0.5108462
1.0651348,-0.5357872,-14.965618,0.6513097,0.4975693,-0.53891224,0.19440688
0.89606875,-1.2136234,-15.259314,0.13452537,0.8099314,0.25495034,0.51079774
1.0652685,-0.5352615,-14.9656515,0.65118563,0.49816996,-0.5390092,0.19301069
0.89598346,-1.213524,-15.259887,0.1342086,0.80991185,0.25528854,0.5107432
1.064712,-0.5347989,-14.965682,0.6510918,0.49868616,-0.5391,0.19173616
0.8959056,-1.2134333,-15.260045,0.13388331,0.8099034,0.2556417,0.5106653
1.0642204,-0.53439033,-14.96571,0.651039,0.49917564,-0.53914374,0.1905151
0.8958345,-1.2133504,-15.260189,0.13356493,0.80988175,0.2560445,0.51058125
1.0637845,-0.53402805,-14.965733,0.65093297,0.49962577,-0.5391864,0.18957439
0.89576936,-1.2132745,-15.260322,0.13323109,0.8098679,0.2564423,0.5104907
1.0633966,-0.53370565,-14.965754,0.6508179,0.5000176,-0.5392395,0.18878406
0.89570963,-1.2132049,-15.260443,0.13287996,0.80983084,0.2568295,0.5104465
1.0636004,-0.5334163,-14.965773,0.65072197,0.50026035,-0.5393814,0.18806444
0.8953584,-1.2128445,-15.260554,0.13241766,0.8098481,0.25720507,0.5103501
1.0632367,-0.53258276,-14.96579,0.6506625,0.5004697,-0.5395288,0.18728904
0.895598,-1.2127942,-15.260657,0.13204153,0.80967724,0.25767836,0.5104799
1.0629097,-0.5323658,-14.965807,0.6506547,0.50051254,-0.5396372,0.18688895
0.8955515,-1.2127479,-15.260753,0.13166966,0.8094941,0.25809228,0.5106573
1.0631651,-0.53152347,-14.965824,0.65051204,0.5005799,-0.5399103,0.18641567
0.89571667,-1.2124242,-15.261163,0.13085337,0.8089383,0.25917506,0.5111991
1.0636925,-0.5304919,-14.96586,0.65028924,0.50025576,-0.5406556,0.18590242
0.895668,-1.2126503,-15.261503,0.1306112,0.8085436,0.25973818,0.5115995
1.0639566,-0.5295634,-14.965879,0.65013045,0.50003684,-0.54115325,0.18559863
0.89594185,-1.2125974,-15.261927,0.130213,0.80809444,0.26023537,0.51215774
1.0642045,-0.5294891,-14.965897,0.650025,0.4996451,-0.5416869,0.18546583
0.89673877,-1.2129744,-15.262471,0.1300582,0.8074843,0.26089144,0.5128252
1.0653746,-0.52850074,-14.965915,0.6497906,0.49925578,-0.54238975,0.1852818
0.89770126,-1.2134298,-15.263128,0.12990472,0.80692476,0.26151037,0.5134293
1.0664805,-0.5285172,-14.965931,0.649619,0.4987971,-0.54305017,0.18518414
0.8987787,-1.2132692,-15.263864,0.12976323,0.8064657,0.26192734,0.51397336
1.0665312,-0.52644205,-14.965947,0.6493824,0.49836728,-0.5438838,0.184724
0.89995694,-1.2138817,-15.2646675,0.12975666,0.80605376,0.2623921,0.5143841
1.0665753,-0.5266784,-14.965961,0.6493235,0.4978214,-0.5444281,0.18479969
0.9011943,-1.2145249,-15.265512,0.12976831,0.80569977,0.2629263,0.5146629
1.0675825,-0.5278488,-14.965975,0.649166,0.4972742,-0.54501665,0.18509147
0.9024254,-1.2141752,-15.266353,0.12976004,0.8054353,0.26328427,0.5148959
1.0684942,-0.5279319,-14.965986,0.6491252,0.4967005,-0.545566,0.18515606
0.9036383,-1.2149175,-15.2671795,0.12987664,0.80524904,0.26359373,0.51499945
1.0692723,-0.5289303,-14.965996,0.64905965,0.49621665,-0.54602116,0.18534161
0.9036264,-1.2167981,-15.269141,0.13011903,0.8051098,0.26404464,0.5149248
1.0710331,-0.5289029,-14.967007,0.6491064,0.49417335,-0.5479137,0.1850523
0.9049143,-1.217331,-15.271054,0.13022187,0.8048503,0.26429737,0.51517487
1.072817,-0.5277423,-14.968031,0.64908475,0.49234593,-0.54975575,0.18453479
0.9061247,-1.217832,-15.272852,0.13024136,0.8046642,0.26452327,0.5153446
1.0759484,-0.52655786,-14.969077,0.6489702,0.49048123,-0.55176383,0.18390937
0.90722847,-1.2182888,-15.27449,0.13030927,0.8045389,0.26470998,0.5154273
1.0788476,-0.52686614,-14.971449,0.649001,0.48876476,-0.55338657,0.18349393
0.9082398,-1.2187073,-15.277633,0.13042612,0.804692,0.2648991,0.51506144
1.0814857,-0.5271467,-14.973608,0.64879614,0.4872864,-0.5550042,0.18326499
0.90910894,-1.2207676,-15.278632,0.13085705,0.80483466,0.2652276,0.51456
1.0837432,-0.5289045,-14.975456,0.64858496,0.48645717,-0.55594486,0.18336408
0.9098461,-1.2225152,-15.279481,0.1312108,0.8051389,0.26542422,0.5138922
1.0873842,-0.53048104,-14.977113,0.64840275,0.48612568,-0.5564333,0.18340604
0.90872055,-1.2239141,-15.28016,0.13153481,0.8055642,0.26553953,0.5130826
1.0888566,-0.530163,-14.97855,0.64844644,0.48631144,-0.5562469,0.18332478
0.90780956,-1.2250464,-15.280709,0.13187386,0.80593103,0.2657795,0.5122947
1.0901128,-0.5298917,-14.979776,0.64854723,0.48677397,-0.5557575,0.18322456
0.90706664,-1.2259698,-15.2811575,0.13211271,0.8063856,0.2659664,0.51141995
1.0894207,-0.5296767,-14.980747,0.64882565,0.4874356,-0.5549174,0.18302624
0.9048946,-1.2266942,-15.281509,0.13226329,0.80683345,0.2662802,0.5105105
1.0888648,-0.52950406,-14.981528,0.6492375,0.4881142,-0.5538683,0.18293469
0.9031723,-1.2287784,-15.281789,0.1324621,0.8072418,0.26662567,0.5096324
1.0868653,-0.52936804,-14.982142,0.6496346,0.48887134,-0.55275387,0.18287428
0.90179306,-1.2290132,-15.282012,0.13263635,0.80761045,0.26691705,0.50885004
1.0852743,-0.5277761,-14.982632,0.64998585,0.48965776,-0.55170685,0.18268378
0.9006783,-1.2319279,-15.28083,0.13293149,0.8079102,0.2673355,0.50807697
1.0839962,-0.5293163,-14.983025,0.650408,0.49027136,-0.5506028,0.18286647
0.89847505,-1.2330099,-15.279867,0.13308512,0.80826324,0.2676955,0.50728506
1.081621,-0.5278868,-14.983343,0.65077364,0.49090633,-0.5496979,0.18258391
0.89789337,-1.2338996,-15.279075,0.13321456,0.8085815,0.26806557,0.5065478
1.0809511,-0.5292622,-14.982331,0.65120065,0.49149776,-0.5485952,0.18278684
0.8950754,-1.2346367,-15.27725,0.13329749,0.8093268,0.2681626,0.5052828
1.0779818,-0.5291874,-14.981498,0.6520638,0.49243906,-0.54664105,0.18303064
0.8927236,-1.2352517,-15.275727,0.1332564,0.8099395,0.26817068,0.50430673
1.0743676,-0.5291252,-14.980805,0.6527887,0.49315202,-0.5450643,0.18322928
0.88969314,-1.2357686,-15.274448,0.1332605,0.81053376,0.2681607,0.5033553
1.0724349,-0.5301639,-14.980226,0.6533376,0.49364954,-0.5438558,0.18352427
0.8881314,-1.2362058,-15.273367,0.13319285,0.81098986,0.2680652,0.5026891
1.0708071,-0.5310387,-14.979737,0.65384257,0.49398205,-0.5428566,0.18378931
0.8868023,-1.2365779,-15.272446,0.13310507,0.8113883,0.26790035,0.5021569
1.0684431,-0.5307958,-14.979323,0.65422356,0.49423087,-0.5421351,0.18389373
0.8847608,-1.2359926,-15.271657,0.13288888,0.8118584,0.26765394,0.5015854
1.0673624,-0.5305887,-14.978971,0.6545617,0.49430418,-0.54161996,0.1840115
0.8838624,-1.2363473,-15.270979,0.13278076,0.8121463,0.267494,0.50123316
1.0664357,-0.5312995,-14.978667,0.65483683,0.49428666,-0.54124826,0.18417342
0.88308513,-1.2358385,-15.270392,0.13258658,0.8124265,0.26728898,0.50093955
1.0656365,-0.53191227,-14.978407,0.6550995,0.4940804,-0.54107153,0.18431203
0.88240945,-1.2353961,-15.269882,0.1324136,0.8126727,0.26706088,0.5007078
1.064944,-0.5332451,-14.978181,0.6553915,0.4937762,-0.54099274,0.18432045
0.88181925,-1.2357461,-15.269436,0.13232745,0.81282765,0.26693416,0.5005466
1.0651027,-0.53440565,-14.977983,0.6555637,0.4933887,-0.54114115,0.18431008
0.8813015,-1.2360531,-15.269045,0.1321902,0.81295633,0.26680976,0.5004403
1.0652415,-0.5354208,-14.977811,0.6557778,0.4929106,-0.54134774,0.1842209
0.8795167,-1.2349946,-15.268701,0.13198517,0.81310153,0.26659057,0.5003752
1.0653634,-0.5356252,-14.977659,0.65590835,0.49245903,-0.5416372,0.18411288
0.87920064,-1.2346898,-15.268395,0.13190643,0.8131239,0.2664054,0.50045836
1.0654709,-0.53645855,-14.977526,0.65600526,0.49201795,-0.5419574,0.18400478
0.87892014,-1.235019,-15.268126,0.13191071,0.8130798,0.26629296,0.50058854
1.0655662,-0.53657603,-14.977407,0.6560354,0.49162903,-0.5423301,0.18383841
0.8786703,-1.2347424,-15.267885,0.13188437,0.8130401,0.2661806,0.5007198
1.0650613,-0.53726983,-14.977303,0.6561039,0.4912359,-0.5426509,0.18369839
0.87783945,-1.2344738,-15.267652,0.13187517,0.8130249,0.26603645,0.50082356
1.0646113,-0.53788847,-14.977209,0.6560833,0.490918,-0.543013,0.18355143
0.8770116,-1.2342062,-15.267418,0.13192125,0.81299543,0.26582095,0.5009736
1.0642086,-0.538442,-14.977125,0.6560215,0.4905937,-0.54342,0.18343513
0.8768565,-1.2345932,-15.267193,0.13200684,0.81290764,0.26569653,0.50115955
1.0643525,-0.53843343,-14.977051,0.6559066,0.4902876,-0.5438597,0.18336089
0.87607425,-1.2336721,-15.266985,0.1319637,0.8128722,0.26552638,0.50131845
1.0649621,-0.53842574,-14.976502,0.6557507,0.48997775,-0.54434294,0.18331283
0.8759845,-1.2334548,-15.266793,0.13194759,0.8128018,0.26541364,0.50149655
1.0655122,-0.53841877,-14.976008,0.6555838,0.48962557,-0.5448707,0.1832831
0.8759017,-1.2332543,-15.266617,0.1319713,0.812706,0.26531127,0.50169975
1.0660101,-0.5388457,-14.975561,0.65546036,0.48919132,-0.5453998,0.1833102
0.87582517,-1.233069,-15.266454,0.13190505,0.812618,0.26522988,0.50190246
1.0664618,-0.53882146,-14.975156,0.6552876,0.48869094,-0.546057,0.18330619
0.8763406,-1.2323204,-15.266308,0.1318454,0.81249994,0.2651374,0.5021582
1.0668725,-0.5391904,-14.974787,0.6551511,0.48811418,-0.5466827,0.18346578
0.8762462,-1.232207,-15.266179,0.13183434,0.81238765,0.26513034,0.5023465
1.0676183,-0.5391552,-14.97445,0.65497035,0.4874618,-0.5474459,0.18357003
0.87668836,-1.2321054,-15.266063,0.13177656,0.8122565,0.26514784,0.5025645
1.0679464,-0.5394759,-14.974143,0.65495175,0.4866762,-0.5480867,0.1838086
0.8770854,-1.2320141,-15.265958,0.13178426,0.8121045,0.2651456,0.50280917
1.0685903,-0.54011285,-14.973858,0.6551835,0.48546293,-0.54868424,0.1844075
0.87744284,-1.2319319,-15.265864,0.13180263,0.8119838,0.26513004,0.5030074
1.0698951,-0.5409474,-14.973946,0.65542185,0.484156,-0.54936564,0.18496689
0.8777657,-1.2318578,-15.2657795,0.13183635,0.81188923,0.26510122,0.5031665
1.0708447,-0.5419132,-14.974048,0.6556986,0.4829656,-0.5498764,0.18557943
0.8780581,-1.2317905,-15.265703,0.13185574,0.81183106,0.26504263,0.5032861
1.0718998,-0.54298645,-14.974162,0.65595543,0.48181185,-0.55034107,0.18629196
0.8783234,-1.2317295,-15.265635,0.1318333,0.81179893,0.264959,0.5033878
1.0722501,-0.5440783,-14.974277,0.6562551,0.48092014,-0.5505148,0.18702538
0.8780447,-1.2312511,-15.265513,0.13179366,0.81180066,0.26465282,0.5035565
1.0736583,-0.54552865,-14.974505,0.6566507,0.47946602,-0.5506683,0.18890901
0.8775739,-1.230869,-15.265461,0.13174391,0.8118082,0.2645077,0.5036335
1.0739362,-0.54759747,-14.97462,0.65676993,0.47896388,-0.5505224,0.19018926
0.8778067,-1.2308512,-15.265745,0.13172193,0.81177557,0.26437294,0.5037626
1.0752677,-0.5497216,-14.974737,0.65681404,0.478506,-0.55042386,0.1914707
0.877705,-1.2308347,-15.26569,0.13168831,0.81174415,0.26426223,0.50388
1.0754176,-0.55174315,-14.974848,0.6568833,0.47802582,-0.5503205,0.19272524
0.877911,-1.2305201,-15.265639,0.13162161,0.8116894,0.26419854,0.5040192
1.0755628,-0.5549217,-14.9749565,0.6569748,0.47758925,-0.5500791,0.19417967
0.8781006,-1.2305151,-15.265593,0.131564,0.8116259,0.26415053,0.5041616
1.0744668,-0.55647266,-14.97505,0.657182,0.47712424,-0.54980797,0.19538581
0.8782754,-1.2305106,-15.265549,0.13149998,0.8115423,0.26413983,0.5043184
1.0734687,-0.5591612,-14.975136,0.6575353,0.47657424,-0.5493821,0.1967327
0.8784368,-1.2305064,-15.265509,0.1314194,0.811443,0.26415515,0.50449115
1.072567,-0.56158966,-14.975213,0.65784115,0.47614413,-0.5488731,0.19816689
0.87858605,-1.2305024,-15.265472,0.13132592,0.8113315,0.26419765,0.50467247
1.0717311,-0.5652703,-14.975285,0.65818,0.4756722,-0.5483422,0.19963963
0.8787242,-1.230267,-15.265438,0.13118817,0.811161,0.26424658,0.5049567
1.0724857,-0.5670613,-14.975349,0.65839404,0.4752478,-0.54796565,0.2009741
0.8788523,-1.2300488,-15.265407,0.1309826,0.810927,0.26432446,0.50534505
1.0731488,-0.5686352,-14.975406,0.6586136,0.47473422,-0.54773366,0.20209742
0.8791804,-1.2300553,-15.265377,0.13071617,0.81061316,0.26444268,0.5058555
1.0753564,-0.5700071,-14.975455,0.6587105,0.4742411,-0.5476386,0.20319408
0.8798827,-1.2296641,-15.26535,0.13003752,0.8098614,0.26452872,0.50718766
1.0787712,-0.5695237,-14.975496,0.6580411,0.47405526,-0.5483649,0.20383714
0.8805481,-1.2292933,-15.265325,0.12919347,0.8090602,0.26455662,0.5086654
1.0815996,-0.5691233,-14.97553,0.65742433,0.47389093,-0.5490638,0.20432736
0.8814766,-1.2287761,-15.265288,0.12839021,0.8081922,0.26462787,0.5102093
1.0823215,-0.5672879,-14.975557,0.65711755,0.47374833,-0.5495128,0.20443776
0.88284653,-1.2280128,-15.265651,0.12757914,0.80736285,0.2646928,0.51168996
1.084412,-0.56726116,-14.975579,0.6569172,0.47352356,-0.5499256,0.20449236
0.8847619,-1.2263381,-15.266158,0.126813,0.8066439,0.26464054,0.5130395
1.0846714,-0.5658217,-14.975596,0.6568072,0.47341976,-0.5502232,0.20428556
0.88713735,-1.2242613,-15.266787,0.12616448,0.8060721,0.26458052,0.5141279
1.0848814,-0.56465596,-14.975611,0.6568029,0.47336382,-0.55037826,0.20401122
0.8887626,-1.2220076,-15.267469,0.12558946,0.8057109,0.26443487,0.51490927
1.0850531,-0.56370366,-14.975622,0.65682876,0.473301,-0.5505461,0.20362028
0.89038324,-1.2208145,-15.26815,0.12517734,0.8054999,0.26439172,0.5153617
1.0851943,-0.56291944,-14.976848,0.6568074,0.47328833,-0.55075294,0.20315859
0.8920039,-1.2184373,-15.26883,0.124818884,0.8054272,0.2641155,0.5157038
1.0853136,-0.5634316,-14.9767065,0.6568779,0.47325587,-0.5508404,0.202769
0.8935182,-1.2174779,-15.269466,0.124716796,0.8053779,0.26403484,0.5158467
1.0865597,-0.56272596,-14.977731,0.6568608,0.47331277,-0.55103886,0.20215128
0.8949455,-1.2152047,-15.270066,0.12461081,0.8054401,0.2639453,0.5158209
1.0865155,-0.5621338,-14.9775,0.6568923,0.47338164,-0.55116075,0.20155469
0.89779615,-1.2130616,-15.270631,0.124531776,0.8053845,0.26392615,0.5159367
1.0864784,-0.561635,-14.978341,0.6568944,0.4734621,-0.55131286,0.20094186
0.8987327,-1.211179,-15.272695,0.12447379,0.8053692,0.26404655,0.515913
1.0864469,-0.56121224,-14.979054,0.65681547,0.47354433,-0.55157876,0.20027533
0.9011549,-1.2111706,-15.274473,0.124414116,0.8052723,0.26430583,0.5159459
1.0874032,-0.5608323,-14.979695,0.6567592,0.4735856,-0.55181706,0.19970462
0.9015543,-1.2111635,-15.2759495,0.12452482,0.80512935,0.2647716,0.5159035
1.0872823,-0.5605059,-14.980246,0.65670335,0.47366446,-0.55205977,0.1990294
0.90355045,-1.2111573,-15.277211,0.12471916,0.804904,0.26524955,0.5159627
1.0871775,-0.56022286,-14.980723,0.6566415,0.4737531,-0.5522663,0.19844876

