ICVP Direct Stim Program 4.0.1+v4.0.1 - RelativeLocations
Updated at: 2022-08-22--20-10-59
Subject ID: CKT
Tester ID: kstipp
Direct Stimulation Input from the UI

UserID ; Time ; Electrodes ; Frequency (Hz) ; Cathodic Phase Duration (us) ; Train Length (ms) ; Duty On (ms); Duty Off (ms) ; Inter-train Length (ms) ; Amplitude (uA) ; Sent to Gateway ; Response ; Response Latency (ms) ; Response Duration (ms) ; Comments
kstipp ; 2022-08-22--20-10-59 ; 0D00 , 0D00-0D0F ; 200 ; 200 ; 1000 ; 1000 ; 0 ; 0 ; 40 ; True ;  ;  ;  ; Couldn't differentiate between them

Position t,Position u,Position v,Orientation w,Orientation x,Orientation y,Orientation z
0.76344675,-1.2475932,-15.236332,0.13288744,0.80443513,0.288262,0.5021256
0.9292896,-0.53048533,-14.9274845,0.6737502,0.4712386,-0.55125177,0.14183198
0.7622108,-1.245287,-15.235997,0.1328504,0.80486566,0.28803962,0.5015727
0.92793113,-0.53210795,-14.927517,0.67364776,0.47060642,-0.55183536,0.14214838
0.76426244,-1.2436714,-15.235763,0.13297217,0.80517775,0.2877038,0.50123215
0.9308866,-0.5354263,-14.927541,0.6733893,0.4697794,-0.5526872,0.1427973
0.7627828,-1.2425531,-15.2356,0.13308276,0.80551374,0.28748453,0.5007887
0.9311955,-0.532032,-14.927561,0.67305166,0.4690994,-0.55367947,0.14278089
0.761754,-1.2417755,-15.235488,0.1332782,0.8056684,0.28727815,0.50060636
0.9354688,-0.52931434,-14.927576,0.6726282,0.4684376,-0.5547213,0.14290465
0.7610428,-1.2440913,-15.23541,0.13342655,0.80577797,0.28720367,0.5004332
0.93482727,-0.53117406,-14.927589,0.6725888,0.46796775,-0.5550567,0.14332697
0.76054376,-1.2428688,-15.235354,0.13346812,0.8058551,0.287075,0.5003717
0.9363211,-0.5326562,-14.927599,0.6724315,0.4676163,-0.5554287,0.14377059
0.760196,-1.2448367,-15.235316,0.13368541,0.80579793,0.28705522,0.5004171
0.9355151,-0.529877,-14.927607,0.67218536,0.46736044,-0.5559696,0.1436625
0.75995046,-1.2434089,-15.235289,0.13372342,0.80583364,0.28694516,0.5004126
0.9368353,-0.52767,-14.927612,0.6719855,0.46720892,-0.55634135,0.14365137
0.7597784,-1.2452006,-15.2352705,0.13383196,0.8057715,0.28696164,0.5004741
0.9378883,-0.52983797,-14.927617,0.6719016,0.4671127,-0.55638766,0.14417665
0.7596564,-1.2436807,-15.235257,0.13401383,0.80579513,0.28663814,0.5005727
0.94072336,-0.5295959,-14.927621,0.67166394,0.46645817,-0.5570691,0.1447703
0.7623745,-1.2425963,-15.235248,0.13426475,0.8055839,0.28637016,0.50099885
0.9429934,-0.5294021,-14.927625,0.67138237,0.46568465,-0.5579265,0.14526446
0.7656637,-1.2440808,-15.235236,0.13465585,0.8051306,0.28619525,0.5017219
0.9442164,-0.5327277,-14.927629,0.6712263,0.4645377,-0.55877787,0.14638084
0.7666284,-1.2428799,-15.235232,0.13467032,0.8049375,0.2861528,0.50205195
0.9457527,-0.5378822,-14.92763,0.67112,0.46415827,-0.5589992,0.14722489
0.7701384,-1.242024,-15.23523,0.134681,0.804692,0.28612092,0.5024606
0.94697416,-0.5399729,-14.927631,0.6709769,0.4639326,-0.55923504,0.14769195
0.76979595,-1.2414203,-15.235229,0.13467331,0.8045157,0.28605807,0.5027806
0.94793457,-0.53762597,-14.927632,0.67064553,0.46378464,-0.55973303,0.14777511
0.7723831,-1.2409917,-15.235228,0.13478377,0.80430096,0.28602725,0.503112
0.95068645,-0.5337772,-14.927634,0.6703322,0.46353906,-0.56033176,0.14769769
0.7713845,-1.2406912,-15.235227,0.13473438,0.8040062,0.28621277,0.50349075
0.95288664,-0.53672725,-14.927634,0.6701345,0.46312615,-0.5607106,0.14845084
0.7706813,-1.2404796,-15.235226,0.13471323,0.8037175,0.28638312,0.50386035
0.9546391,-0.539077,-14.927634,0.67002857,0.46268702,-0.56106794,0.14894728
0.77299154,-1.2403289,-15.235226,0.1345965,0.80340314,0.286184,0.50450563
0.9580784,-0.536865,-14.927634,0.668618,0.46296924,-0.56218827,0.15017918
0.77463067,-1.2402222,-15.235226,0.13449319,0.8031889,0.28598735,0.50498563
0.9587467,-0.53716654,-14.927634,0.6677615,0.46337286,-0.5625247,0.15147986
0.77579147,-1.2401465,-15.235226,0.13440801,0.80299586,0.2858008,0.5054208
0.9572568,-0.53940266,-14.927634,0.6671401,0.46391517,-0.56250113,0.15264106
0.77661353,-1.2372618,-15.235226,0.13425036,0.8027444,0.28547353,0.5060467
0.95806605,-0.53524005,-14.927634,0.66623825,0.46476606,-0.5627372,0.15312073
0.777192,-1.2380558,-15.235226,0.13415685,0.80246305,0.28521433,0.5066635
0.95676845,-0.53585,-14.927634,0.6658277,0.4655155,-0.5624009,0.15386383
0.7804355,-1.2386186,-15.235226,0.13412645,0.8020438,0.2851156,0.5073904
0.95575094,-0.5382209,-14.927634,0.6655974,0.46612895,-0.5620052,0.15444803
0.78272843,-1.2390163,-15.235226,0.13416006,0.80143917,0.28501108,0.50839454
0.9549444,-0.5382322,-14.927634,0.6652867,0.46723068,-0.5612938,0.15504353
0.7872402,-1.2364239,-15.235226,0.13411257,0.8008759,0.28492495,0.5093422
0.9543033,-0.54008406,-14.927634,0.66510487,0.4681298,-0.56063014,0.15551205
0.7904071,-1.2374852,-15.235226,0.13406953,0.80041933,0.28485358,0.51011056
0.95206034,-0.53625387,-14.927634,0.6648776,0.468979,-0.5602113,0.15543441
0.79264045,-1.2353324,-15.235226,0.13390708,0.8000489,0.28467023,0.51083606
0.95198065,-0.53160435,-14.927634,0.6646927,0.46962458,-0.5599522,0.1552093
0.7942074,-1.2338219,-15.235226,0.1337784,0.79968196,0.28449267,0.5115429
0.9519151,-0.53109753,-14.927634,0.6646798,0.47013077,-0.5595231,0.15527968
0.7952914,-1.2356719,-15.235226,0.13359207,0.7992792,0.2845619,0.5121821
0.9518611,-0.5323307,-14.925984,0.66467977,0.4706502,-0.55903673,0.15545839
0.79604477,-1.2311996,-15.238105,0.13341399,0.79902816,0.2842779,0.51277757
0.9502301,-0.53172547,-14.926257,0.66468084,0.4711443,-0.55862355,0.15544187
0.7965689,-1.2309477,-15.240108,0.13324949,0.798824,0.28410286,0.5132353
0.9489263,-0.529721,-14.926476,0.66466963,0.47150308,-0.5584175,0.155142
0.7969353,-1.2307715,-15.241508,0.13321544,0.7986201,0.2840873,0.51356995
0.94643915,-0.528118,-14.926651,0.6647166,0.47189516,-0.55810666,0.1548673
0.8029429,-1.2306463,-15.242502,0.13342097,0.79774755,0.284042,0.51489604
0.945795,-0.5281975,-14.926794,0.66453576,0.47222194,-0.5580562,0.15482931
0.8042825,-1.2305584,-15.243201,0.13350132,0.7972792,0.28387234,0.5156936
0.94663596,-0.5268732,-14.926916,0.6643538,0.47235695,-0.5582146,0.15462708
0.8110586,-1.230496,-15.243697,0.13373093,0.7966843,0.28373298,0.5166292
0.947347,-0.5243768,-14.927019,0.6641443,0.4724234,-0.55844146,0.1545046
0.8128474,-1.233332,-15.244039,0.13385333,0.79624605,0.28378722,0.51724315
0.9479599,-0.52499497,-14.927108,0.6640585,0.47241068,-0.5585259,0.15460688
0.81409025,-1.2353024,-15.244275,0.13389802,0.79589325,0.2838083,0.5177626
0.9484872,-0.5255269,-14.927184,0.66395986,0.4724308,-0.5585635,0.15483336
0.8149667,-1.2338274,-15.244443,0.13385117,0.7956868,0.28370008,0.5181512
0.94757205,-0.5259691,-14.927248,0.66386116,0.47237313,-0.55869025,0.15497495
0.8184822,-1.2327812,-15.244561,0.13384373,0.7954949,0.28350896,0.5185521
0.94953513,-0.52497405,-14.927304,0.66362166,0.47224405,-0.55906093,0.1550573
0.823907,-1.2320399,-15.244646,0.13378616,0.79519314,0.28351334,0.51902735
0.94983155,-0.5241246,-14.927352,0.6634188,0.47210664,-0.55938774,0.1551651
0.82474446,-1.2315235,-15.244704,0.13366523,0.7950472,0.2835517,0.51926106
0.9515006,-0.52479076,-14.927393,0.66322017,0.4718081,-0.559783,0.15549633
0.8224687,-1.2340139,-15.244743,0.13338856,0.7951693,0.28385648,0.5189786
0.9529515,-0.5253698,-14.927429,0.66287977,0.47129855,-0.56046176,0.1560476
0.820888,-1.2329495,-15.24477,0.13307486,0.79537904,0.28397784,0.51867133
0.9541985,-0.52731836,-14.927462,0.66257846,0.47096846,-0.5608992,0.15675016
0.8197787,-1.2322025,-15.244789,0.13292797,0.7955242,0.28408787,0.51842606
0.95381385,-0.5289412,-14.927487,0.6624529,0.47061208,-0.56121117,0.15723373
0.81899446,-1.2316746,-15.244803,0.13289933,0.7957697,0.2841257,0.51803577
0.95492524,-0.5289,-14.927509,0.66230637,0.47036213,-0.5615145,0.15751594
0.8184372,-1.2312994,-15.244813,0.13290255,0.79599816,0.28406447,0.5177173
0.9558788,-0.53032243,-14.927528,0.6622405,0.47020787,-0.5616132,0.15790111
0.81540436,-1.228393,-15.24482,0.1327421,0.7962772,0.28397352,0.5173791
0.9552447,-0.5315017,-14.927545,0.6621697,0.4701055,-0.56170535,0.15817471
0.813272,-1.2289163,-15.244824,0.13263589,0.79677784,0.28363,0.5168239
0.9561342,-0.53394437,-14.927559,0.6621341,0.46988097,-0.5618645,0.15842521
0.8117443,-1.2292911,-15.244828,0.13251774,0.7971829,0.28343898,0.51633406
0.95689934,-0.5345974,-14.92757,0.66201675,0.46973333,-0.5620683,0.15863048
0.81063455,-1.2295634,-15.24483,0.13247745,0.7975448,0.28317913,0.5159279
0.9590466,-0.533683,-14.927581,0.66178375,0.46962383,-0.5624469,0.15858552
0.80749935,-1.2297562,-15.244831,0.13245334,0.7979686,0.28292826,0.51541626
0.9593736,-0.531475,-14.927589,0.6617112,0.46943837,-0.5627708,0.158288
0.8074797,-1.2299018,-15.244833,0.13248336,0.7983438,0.28269786,0.51495385
0.9596465,-0.5296321,-14.927596,0.6615237,0.46929157,-0.5631488,0.15816225
0.8074649,-1.2300116,-15.244834,0.13256884,0.7986812,0.2825446,0.51449245
0.9598796,-0.5294885,-14.927602,0.6613693,0.46910688,-0.5634883,0.15814634
0.8030054,-1.2300904,-15.244835,0.13251083,0.79910564,0.28237265,0.5139423
0.9587095,-0.5320895,-14.927607,0.66149104,0.46890998,-0.563453,0.15834706
0.7997493,-1.2301481,-15.244835,0.13258831,0.79950696,0.28219116,0.5133977
0.9590644,-0.532967,-14.927611,0.6613541,0.46868342,-0.56376565,0.1584767
0.79934,-1.2301911,-15.244835,0.13271835,0.79985154,0.28203908,0.5129107
0.9607715,-0.5323428,-14.927615,0.66121036,0.46837032,-0.5642297,0.15835088
0.7951852,-1.2302234,-15.244835,0.13311484,0.8007751,0.28168285,0.51156086
0.96224123,-0.53180546,-14.929023,0.6608454,0.4674496,-0.5653243,0.15869069
0.7902005,-1.2320757,-15.243007,0.13343401,0.8015659,0.28141722,0.5103841
0.96498793,-0.5313317,-14.930264,0.6605099,0.46650386,-0.56642985,0.15892771
0.78810173,-1.2335008,-15.241601,0.13373102,0.80221224,0.28117597,0.5094228
0.96738493,-0.5309183,-14.931349,0.66021144,0.46575108,-0.56730676,0.15924777
0.7864681,-1.2346101,-15.240506,0.13400593,0.8027479,0.28101712,0.5085936
0.96947557,-0.53209734,-14.930754,0.66004294,0.46511677,-0.5678996,0.15968685
0.78518254,-1.2339159,-15.239645,0.13416904,0.80322903,0.28083706,0.50789005
0.97127,-0.53468287,-14.9302435,0.6598984,0.46466982,-0.56829447,0.16017962
0.78267163,-1.233364,-15.23896,0.13432983,0.80365753,0.28066537,0.5072644
0.97280467,-0.53528494,-14.929807,0.6597193,0.4642062,-0.5688554,0.16027062
0.7820699,-1.2343352,-15.238411,0.13452931,0.8039826,0.28055546,0.5067568
0.97248036,-0.53420097,-14.929451,0.65968204,0.46377388,-0.5693201,0.16002567
0.7815825,-1.2337785,-15.237966,0.13466533,0.80425376,0.28043362,0.50635767
0.9738033,-0.53647715,-14.92915,0.659601,0.46343294,-0.56959456,0.16037026
0.7837573,-1.2346077,-15.237597,0.13457479,0.8039887,0.28048375,0.5067748
0.97492456,-0.5367817,-14.928894,0.6592072,0.46313325,-0.5701901,0.16073854
0.78571135,-1.234016,-15.237268,0.13443315,0.803759,0.2805031,0.50716597
0.9758691,-0.5370383,-14.9286785,0.65901846,0.4627876,-0.5706321,0.16093895
0.7888809,-1.2320776,-15.238374,0.13431746,0.8034923,0.28052068,0.50760925
0.97666085,-0.5372534,-14.928497,0.6588573,0.46243158,-0.57104033,0.161174
0.79165715,-1.2318193,-15.239342,0.13424891,0.80317885,0.28056434,0.50809914
0.97732157,-0.53743285,-14.928348,0.65870667,0.46199322,-0.5715269,0.16132262
0.79407114,-1.2315947,-15.240183,0.13416193,0.80288446,0.28063235,0.50854963
0.97961736,-0.53931934,-14.928219,0.658676,0.46145865,-0.5719538,0.1614648
0.796156,-1.2314006,-15.240911,0.13410506,0.8026035,0.28068677,0.50897783
0.9797653,-0.5391317,-14.928114,0.6585788,0.4611337,-0.57235605,0.16136436
0.79641515,-1.229727,-15.241527,0.13401687,0.8023782,0.2806758,0.5093622
0.98163617,-0.537228,-14.928027,0.65840983,0.46088195,-0.5727831,0.16125719
0.79816705,-1.2298267,-15.242053,0.13396075,0.8021155,0.28070697,0.5097734
0.983134,-0.5339925,-14.929668,0.65820765,0.46052715,-0.5733167,0.16120043
0.8013128,-1.2283114,-15.242517,0.13388264,0.8018733,0.28070998,0.51017314
0.9843667,-0.5330432,-14.93102,0.658095,0.46010038,-0.57377964,0.16123194
0.80403477,-1.2270002,-15.242919,0.13383089,0.80164546,0.28070894,0.51054525
0.98536533,-0.530585,-14.932115,0.65810037,0.45973608,-0.574118,0.16104421
0.8046269,-1.225905,-15.243255,0.1337732,0.8014165,0.28070775,0.51092035
0.98618025,-0.52857894,-14.933007,0.65812516,0.4594201,-0.57433915,0.16105592
0.80511963,-1.2249933,-15.243534,0.13370988,0.8011767,0.28072757,0.51130193
0.98859936,-0.52859473,-14.933769,0.65793437,0.4590655,-0.57476526,0.1613264
0.80723506,-1.2259451,-15.243765,0.13366912,0.8009334,0.28072426,0.5116953
0.98885906,-0.5286077,-14.934392,0.65815425,0.45869783,-0.57475674,0.16150571
0.8090186,-1.2249975,-15.243959,0.13363446,0.8006748,0.28071862,0.51211214
0.98906964,-0.53031933,-14.934897,0.6583721,0.4583749,-0.5747033,0.16172473
0.81043047,-1.2276349,-15.244115,0.13365583,0.8004079,0.2807565,0.51250297
0.9892392,-0.5333604,-14.935305,0.65850526,0.45810783,-0.57462585,0.16221365
0.80990577,-1.2264338,-15.24424,0.13366695,0.8002209,0.28070766,0.5128186
0.9877921,-0.5357495,-14.934044,0.6583622,0.45827517,-0.57447743,0.16284595
0.80948395,-1.2270983,-15.244341,0.133699,0.80008054,0.28063077,0.5130713
0.9897618,-0.5345741,-14.934575,0.65798455,0.4582281,-0.57493037,0.16290604
0.8107727,-1.227654,-15.244426,0.13374147,0.7999341,0.28055942,0.5133275
0.9914363,-0.533575,-14.935027,0.6577931,0.45822445,-0.5751131,0.16304448
0.8102075,-1.226489,-15.244494,0.13377704,0.7998398,0.28045475,0.5135224
0.9928557,-0.5343868,-14.933751,0.6576763,0.4584244,-0.57498753,0.16339625
0.8113615,-1.2271423,-15.244553,0.13379285,0.7997448,0.2804101,0.51369065
0.9923863,-0.53664595,-14.932729,0.6577377,0.458417,-0.5748262,0.1637373
0.8107056,-1.2260774,-15.244599,0.13380699,0.79967093,0.28030407,0.51385975
0.99200463,-0.5384823,-14.931896,0.6577967,0.4584482,-0.57464147,0.16406097
0.8101773,-1.2267646,-15.2446375,0.13383709,0.7996078,0.28022248,0.5139946
0.9902101,-0.539942,-14.931236,0.6579996,0.45851564,-0.5743058,0.16423413
0.80973864,-1.2258065,-15.24467,0.1338112,0.79959273,0.28008926,0.5140974
0.990186,-0.5396922,-14.930695,0.6579563,0.4583855,-0.5745235,0.16400914
0.8093813,-1.2265067,-15.244696,0.13389046,0.7995741,0.27996162,0.51417524
0.9901665,-0.53674674,-14.93163,0.6577729,0.4583536,-0.57490194,0.16350733
0.8105939,-1.2255926,-15.244718,0.13392913,0.7995457,0.27982607,0.514283
0.9901504,-0.535638,-14.931082,0.6576611,0.45826122,-0.57519704,0.16317804
0.8116145,-1.2263473,-15.244737,0.13400282,0.79949266,0.2797592,0.5143828
0.9914763,-0.5346662,-14.931942,0.65743846,0.45819432,-0.5755492,0.16302113
0.81096244,-1.2254759,-15.243258,0.13388734,0.7994771,0.2796406,0.5145016
0.9926416,-0.53381217,-14.93133,0.65717536,0.45718887,-0.5766417,0.16304384
0.81192607,-1.2247239,-15.243509,0.13379031,0.7994217,0.27954438,0.514665
0.9936651,-0.53446347,-14.930791,0.65686107,0.45632687,-0.5776635,0.16310826
0.8134345,-1.225078,-15.242593,0.13371637,0.79923826,0.27949893,0.5149938
0.99683696,-0.53433275,-14.929908,0.6562603,0.45506388,-0.57926714,0.16336761
0.8140144,-1.2243785,-15.242954,0.13364263,0.799118,0.27951854,0.51518893
0.9988489,-0.5349712,-14.929541,0.6560978,0.4544089,-0.5799178,0.1635346
0.81450593,-1.2237856,-15.243261,0.13350296,0.7990364,0.27951166,0.5153552
0.99897885,-0.53396314,-14.929235,0.6559358,0.45406327,-0.58034307,0.16363598
0.814921,-1.223285,-15.243521,0.13344625,0.7989201,0.27947542,0.51556987
1.0006529,-0.5331019,-14.930539,0.65557724,0.45378605,-0.5808889,0.16390485
0.8152706,-1.2228633,-15.243739,0.13331373,0.79879826,0.27949223,0.51578385
1.0020802,-0.5339591,-14.93165,0.6553783,0.45355335,-0.581154,0.16440426
0.81556416,-1.2225093,-15.243922,0.13316028,0.79868895,0.27943915,0.5160215
1.0032839,-0.53307354,-14.932588,0.65516186,0.45344463,-0.5814028,0.16468711
0.817471,-1.2222048,-15.24408,0.13310364,0.7985157,0.2794331,0.51630735
1.004296,-0.532329,-14.933374,0.65505016,0.4533281,-0.58152777,0.16501026
0.81582737,-1.2219654,-15.244204,0.13289434,0.7984632,0.27940533,0.51645744
1.0035462,-0.5317367,-14.934001,0.6551858,0.45326677,-0.58142805,0.16499186
0.8160213,-1.2217679,-15.244306,0.1327758,0.79836345,0.27933723,0.51667905
1.0044858,-0.531233,-14.934534,0.6551669,0.45323783,-0.58146,0.16503361
0.8161847,-1.2216016,-15.244391,0.1325185,0.7982485,0.27933872,0.5169218
1.0037274,-0.53082967,-14.934961,0.6552814,0.45319775,-0.5813847,0.16495427
0.81632215,-1.2214618,-15.244464,0.13238937,0.7981312,0.2792773,0.5171692
1.0031114,-0.53050196,-14.9353075,0.65531135,0.45326453,-0.5813343,0.16482948
0.81643844,-1.2197661,-15.244525,0.13218473,0.7980376,0.27922004,0.5173968
1.0026051,-0.5302327,-14.935593,0.65523785,0.45330858,-0.58142656,0.16467525
0.81653666,-1.218335,-15.244576,0.13190457,0.7980246,0.27901113,0.5176011
1.0035937,-0.52857554,-14.935838,0.6550447,0.45331722,-0.58169556,0.16446999
0.8166193,-1.2171305,-15.24462,0.13165899,0.7980448,0.27875388,0.51777095
1.0059934,-0.5285899,-14.936059,0.65487564,0.4530404,-0.5820984,0.16448063
0.81833667,-1.2161022,-15.246304,0.13136211,0.79799163,0.27851507,0.5180567
1.0081117,-0.5286026,-14.936255,0.6547715,0.45278066,-0.5823947,0.16456145
0.8193196,-1.2145302,-15.2488785,0.13098484,0.7979577,0.2780387,0.5184602
1.0101142,-0.52862245,-14.936562,0.65468884,0.45246533,-0.5826713,0.16477837
0.81893617,-1.2139602,-15.249812,0.13082616,0.7979559,0.27781254,0.5186244
1.0084149,-0.5286297,-14.936673,0.65486044,0.45224753,-0.5827346,0.16447021
0.8186164,-1.2118716,-15.25059,0.13057534,0.79791725,0.27757934,0.51887184
1.0085496,-0.52863556,-14.936764,0.6546957,0.45218828,-0.58292395,0.16461779
0.8200248,-1.2100546,-15.251267,0.1304677,0.7978095,0.2773066,0.5192103
1.008661,-0.5271595,-14.936838,0.65460193,0.45213044,-0.5830617,0.1646619
0.82119626,-1.2102447,-15.25183,0.13030438,0.7976976,0.27721107,0.5194742
1.0073438,-0.52597326,-14.936898,0.6545517,0.45216745,-0.5831083,0.16459464
0.8249049,-1.2072726,-15.252722,0.12934545,0.7971218,0.27669182,0.52087253
1.007975,-0.5267994,-14.935692,0.65419465,0.45148313,-0.5837318,0.16567904
0.8328723,-1.202972,-15.253378,0.12807646,0.79587513,0.27643102,0.5232257
1.0107713,-0.5322049,-14.933627,0.65365905,0.45021468,-0.58488977,0.1671544
0.83587396,-1.2004154,-15.253626,0.12750679,0.7952634,0.27636015,0.5243313
1.0119228,-0.53443116,-14.932776,0.6534986,0.44980174,-0.58527464,0.16754611
0.83828396,-1.1960447,-15.256143,0.12678455,0.7946751,0.2762191,0.5254715
1.0129243,-0.53360206,-14.933419,0.6532796,0.44947076,-0.5857961,0.1674659
0.84017324,-1.1926184,-15.258115,0.12615123,0.7942139,0.2761422,0.5263607
1.015305,-0.5343171,-14.934005,0.6529785,0.44902667,-0.58644885,0.16754712
0.8415421,-1.1947575,-15.257234,0.12596272,0.7937691,0.2762238,0.5270337
1.0174246,-0.53495365,-14.9345255,0.65268385,0.44870362,-0.586999,0.1676339
0.84258956,-1.1940665,-15.258886,0.12556572,0.79345727,0.27612427,0.5276498
1.0176561,-0.53395766,-14.9349575,0.65269643,0.4484581,-0.58721995,0.167468
0.8410908,-1.1912805,-15.260111,0.1251246,0.7933744,0.27592826,0.5279816
1.0178487,-0.5331287,-14.935317,0.65254885,0.44835955,-0.5875013,0.16731972
0.8422248,-1.1914285,-15.261048,0.12492357,0.7932024,0.2758115,0.5283485
1.0195786,-0.532404,-14.935631,0.65236217,0.44819024,-0.5877834,0.16751099
0.84310776,-1.1892138,-15.261779,0.12461832,0.7930441,0.27573058,0.5287003
1.0194678,-0.5318073,-14.935889,0.6524231,0.4480293,-0.5878683,0.16740625
0.84378743,-1.187509,-15.262341,0.12444873,0.79289055,0.27564692,0.52901405
1.0209574,-0.53128934,-14.936113,0.65233314,0.44784325,-0.5881002,0.16744013
0.8443059,-1.1862085,-15.262769,0.12429228,0.7927417,0.27552855,0.52933556
1.0222316,-0.5324705,-14.936306,0.6523522,0.44764587,-0.58813965,0.16775441
0.8471709,-1.1852041,-15.2631,0.12386976,0.79241854,0.27541772,0.52997583
1.0233036,-0.53346425,-14.934823,0.65242463,0.4473305,-0.5882735,0.16784443
0.8491287,-1.1813375,-15.2635355,0.12329482,0.79200315,0.27523375,0.5308256
1.0249323,-0.53798777,-14.9325695,0.6525752,0.4469549,-0.5882898,0.16820279
0.8508207,-1.1815917,-15.263675,0.12325384,0.7917938,0.27520892,0.53116024
1.025548,-0.53803813,-14.933378,0.6524097,0.44670767,-0.5886482,0.16824776
0.8520669,-1.181779,-15.263778,0.12327973,0.7915616,0.27521396,0.53149766
1.0260597,-0.5380799,-14.93405,0.6522721,0.44649652,-0.5889744,0.16819975
0.85298246,-1.1819166,-15.263854,0.1232866,0.7915289,0.27499637,0.5316572
1.028242,-0.53811604,-14.934629,0.65198505,0.44636783,-0.589355,0.16832115
0.85365385,-1.1820176,-15.263909,0.123343036,0.7914271,0.27496818,0.5318103
1.0282868,-0.5364638,-14.935087,0.65195775,0.4461948,-0.58961695,0.16796802
0.8541514,-1.1794726,-15.26395,0.12306312,0.7914839,0.274666,0.5319468
1.0283227,-0.53513765,-14.935454,0.65190727,0.4459817,-0.58987546,0.16782223
0.85200644,-1.1802026,-15.263979,0.12279449,0.79133606,0.27488074,0.53211784
1.028351,-0.5325389,-14.935743,0.6516994,0.44556284,-0.59048575,0.16759577
0.8504964,-1.1807165,-15.263999,0.12248946,0.791141,0.2750319,0.53240013
1.0283738,-0.530447,-14.935977,0.6516415,0.44534302,-0.5907675,0.16741227
0.8541657,-1.178696,-15.264014,0.12110536,0.7905705,0.27490273,0.5336294
1.0299473,-0.53015935,-14.936183,0.65153044,0.44460952,-0.5909918,0.16899452
0.8570577,-1.1745594,-15.264027,0.12007483,0.7902013,0.27471274,0.5345063
1.0330346,-0.52990013,-14.936368,0.6512643,0.4441137,-0.59135616,0.17004655
0.8582362,-1.1691602,-15.268559,0.11839307,0.7901816,0.27420136,0.53517264
1.033019,-0.52951103,-14.936646,0.6515974,0.44366568,-0.59085995,0.1716572
0.86013424,-1.1674733,-15.269976,0.11796888,0.79014266,0.27405453,0.53539896
1.0338917,-0.5293664,-14.936749,0.6517002,0.44368836,-0.5905269,0.17235334
0.8615314,-1.1662318,-15.271018,0.11776517,0.79007506,0.27405864,0.53554153
1.0330132,-0.5276869,-14.9368305,0.65182275,0.44390672,-0.5901296,0.17268795
0.8613227,-1.1647316,-15.272277,0.117721796,0.79000753,0.2738502,0.53575724
1.0304848,-0.52654743,-14.936947,0.6519432,0.44431284,-0.5894738,0.17342682
0.8597862,-1.1642941,-15.270117,0.11775337,0.79010713,0.27369973,0.53568035
1.0302074,-0.5268434,-14.936989,0.6518603,0.4444162,-0.58936054,0.17385833
0.858707,-1.1639868,-15.2685995,0.11788786,0.7901373,0.27362013,0.535647
1.0299805,-0.52708536,-14.937023,0.6517762,0.44451487,-0.5892847,0.17417786
0.8603132,-1.1637555,-15.267458,0.1179367,0.79015225,0.2735122,0.53566927
1.0297936,-0.5272847,-14.937051,0.6517981,0.44455555,-0.5891518,0.17444162
0.8649086,-1.1634496,-15.265947,0.118200965,0.79012465,0.27303246,0.5358963
1.0318397,-0.5276248,-14.9371,0.6517051,0.4446274,-0.58908457,0.17483273
0.8649548,-1.1633532,-15.2679,0.11816731,0.7902942,0.27271888,0.53581345
1.031409,-0.52775913,-14.937119,0.6517521,0.44462043,-0.5890285,0.17486408
0.8626804,-1.1632847,-15.266979,0.11802663,0.7904963,0.27248967,0.5356629
1.0310521,-0.5266918,-14.937136,0.6517007,0.44466978,-0.5890526,0.1748487
0.8632561,-1.1609378,-15.268577,0.11782904,0.7906206,0.2716093,0.53597
1.0307498,-0.5269255,-14.937148,0.65156364,0.44496113,-0.5889661,0.1749099
0.8637022,-1.1591195,-15.2698145,0.11755945,0.7906584,0.27113554,0.5362133
1.0304967,-0.52820164,-14.93716,0.6513856,0.44514534,-0.5889804,0.17505614
0.8640445,-1.1577241,-15.270765,0.117460616,0.79056937,0.2708705,0.5365001
1.0313674,-0.5293542,-14.937171,0.6512327,0.44519967,-0.5890614,0.1752138
0.86429286,-1.1589917,-15.271455,0.11750715,0.7904019,0.27075502,0.5367949
1.032163,-0.53040737,-14.93718,0.6510894,0.44522244,-0.5891478,0.17539808
0.8644769,-1.1599312,-15.271967,0.117404506,0.7903307,0.2706486,0.5369757
1.0328858,-0.53136396,-14.937188,0.65091026,0.4453109,-0.58920276,0.17565362
0.8669342,-1.1583753,-15.272376,0.11723739,0.7901073,0.2704908,0.5374204
1.0323792,-0.53105265,-14.937195,0.65089667,0.44548935,-0.5890865,0.17564148
0.8664924,-1.1571958,-15.272687,0.11708655,0.790022,0.27058238,0.5375325
1.0330565,-0.53077066,-14.9372015,0.6508498,0.44550577,-0.58911854,0.17566584
0.8661518,-1.1539488,-15.272926,0.116148636,0.7896247,0.2703612,0.53843033
1.0336715,-0.53051466,-14.937207,0.65081304,0.44571534,-0.5888346,0.17622162
0.86589086,-1.1514615,-15.27311,0.11541487,0.78942215,0.27021,0.5389608
1.0330732,-0.5314124,-14.937212,0.65088654,0.44589892,-0.58847284,0.17669335
0.86569816,-1.1519423,-15.273246,0.11519021,0.7892745,0.270033,0.5393136
1.0325706,-0.5321667,-14.937217,0.65090334,0.44606128,-0.5882295,0.17703208
0.8679604,-1.1499077,-15.273353,0.115004264,0.7891612,0.26971874,0.53967625
1.033152,-0.53079057,-14.93722,0.65085804,0.44626293,-0.5881385,0.17699234
0.86970556,-1.1483383,-15.273436,0.1150376,0.7891516,0.26942006,0.53983235
1.0336894,-0.53056043,-14.937223,0.6507961,0.44640046,-0.58809084,0.17703187
0.8695241,-1.1482086,-15.273539,0.11506644,0.7893234,0.26891354,0.53982764
1.0318062,-0.52836615,-14.937228,0.65085584,0.44661006,-0.5879467,0.17676215
0.87082416,-1.147113,-15.273573,0.11528493,0.78933066,0.26864025,0.5399064
1.0314988,-0.52750087,-14.93723,0.6507397,0.44663572,-0.588081,0.1766782
0.8725619,-1.1456485,-15.273618,0.1154634,0.7893613,0.26828977,0.5399978
1.0310044,-0.527693,-14.937233,0.65071,0.44650888,-0.5881172,0.17698722
0.873121,-1.1451772,-15.273632,0.11558584,0.7893471,0.26824644,0.5400139
1.0315706,-0.52777064,-14.937234,0.65061134,0.44647396,-0.5881855,0.17721128
0.87384546,-1.1445667,-15.27365,0.11534639,0.78925544,0.2681587,0.5402426
1.0311337,-0.52926445,-14.937236,0.6506521,0.44632116,-0.58801335,0.17801593
0.8716476,-1.1467985,-15.273657,0.11533021,0.78927135,0.26824486,0.54018
1.0316103,-0.5305369,-14.937238,0.6506297,0.44621694,-0.5879732,0.17849144
0.87237656,-1.1483864,-15.27366,0.115387425,0.7890572,0.26829636,0.540455
1.0320609,-0.53107375,-14.937239,0.6505755,0.44618282,-0.5879333,0.17890483
0.8729039,-1.1473569,-15.273663,0.11535516,0.7888803,0.26803067,0.5408519
1.0332702,-0.53014565,-14.93724,0.65021056,0.44583303,-0.58856606,0.17902304
0.8736252,-1.1459488,-15.275836,0.114971936,0.7887259,0.26755095,0.54139584
1.0332651,-0.5306571,-14.9372425,0.64997834,0.4452109,-0.58905196,0.17981419
0.8759496,-1.1475809,-15.275366,0.115123466,0.7884166,0.26756838,0.5418054
1.034473,-0.5304909,-14.937243,0.649713,0.4448995,-0.5894794,0.1801432
0.8754696,-1.146141,-15.2747135,0.11511269,0.78834754,0.26723343,0.5420734
1.0359008,-0.52938,-14.937243,0.64939666,0.44433743,-0.59018266,0.18036814
0.875305,-1.1456472,-15.274489,0.114889145,0.788331,0.26720607,0.5421583
1.0361053,-0.5302036,-14.937243,0.6494829,0.44429302,-0.5900015,0.1807594
0.8732138,-1.1433098,-15.274322,0.114650294,0.78844887,0.26723614,0.5420227
1.036289,-0.5318244,-14.937243,0.6494989,0.4443203,-0.589801,0.18128875
0.87352854,-1.1413924,-15.274184,0.114654265,0.78837276,0.26708028,0.54220927
1.036458,-0.5324235,-14.937243,0.649446,0.4443609,-0.5897135,0.1816628
0.87378293,-1.1398422,-15.274075,0.1145284,0.7884108,0.2669266,0.5422563
1.0366135,-0.53297436,-14.937243,0.6494116,0.44435155,-0.58976763,0.1816331
0.8739861,-1.138604,-15.273986,0.11441563,0.78838515,0.2669948,0.54228365
1.0367472,-0.5317304,-14.937243,0.64932007,0.44444242,-0.5899178,0.18124995
0.8741469,-1.1376244,-15.273915,0.11433675,0.78868085,0.26656166,0.54208356
1.036863,-0.53065425,-14.937243,0.6493924,0.44465607,-0.58972716,0.18108666
0.8742654,-1.138948,-15.273864,0.11435443,0.7888111,0.26643822,0.541951
1.0369676,-0.5304874,-14.937243,0.6494941,0.44494724,-0.5893534,0.18122359
0.8743587,-1.1379433,-15.273823,0.11425772,0.78892654,0.26637176,0.541836
1.0362921,-0.5318756,-14.937243,0.64970374,0.44525698,-0.58879036,0.18154152
0.8744285,-1.1391373,-15.273792,0.11446004,0.7888158,0.26646566,0.5419083
1.0357015,-0.53236085,-14.937243,0.6497036,0.44549727,-0.58859485,0.18158618
0.87263364,-1.140042,-15.273769,0.11447664,0.78885394,0.26653796,0.54181373
1.0358748,-0.5334788,-14.937243,0.6496257,0.44570002,-0.58844244,0.18186106
0.87301165,-1.1407362,-15.273751,0.11442475,0.78880197,0.26655325,0.54189295
1.0360304,-0.5338129,-14.937243,0.6495309,0.44583425,-0.5884247,0.18192844
0.8733052,-1.1412753,-15.273737,0.11452616,0.7886269,0.26651302,0.54214597
1.0361679,-0.5328372,-14.937243,0.64945227,0.4458843,-0.58854294,0.18170355
0.8735417,-1.1400841,-15.273726,0.11443661,0.78845835,0.26658043,0.5423768
1.0362946,-0.5331924,-14.937243,0.6494516,0.44589543,-0.58850276,0.18180874
0.87374413,-1.1390649,-15.273717,0.11429423,0.7882567,0.26675203,0.54261553
1.0358112,-0.5341037,-14.937243,0.6495146,0.44597813,-0.5883189,0.18197614
0.8739154,-1.1382024,-15.273709,0.11410469,0.78817874,0.26684108,0.5427248
1.0359542,-0.5343635,-14.937243,0.64951086,0.44593185,-0.58834755,0.18201032
0.8758618,-1.1374593,-15.273702,0.11410705,0.78793806,0.26681587,0.5430862
1.03669,-0.5334064,-14.937243,0.6493581,0.44590902,-0.5885771,0.18186888
0.8773809,-1.1386064,-15.273698,0.114034794,0.78768945,0.26705518,0.5433443
1.0367771,-0.5331154,-14.937243,0.64923227,0.44590145,-0.58872485,0.18185844
0.87868303,-1.1377848,-15.273693,0.113890566,0.787492,0.26715878,0.5436098
1.0368608,-0.5334392,-14.937243,0.6491762,0.44593063,-0.58872396,0.18199009
0.87977827,-1.1370939,-15.273689,0.113610245,0.78723997,0.26729155,0.54396814
1.0369394,-0.53374374,-14.936639,0.6490448,0.44599873,-0.58873314,0.18226177
0.8806164,-1.1383406,-15.273685,0.11349474,0.7869026,0.26757377,0.54434144
1.037014,-0.5340328,-14.936066,0.6489224,0.44608423,-0.58874077,0.18246342
0.8830653,-1.1393529,-15.273684,0.11335357,0.7865865,0.26772547,0.54475284
1.0370815,-0.5337024,-14.936138,0.6488625,0.44605348,-0.58884674,0.18240988
0.88519293,-1.1383498,-15.273681,0.1129708,0.78551114,0.2681974,0.54615027
1.0371459,-0.53398925,-14.936207,0.6487154,0.44595942,-0.58903676,0.18254936
0.8946541,-1.1367255,-15.275904,0.11227155,0.7834187,0.26856297,0.5491122
1.0378369,-0.53337365,-14.936336,0.6482474,0.44554093,-0.5897882,0.18280739
0.8967814,-1.1361283,-15.27767,0.11190952,0.78287774,0.26855406,0.5499614
1.0378544,-0.53368783,-14.936394,0.64812005,0.44514602,-0.5901654,0.18300343
0.89844126,-1.1356624,-15.279049,0.11193912,0.7824742,0.26835078,0.5506284
1.0378702,-0.5333781,-14.936446,0.6479591,0.44486395,-0.59056556,0.18296836
0.8997179,-1.1353041,-15.280109,0.111888155,0.78210443,0.26834062,0.55116886
1.0385302,-0.53306246,-14.936501,0.6477914,0.44455287,-0.5910048,0.18290038
0.90068907,-1.1350315,-15.280917,0.111953676,0.7818783,0.268103,0.5515919
1.0391675,-0.53209126,-14.936552,0.64756525,0.44430828,-0.5914276,0.18292847
0.9014306,-1.1323233,-15.281533,0.11165068,0.7818497,0.26776734,0.5518569
1.0398153,-0.5325599,-14.936605,0.64755064,0.44413668,-0.5914797,0.18322805
0.90198916,-1.1302834,-15.281998,0.111535795,0.7817477,0.26772916,0.5520429
1.0404631,-0.5330284,-14.936658,0.6473973,0.44404304,-0.5915866,0.1836516
0.9023898,-1.1313033,-15.2823305,0.11151334,0.7816224,0.26772174,0.55222845
1.0402777,-0.5334421,-14.936705,0.6474803,0.44399554,-0.591485,0.18380094
0.90531087,-1.1294891,-15.28259,0.11155623,0.78159827,0.26739046,0.5524144
1.0408682,-0.5323009,-14.9367485,0.6474436,0.4438975,-0.5916655,0.1835862
0.9023759,-1.1331903,-15.282769,0.113372646,0.78273076,0.26694432,0.5506542
1.0406604,-0.53202707,-14.93751,0.6477649,0.44357023,-0.5917493,0.18297258
0.9003065,-1.1334453,-15.282896,0.11423998,0.78346056,0.26663962,0.5495836
1.0404778,-0.53178656,-14.93818,0.6480144,0.44334581,-0.59175915,0.18260044
0.9016075,-1.1376287,-15.280928,0.11542931,0.78371537,0.26691854,0.548836
1.0408324,-0.5319801,-14.938725,0.64823645,0.44282356,-0.5919835,0.1823523
0.9020134,-1.1389339,-15.279404,0.11570198,0.78361154,0.26718262,0.54879814
1.0413443,-0.5324482,-14.938616,0.6481913,0.44253558,-0.59221286,0.18246716
0.9004003,-1.1399134,-15.27826,0.11570091,0.7836123,0.26742858,0.54867756
1.0418445,-0.5336593,-14.938509,0.64816505,0.4423236,-0.59230775,0.18276607
0.90099543,-1.1406583,-15.277391,0.115795515,0.7833722,0.26758465,0.5489243
1.0431674,-0.53241205,-14.938401,0.6480421,0.44191855,-0.5927986,0.18259072
0.8997228,-1.1412319,-15.276721,0.11565737,0.78327775,0.2677042,0.54903
1.0435704,-0.5329313,-14.938299,0.648037,0.441558,-0.5930493,0.18266672
0.9003758,-1.1416786,-15.2762,0.11552303,0.7831265,0.26783803,0.5492087
1.0439506,-0.5334209,-14.938203,0.64798886,0.44131795,-0.593207,0.18290552
0.90245205,-1.1404684,-15.275789,0.11539026,0.7829152,0.26789588,0.5495095
1.0443044,-0.5347786,-14.938114,0.64794976,0.4411364,-0.5932815,0.18324007
0.90262,-1.1395055,-15.275462,0.11521161,0.78283316,0.26791874,0.5496527
1.044635,-0.5351173,-14.93803,0.64793587,0.44092682,-0.5934208,0.18334231
0.90416473,-1.1401417,-15.275199,0.11525587,0.7826539,0.26795122,0.5498828
1.0449307,-0.53449947,-14.937956,0.64785796,0.44072342,-0.59371114,0.18316665
0.9054382,-1.1406662,-15.274983,0.11525912,0.78252846,0.26795238,0.55006015
1.0451965,-0.5339442,-14.937889,0.6478265,0.44058064,-0.59389544,0.18302411
0.90517473,-1.139773,-15.274801,0.11506177,0.7824396,0.268081,0.55016524
1.0464762,-0.53440124,-14.937821,0.64783645,0.44046858,-0.5939201,0.18317863
0.9063121,-1.1403534,-15.274641,0.11501469,0.78228426,0.2682264,0.55032504
1.0477262,-0.5359541,-14.937756,0.64784974,0.44056025,-0.59376895,0.18340105
0.9043802,-1.1375905,-15.276786,0.11439635,0.78308725,0.26754582,0.5496427
1.0457848,-0.5364235,-14.937654,0.64878786,0.44211635,-0.5917826,0.18275894
0.90191287,-1.1371775,-15.277585,0.11420774,0.7837062,0.26718113,0.54897684
1.0440787,-0.535658,-14.938562,0.64927036,0.44308257,-0.5906728,0.18229543
0.89985716,-1.1379561,-15.278251,0.11416425,0.7842784,0.26681888,0.5483446
1.0426179,-0.5341013,-14.93934,0.6496672,0.44381958,-0.58986044,0.18171814
0.8970655,-1.1375427,-15.27881,0.11412018,0.784804,0.26649496,0.54775876
1.0413603,-0.53276116,-14.94001,0.6500238,0.44439393,-0.589202,0.18117462
0.8947078,-1.1371937,-15.279282,0.11412388,0.7852859,0.26624787,0.54718727
1.0394585,-0.53241473,-14.94059,0.6504023,0.44492456,-0.5884738,0.18088013
0.8927041,-1.1378597,-15.279682,0.11420068,0.78573126,0.26601827,0.5466433
1.0385774,-0.53288615,-14.941094,0.6506962,0.44545195,-0.5877692,0.18081607
0.89099133,-1.138429,-15.2800255,0.114319645,0.78610855,0.26581576,0.54617435
1.0370736,-0.53403205,-14.941534,0.65096265,0.44585696,-0.5871799,0.18077327
0.88951904,-1.1389185,-15.280319,0.114466496,0.78646624,0.26561382,0.5457268
1.0357541,-0.5336428,-14.94192,0.6511185,0.44622314,-0.5867866,0.18058532
0.8874213,-1.1393414,-15.280574,0.11464577,0.7868116,0.26544306,0.5452742
1.0345916,-0.5326374,-14.942261,0.65125793,0.44644165,-0.5865377,0.18035083
0.88795215,-1.1389245,-15.280011,0.11442618,0.7865204,0.26581687,0.5455582
1.0348219,-0.5330068,-14.941932,0.6512319,0.44595468,-0.58682877,0.18070287
0.88841534,-1.1378158,-15.279519,0.11419326,0.78622043,0.2661211,0.5458909
1.0350264,-0.53333473,-14.941641,0.65125275,0.44560763,-0.58696353,0.18104592
0.88952893,-1.1382596,-15.279089,0.11402508,0.78587466,0.26653588,0.5462215
1.0346406,-0.5341949,-14.941381,0.651333,0.44526914,-0.5870385,0.18134686
0.8898366,-1.1386502,-15.279382,0.113825105,0.78545076,0.2669152,0.5466876
1.0348353,-0.5338846,-14.941689,0.6514423,0.445013,-0.5870942,0.18140258
0.89010847,-1.1389953,-15.279641,0.113600194,0.7850574,0.26728666,0.5471177
1.0344974,-0.53360635,-14.941965,0.65157574,0.44482732,-0.5870915,0.18138735
0.8915632,-1.1393013,-15.279871,0.11342262,0.7846612,0.26759872,0.5475703
1.0341934,-0.5333561,-14.942212,0.65168774,0.4447084,-0.58706945,0.18134794
0.891705,-1.1389972,-15.280077,0.113123484,0.7843719,0.26789138,0.54790324
1.0334567,-0.533593,-14.942436,0.6518254,0.4447555,-0.5868722,0.18137604
0.8923793,-1.1387258,-15.28026,0.11286245,0.7840673,0.26819685,0.5482437
1.0332298,-0.5338073,-14.942638,0.6519204,0.44484183,-0.5866863,0.18142445
0.8929833,-1.1390027,-15.280424,0.112618096,0.7837527,0.26852423,0.5485834
1.0330243,-0.5340016,-14.9428215,0.6520203,0.44489866,-0.5865429,0.18138997
0.89352614,-1.1392516,-15.280571,0.112360306,0.78337765,0.26887366,0.54900056
1.0324409,-0.5341781,-14.942987,0.65211904,0.4449553,-0.5864105,0.1813236
0.8944848,-1.1390064,-15.280704,0.11211009,0.78297246,0.26922065,0.5494595
1.0322863,-0.5332084,-14.943139,0.65215063,0.44501886,-0.58637786,0.18115993
0.8953511,-1.1387848,-15.280823,0.1118727,0.7825907,0.26953042,0.5498998
1.0321453,-0.5330393,-14.943277,0.65217775,0.44505677,-0.5863398,0.18109238
0.8957228,-1.138578,-15.280934,0.11162938,0.78227925,0.26987812,0.55022174
1.0320162,-0.53288454,-14.943404,0.6522042,0.44512367,-0.5862734,0.18104744
0.8961182,-1.1383582,-15.281053,0.11143021,0.7819822,0.2701604,0.55054563
1.0318979,-0.5333889,-14.943198,0.65225923,0.44514757,-0.5861832,0.18108253
0.8969161,-1.1383924,-15.281292,0.111315385,0.78165877,0.27049682,0.550863
1.0319811,-0.5336887,-14.943125,0.652318,0.44488376,-0.58629984,0.18114173
0.8980176,-1.13811,-15.281427,0.11129181,0.7815245,0.2706259,0.5509949
1.0324347,-0.53409797,-14.9432335,0.6523345,0.44460395,-0.58646345,0.18123952
0.8991497,-1.138539,-15.281566,0.1113649,0.7814033,0.27076587,0.5510831
1.0325902,-0.5344756,-14.943333,0.65234864,0.44437,-0.5865984,0.18132547
0.8994827,-1.1389413,-15.281696,0.11135365,0.7812937,0.27095303,0.55114883
1.0327337,-0.53482455,-14.943424,0.6523595,0.44413942,-0.5867409,0.18139054
0.89980435,-1.1385679,-15.281821,0.11132235,0.7812274,0.27096388,0.5512437
1.0328665,-0.5349099,-14.943509,0.6523769,0.44393584,-0.58686405,0.18142763
0.89936185,-1.1382413,-15.281932,0.11119083,0.7812395,0.27092797,0.5512708
1.0329896,-0.5347634,-14.943587,0.65238774,0.44373524,-0.58699995,0.18143979
0.89968616,-1.1379302,-15.282038,0.111069866,0.78113186,0.27094984,0.55143696
1.0331037,-0.53462744,-14.94366,0.6524058,0.4435356,-0.5871323,0.18143481
0.8999983,-1.1376305,-15.282138,0.11092279,0.78105116,0.27096686,0.5515725
1.0332098,-0.5342976,-14.943728,0.6524233,0.44335252,-0.58725214,0.18143147
0.90029657,-1.1373442,-15.282234,0.11074247,0.78097355,0.27096346,0.5517203
1.033115,-0.5341843,-14.943791,0.65247965,0.44319668,-0.5873052,0.18143803
0.90152377,-1.1361295,-15.282335,0.1098935,0.78026813,0.27150106,0.5526232
1.0332148,-0.5344584,-14.943852,0.6525147,0.4432785,-0.5871812,0.18151337
0.9027581,-1.1349077,-15.282436,0.10919413,0.7796676,0.27200755,0.55335975
1.0331205,-0.5343426,-14.9439125,0.65254503,0.4433214,-0.5871177,0.18150513
0.90393335,-1.1348312,-15.282533,0.10872122,0.77915984,0.27234775,0.55400044
1.0332203,-0.5340368,-14.943971,0.6525442,0.44329846,-0.5871606,0.1814253
0.905034,-1.1347595,-15.282623,0.10849365,0.77856565,0.2727583,0.5546781
1.0333182,-0.5343139,-14.944029,0.6525444,0.44307008,-0.58731186,0.18149252
0.90736413,-1.1346902,-15.28271,0.10831212,0.7780897,0.27291453,0.5553041
1.0336127,-0.53419846,-14.944086,0.6525213,0.442722,-0.58760196,0.18148626
0.9081494,-1.1346279,-15.282788,0.108219296,0.7777853,0.27311483,0.55565006
1.0339261,-0.5340756,-14.944148,0.6524808,0.44228014,-0.58798486,0.18146889
0.9102844,-1.13457,-15.282861,0.10810804,0.7774943,0.27328923,0.5559931
1.0340271,-0.534177,-14.944214,0.6524553,0.4417219,-0.58840513,0.181558
0.91070986,-1.1345197,-15.282925,0.1078945,0.7772868,0.2733887,0.5562757
1.0344211,-0.5345716,-14.94429,0.65235883,0.44107407,-0.58889496,0.18189116
0.9110811,-1.133015,-15.28444,0.10752032,0.7772422,0.273362,0.5564236
1.0345399,-0.5350008,-14.944373,0.65233016,0.44033697,-0.5893808,0.18220592
0.9113971,-1.1332006,-15.285731,0.10738588,0.7770875,0.2733795,0.5566569
1.0354775,-0.53553104,-14.944475,0.65214086,0.43955854,-0.5900638,0.18255262
0.9132731,-1.1317844,-15.286914,0.10743381,0.7768587,0.27329236,0.5570097
1.0360702,-0.53612936,-14.944591,0.65205866,0.43874258,-0.5906645,0.18286572
0.9149393,-1.1305265,-15.287964,0.10735076,0.7767359,0.2732498,0.5572179
1.0366927,-0.5362442,-14.944712,0.6519329,0.43795165,-0.5913011,0.18315275
0.91638166,-1.1294377,-15.288873,0.10724676,0.77662396,0.27317494,0.5574307
1.0374064,-0.53699774,-14.945473,0.6518107,0.4371755,-0.59190553,0.18348897
0.91760445,-1.1285145,-15.289644,0.10727306,0.7765216,0.2730116,0.55764806
1.0388498,-0.5370906,-14.945574,0.65157694,0.43648672,-0.5926029,0.18370798
0.9186235,-1.1277452,-15.290287,0.10726439,0.7762945,0.27296948,0.55798644
1.0395604,-0.5371858,-14.946446,0.6515462,0.43587157,-0.5930481,0.18384081
0.91946137,-1.1271127,-15.290815,0.107212126,0.7761437,0.2728937,0.55824333
1.0411154,-0.53728145,-14.946484,0.65132797,0.43541348,-0.59354097,0.18410905
0.9201441,-1.1246104,-15.291245,0.10642639,0.77570313,0.27292672,0.55898947
1.0417148,-0.53737193,-14.946517,0.65109617,0.4351727,-0.593951,0.18417579
0.92282635,-1.1225046,-15.291608,0.10563728,0.774982,0.2731831,0.5600132
1.0431864,-0.53655183,-14.94655,0.6508698,0.43502417,-0.5943602,0.18400724
0.9250148,-1.1207865,-15.2919035,0.10497398,0.7744256,0.27334931,0.5608258
1.045639,-0.535738,-14.946582,0.6505689,0.43488252,-0.5948264,0.1838994
0.9267583,-1.1194178,-15.29214,0.10462293,0.7739183,0.27357876,0.56147957
1.0458432,-0.53410196,-14.946609,0.6504515,0.43484434,-0.59505194,0.18367532
0.93055415,-1.1183184,-15.292329,0.10434662,0.77343047,0.2738309,0.5620799
1.0469716,-0.5326246,-14.946633,0.6503258,0.43477955,-0.59526783,0.18357389
0.9309947,-1.1198418,-15.292466,0.10412202,0.7730331,0.27424037,0.56246847
1.0480417,-0.5322159,-14.946657,0.6502001,0.43459353,-0.5955651,0.18349527
0.9313213,-1.120971,-15.292568,0.10393237,0.7727212,0.27444646,0.5628315
1.0490505,-0.5328741,-14.946679,0.6501467,0.43457276,-0.5955844,0.18367097
0.9339497,-1.1195015,-15.292649,0.10369653,0.77241987,0.2746242,0.5632018
1.0499831,-0.5324004,-14.946699,0.6500403,0.43457738,-0.59566915,0.18376209
0.9359916,-1.1183599,-15.292712,0.10319657,0.77211654,0.2749139,0.5635681
1.0508422,-0.53308743,-14.946718,0.64995164,0.43454522,-0.5957413,0.18391758
0.9351,-1.117533,-15.292758,0.10285074,0.7720077,0.27505708,0.5637105
1.0504956,-0.53473157,-14.946734,0.6500193,0.434429,-0.5956478,0.18425585
0.93684095,-1.1168946,-15.292793,0.10261192,0.77176946,0.2753468,0.56393874
1.0501966,-0.535114,-14.946749,0.6499919,0.4343885,-0.59565985,0.18440883
0.9357564,-1.1164361,-15.292819,0.10252499,0.7715263,0.27535662,0.56428236
1.0510159,-0.5354772,-14.947865,0.6499134,0.4339326,-0.59607387,0.18442081
0.94238573,-1.1135607,-15.290337,0.101632185,0.76973134,0.27530414,0.5669146
1.0529544,-0.5346485,-14.947742,0.6491039,0.43225735,-0.5981785,0.1843918
0.94754136,-1.1113245,-15.288405,0.10102612,0.76860136,0.27549404,0.5684617
1.0547032,-0.5326994,-14.947632,0.6484992,0.4308305,-0.59993297,0.18415853
0.9513283,-1.1123446,-15.286986,0.10094322,0.76781476,0.27597883,0.56930375
1.0562639,-0.5334107,-14.946308,0.64799213,0.42991087,-0.6009961,0.18462583
0.95416814,-1.1103479,-15.288684,0.10078725,0.76743,0.2761571,0.56976354
1.0606586,-0.5341261,-14.946389,0.6474041,0.4290699,-0.6021427,0.184909
0.95619345,-1.1116873,-15.289895,0.1010373,0.76717603,0.27616176,0.57005894
1.0648052,-0.5332388,-14.9464655,0.6469171,0.42833593,-0.60324675,0.18471596
0.95763826,-1.1126428,-15.29076,0.10129751,0.7667972,0.27663478,0.57029307
1.0651479,-0.5355844,-14.946529,0.6468118,0.42824027,-0.6032969,0.1851427
0.9586685,-1.1133242,-15.291376,0.10145673,0.7665718,0.2768196,0.57047796
1.0654377,-0.5360185,-14.946583,0.64675856,0.42800683,-0.60355693,0.18502077
0.9567334,-1.1111531,-15.291792,0.10128062,0.7666969,0.27673662,0.57038146
1.0656763,-0.53485537,-14.946627,0.64677906,0.4277491,-0.6038483,0.18459372
0.9553984,-1.1121556,-15.29208,0.10133883,0.7666604,0.27674168,0.57041776
1.0658777,-0.5353981,-14.946664,0.6466787,0.42780212,-0.6038716,0.1847463
0.95446,-1.1128601,-15.292282,0.10137193,0.76665443,0.2768369,0.5703737
1.0660473,-0.53585565,-14.946695,0.6465413,0.42783645,-0.603895,0.18507093
0.95612305,-1.1133888,-15.292433,0.10157359,0.7664948,0.27685195,0.57054496
1.066187,-0.5347391,-14.946721,0.64638984,0.4276863,-0.60429627,0.18463664
0.9573482,-1.1137782,-15.290231,0.10162375,0.7661515,0.27712274,0.5708656
1.0678561,-0.5337619,-14.946744,0.6460195,0.42770952,-0.6047337,0.1844467
0.9582868,-1.1140767,-15.290878,0.101520695,0.7659313,0.27735835,0.57106483
1.0677122,-0.53447634,-14.946762,0.6459428,0.42782137,-0.60465467,0.18471502
0.95900244,-1.1143042,-15.291372,0.10140765,0.76562667,0.2774914,0.5714288
1.0691676,-0.535102,-14.946779,0.64573705,0.4278313,-0.60487986,0.18467413
0.96434873,-1.116877,-15.289355,0.10168508,0.7643253,0.27785763,0.57294166
1.0720246,-0.5324057,-14.945177,0.64505625,0.42737895,-0.6060941,0.18411843
0.96598196,-1.1139815,-15.287826,0.100363545,0.7634357,0.27823234,0.57417756
1.0727689,-0.5349482,-14.943876,0.6446738,0.4270113,-0.6066054,0.18462643
0.9698121,-1.1117064,-15.286623,0.09969077,0.7625671,0.27864122,0.57524973
1.0750043,-0.5322972,-14.942771,0.6441752,0.42651072,-0.6076058,0.18423395
0.9727281,-1.1073362,-15.2857065,0.09875538,0.7619246,0.27896395,0.5761054
1.0769124,-0.5349617,-14.941828,0.64385766,0.42614406,-0.6080178,0.18483245
0.97489065,-1.1067916,-15.285027,0.09832449,0.76132494,0.27925596,0.5768301
1.0785303,-0.53386164,-14.941028,0.6433672,0.4258451,-0.608753,0.18480931
0.9793222,-1.1063833,-15.284518,0.098055154,0.76047885,0.27990824,0.5776751
1.0799001,-0.5346536,-14.940351,0.6429129,0.4254984,-0.6093778,0.18512914
0.9825482,-1.106086,-15.284147,0.09767284,0.7599271,0.28056127,0.5781491
1.0810484,-0.53531754,-14.939782,0.64262456,0.4251884,-0.6098629,0.18524514
0.98485655,-1.1029153,-15.283882,0.097418636,0.7593855,0.28092027,0.5787289
1.0819906,-0.53409433,-14.939317,0.64245087,0.42484778,-0.6103181,0.18512985
0.98646134,-1.1036817,-15.283698,0.09710396,0.75889236,0.28148782,0.57915276
1.082763,-0.5330914,-14.938934,0.64218265,0.42461246,-0.6108299,0.18491262
0.99062854,-1.1042225,-15.286602,0.096902765,0.7581839,0.28207248,0.57982945
1.0833967,-0.5340562,-14.938621,0.6420281,0.42426005,-0.61117357,0.18512225
0.9904502,-1.1045835,-15.28854,0.09621669,0.7578558,0.28268713,0.58007336
1.0821886,-0.5348022,-14.938378,0.64206415,0.42399266,-0.6112204,0.18545513
0.99032885,-1.1048291,-15.289859,0.09593501,0.7575392,0.28315878,0.5803034
1.0846022,-0.53200626,-14.939884,0.64177513,0.4235184,-0.6119961,0.18498029
0.99321914,-1.1050043,-15.2908,0.09555681,0.7564994,0.2845039,0.58106387
1.0886065,-0.5332143,-14.939377,0.6414136,0.4219092,-0.613361,0.18539016
0.9952527,-1.1020933,-15.291462,0.09510029,0.75608575,0.28502524,0.5814215
1.0900208,-0.5342125,-14.938957,0.64120173,0.42103064,-0.6140972,0.18568313
0.9966444,-1.1031355,-15.291914,0.09532576,0.7559096,0.28537878,0.58144015
1.0911702,-0.5331063,-14.938618,0.6408502,0.42041275,-0.6148949,0.185657
0.997597,-1.1038488,-15.292225,0.09541558,0.75589436,0.2854327,0.5814188
1.0920998,-0.53221166,-14.938341,0.6407426,0.41976985,-0.61554706,0.18532158
0.998249,-1.1043371,-15.292438,0.09562969,0.7559142,0.2850466,0.58154714
1.0948958,-0.5314662,-14.940133,0.64034593,0.41917682,-0.61643994,0.18506709
0.9986728,-1.1075385,-15.292576,0.096066535,0.75595355,0.2850788,0.58140826
1.0971726,-0.5329436,-14.9395075,0.63997287,0.41883868,-0.616999,0.18525991
0.9989588,-1.1096997,-15.292669,0.09623275,0.7561456,0.2849594,0.5811895
1.096879,-0.5320405,-14.939031,0.639727,0.41883042,-0.6172336,0.18534622
0.99650943,-1.1085162,-15.292732,0.09620106,0.7563029,0.28468382,0.58112526
1.0987281,-0.53130805,-14.938643,0.6393674,0.41887563,-0.6174957,0.18561164
0.99482226,-1.1077011,-15.292775,0.09618426,0.75632435,0.2842989,0.58128834
1.0981177,-0.53076077,-14.940346,0.63908273,0.41912493,-0.6175942,0.18570128
0.99363804,-1.104744,-15.292806,0.09607916,0.7564149,0.28398895,0.58133954
1.0996361,-0.5283184,-14.941706,0.6387095,0.41932273,-0.6178411,0.18571764
0.99507755,-1.1048995,-15.292829,0.09600746,0.7561409,0.2841978,0.5816057
1.0988669,-0.528388,-14.942735,0.6386369,0.41940153,-0.6177536,0.18608022
0.99393594,-1.1028296,-15.292844,0.095588304,0.7559789,0.28412816,0.5819194
1.0982791,-0.5284412,-14.941689,0.6384527,0.41980734,-0.61754924,0.18647529
0.99525005,-1.1034184,-15.292856,0.09520677,0.7558993,0.28407413,0.5821116
1.0978271,-0.5302226,-14.940886,0.6382817,0.42006102,-0.6173103,0.1872789
0.9962715,-1.1038761,-15.292866,0.09487183,0.7556462,0.28420255,0.5824321
1.097471,-0.5299517,-14.940251,0.6380543,0.42045924,-0.6171812,0.18758519
0.9970676,-1.1019754,-15.292873,0.09435236,0.75553674,0.2839718,0.58277094
1.0971847,-0.5297338,-14.939742,0.63771755,0.42062083,-0.6173979,0.187655
0.9976837,-1.1005044,-15.292879,0.093871705,0.75526434,0.2839194,0.58322704
1.0986232,-0.52954686,-14.9409895,0.63719416,0.42080024,-0.6177087,0.18800753
0.9981578,-1.0993724,-15.292884,0.09303691,0.75495976,0.2837903,0.5838176
1.0981452,-0.52939886,-14.940361,0.636624,0.42125157,-0.6178522,0.18845637
1.0036067,-1.095902,-15.292887,0.09092478,0.7531156,0.2837198,0.58656013
1.1030939,-0.52566856,-14.939779,0.6338795,0.42224905,-0.61956817,0.1898367
1.0141983,-1.0832747,-15.295832,0.0866645,0.7502503,0.2832873,0.5910686
1.1038717,-0.5234329,-14.938924,0.6297679,0.4237642,-0.6220021,0.19217129
1.0156586,-1.0751929,-15.297913,0.08532116,0.7494031,0.28298327,0.5924827
1.1060321,-0.52071863,-14.938599,0.62837213,0.42380714,-0.6232849,0.19248873
1.0230969,-1.0724608,-15.299436,0.08447946,0.7484558,0.28340405,0.5935986
1.1078391,-0.52038366,-14.938326,0.62746423,0.4238473,-0.62397707,0.19311862
1.024924,-1.0673434,-15.300475,0.083641365,0.7480749,0.28316215,0.5943124
1.1114328,-0.51598203,-14.938095,0.6265616,0.42365602,-0.62501585,0.19310993
1.0261408,-1.0672082,-15.3011675,0.08309884,0.7476743,0.28355634,0.5947047
1.1122011,-0.51664263,-14.937913,0.6261485,0.423374,-0.6254975,0.1935084
1.0269507,-1.0638152,-15.301628,0.08249519,0.74726367,0.28381318,0.5951821
1.1173459,-0.5149612,-14.937758,0.62543726,0.42302915,-0.6264507,0.19347896
1.0309042,-1.0615191,-15.30194,0.08214542,0.74684554,0.28387475,0.59572566
1.1190894,-0.5136385,-14.937636,0.6251375,0.42299244,-0.62671816,0.19366187
1.0268592,-1.0601107,-15.302132,0.081584774,0.746999,0.2838675,0.59561366
1.1204411,-0.5126129,-14.937541,0.6249922,0.42247087,-0.6272791,0.19345306
1.0273832,-1.0622963,-15.302253,0.081598625,0.74655,0.28427804,0.59597886
1.1214538,-0.5141743,-14.937471,0.6248903,0.42225873,-0.6274778,0.19360076
1.0277218,-1.0637087,-15.302331,0.08144941,0.7463733,0.28433737,0.5961922
1.122228,-0.5130169,-14.937417,0.624711,0.42210764,-0.6278412,0.19333121
1.0309838,-1.061707,-15.302387,0.08148771,0.7461006,0.28456822,0.5964182
1.1228172,-0.5121363,-14.937376,0.6243457,0.42197832,-0.6282338,0.19351776
1.0331957,-1.0633333,-15.302425,0.08117357,0.74483025,0.28592023,0.59740144
1.1282693,-0.5139303,-14.937343,0.6225027,0.4202483,-0.63070315,0.1951805
1.0377636,-1.0644693,-15.302452,0.08103744,0.7441736,0.28641686,0.5980001
1.1324307,-0.5152996,-14.934749,0.62114406,0.4191866,-0.63231295,0.19657838
1.0378709,-1.0652369,-15.302469,0.08059325,0.74401575,0.2864538,0.5982387
1.1355505,-0.5163262,-14.932805,0.6202867,0.41859493,-0.63321614,0.19763613
1.0379449,-1.0627917,-15.302483,0.08002689,0.74416345,0.2862987,0.59820527
1.1378661,-0.51440406,-14.931361,0.61965823,0.41841984,-0.6337891,0.19814114
1.0379959,-1.0611038,-15.302491,0.07938114,0.74468863,0.28575724,0.59789664
1.1424228,-0.51295394,-14.930273,0.6186046,0.41819677,-0.63465995,0.19911462
1.0352054,-1.0599964,-15.302497,0.07894817,0.7449898,0.28561226,0.5976479
1.1428303,-0.5147036,-14.929517,0.6180522,0.4183428,-0.63479704,0.2000842
1.038676,-1.0586557,-15.302503,0.07917318,0.7445306,0.28628787,0.59786713
1.1453668,-0.51482725,-14.928584,0.6157418,0.41807038,-0.63643754,0.20255013
1.0412812,-1.0610434,-15.302505,0.07991984,0.74415994,0.28658634,0.59808624
1.1477194,-0.5132612,-14.9283085,0.6146605,0.41765115,-0.6374357,0.20355806
1.04311,-1.0627195,-15.3025055,0.080530696,0.74389017,0.28708392,0.59810126
1.1493908,-0.5149495,-14.928113,0.61386573,0.41703957,-0.6383026,0.20449154
1.0417613,-1.0638597,-15.302507,0.080651894,0.74369085,0.28755555,0.59810627
1.1535032,-0.5161839,-14.927969,0.61304146,0.41635618,-0.6392531,0.20538577
1.0408256,-1.0646507,-15.302508,0.080886655,0.7435029,0.28799897,0.5980949
1.1563683,-0.5199234,-14.92787,0.6124178,0.41609246,-0.63953304,0.2069037
1.0425774,-1.0652338,-15.302508,0.081279896,0.74309057,0.28834468,0.5983873
1.158374,-0.522541,-14.927799,0.612073,0.4155754,-0.6398875,0.20786493
1.0438188,-1.0679666,-15.300189,0.08167877,0.74300367,0.2885393,0.5983472
1.1627944,-0.524434,-14.927749,0.6116664,0.41439965,-0.6408255,0.20851824
1.04251,-1.0699363,-15.30072,0.08195687,0.74303824,0.28874964,0.5981647
1.1659191,-0.5227336,-14.927713,0.61132795,0.4134463,-0.6417598,0.20852992
1.0436451,-1.0692852,-15.299017,0.08196507,0.7430747,0.2888013,0.5980932
1.1650536,-0.5245346,-14.9276905,0.61117834,0.4130442,-0.64181024,0.20960738
1.0444887,-1.0707899,-15.29775,0.082192525,0.7428824,0.28923604,0.5980909
1.1704307,-0.5288219,-14.927673,0.61080635,0.41082013,-0.64337397,0.21026762
1.0472034,-1.0720091,-15.296725,0.08340126,0.74208266,0.2903707,0.59836656
1.1742208,-0.5287724,-14.92459,0.60965484,0.41067848,-0.6445019,0.21043184
1.0492374,-1.0767822,-15.295957,0.08457751,0.7414162,0.29151607,0.5984707
1.1737486,-0.5316855,-14.922578,0.6091771,0.41070455,-0.6448697,0.21063775
1.0507817,-1.0804063,-15.293539,0.08553054,0.7409496,0.2924067,0.5984786
1.1764094,-0.5337391,-14.92116,0.6088746,0.41076663,-0.6452377,0.2102636
1.0538992,-1.0833718,-15.291562,0.08651516,0.7406344,0.29277655,0.59854645
1.1782329,-0.53216684,-14.923167,0.6084477,0.41082695,-0.64577204,0.20974061
1.0545446,-1.0857037,-15.290008,0.087015495,0.74048984,0.29318827,0.59845114
1.1765975,-0.53396684,-14.921652,0.6084709,0.41151208,-0.6452573,0.20991443
1.0550469,-1.0892493,-15.288796,0.08754382,0.7404174,0.29360938,0.5982572
1.1755015,-0.5324842,-14.920637,0.6084872,0.4117681,-0.6452251,0.20946348
1.055449,-1.0920874,-15.2878275,0.08794914,0.7404474,0.2939067,0.59801465
1.1747439,-0.53404003,-14.919935,0.60859287,0.41249073,-0.64461493,0.20961335
1.0541586,-1.0943097,-15.287069,0.08842484,0.7405726,0.29404446,0.59772176
1.1742045,-0.5351479,-14.9194355,0.608865,0.41308525,-0.64405495,0.20937361
1.0516126,-1.0960683,-15.286469,0.088757396,0.7408529,0.29419872,0.5972489
1.1738138,-0.5359501,-14.919074,0.60897726,0.41360828,-0.6436548,0.20924482
1.0510262,-1.0974739,-15.285989,0.08921618,0.7410473,0.29437697,0.59685135
1.1711984,-0.536517,-14.918818,0.6093476,0.414257,-0.6428834,0.20925517
1.0519294,-1.098608,-15.285602,0.08984307,0.7412397,0.29436567,0.59652394
1.1693184,-0.53470194,-14.918634,0.6098102,0.41446444,-0.6425251,0.20859616
1.04482,-1.1034534,-15.285288,0.09190596,0.74464,0.29399416,0.5921419
1.1679454,-0.5375991,-14.920611,0.6112235,0.41485736,-0.64101654,0.2083195
1.0389848,-1.1086724,-15.285029,0.093594395,0.74728256,0.29365286,0.5887079
1.1669276,-0.53774107,-14.922077,0.6121862,0.41513997,-0.6400753,0.20782325
1.0317976,-1.1129899,-15.284816,0.09475895,0.7495796,0.2933758,0.585732
1.1661624,-0.53975326,-14.923179,0.6128521,0.4152404,-0.6393807,0.20779812
1.0258081,-1.116588,-15.284637,0.095591314,0.7515472,0.29318875,0.58316326
1.1637692,-0.5412859,-14.924018,0.61346066,0.41550878,-0.63858265,0.20792012
1.0197166,-1.1196074,-15.284488,0.09625771,0.75358343,0.29303172,0.5804988
1.1653634,-0.5424677,-14.924665,0.61364883,0.4156709,-0.63814163,0.20839418
1.0135592,-1.1221583,-15.284361,0.096750945,0.75526476,0.2928646,0.57831204
1.1649733,-0.54338956,-14.92517,0.6139293,0.41575295,-0.63773,0.20866461
1.0076873,-1.1245908,-15.28424,0.09716802,0.7565569,0.29286233,0.5765516
1.1646656,-0.5456685,-14.925568,0.6141415,0.415835,-0.6373925,0.20890766
1.0016179,-1.1271051,-15.284116,0.09748833,0.7576467,0.29281688,0.5750877
1.1644205,-0.5460095,-14.925884,0.61427695,0.41605026,-0.6370357,0.20916897
0.99565387,-1.1295758,-15.283994,0.09783397,0.75867444,0.29270893,0.5737275
1.1628226,-0.54768443,-14.92614,0.61453044,0.41621187,-0.63663787,0.20931384
0.9900522,-1.1318964,-15.283878,0.0980429,0.7595488,0.29271066,0.57253283
1.1628566,-0.5477131,-14.926348,0.6145278,0.41640493,-0.6364303,0.20956841
0.9851237,-1.1322954,-15.283777,0.09808028,0.7602487,0.29260316,0.57165164
1.1628844,-0.5477365,-14.926517,0.6145178,0.41659147,-0.6362815,0.20967926
0.980758,-1.1344038,-15.283687,0.09813098,0.7607471,0.29258534,0.57098866
1.1617063,-0.5489568,-14.926657,0.6145941,0.41680363,-0.63596123,0.21000557
0.9770004,-1.1362185,-15.283609,0.098099746,0.7611564,0.29253617,0.57047355
1.1618679,-0.5499712,-14.926773,0.6146018,0.41689676,-0.63585836,0.2101097
0.97384053,-1.1377447,-15.2835455,0.09804636,0.7614376,0.29250488,0.57012343
1.1609193,-0.5508206,-14.92687,0.61464053,0.4169958,-0.6357185,0.21022277
0.971297,-1.1370369,-15.283492,0.09789599,0.7616898,0.29237878,0.56987685
1.1611494,-0.5505068,-14.926952,0.6146747,0.41696244,-0.6357284,0.21015903
0.97120124,-1.1384182,-15.28345,0.097796984,0.76175237,0.29228425,0.56985885
1.1613446,-0.55024064,-14.927021,0.61466825,0.41703632,-0.63566816,0.21021345
0.9692515,-1.1357245,-15.283419,0.0972704,0.76157117,0.29193354,0.5703707
1.1596526,-0.55001354,-14.92801,0.6153495,0.41725272,-0.6351617,0.20932014
0.96954334,-1.1318828,-15.285176,0.09650986,0.761052,0.29134178,0.57149416
1.1582006,-0.5489358,-14.928859,0.6161804,0.4176425,-0.6345058,0.20808376
0.9697691,-1.1289098,-15.286536,0.0959489,0.76056725,0.29081392,0.572502
1.1561092,-0.548006,-14.930429,0.6169177,0.4180393,-0.633889,0.20697941
0.97155446,-1.126583,-15.2876005,0.09555967,0.7601084,0.29030696,0.5734331
1.1542958,-0.54640305,-14.931792,0.61758846,0.41841167,-0.6333394,0.20590651
0.97296673,-1.1262708,-15.288443,0.095407456,0.7595935,0.28988472,0.57435364
1.1527158,-0.5450064,-14.932979,0.6181709,0.418833,-0.6327856,0.20500264
0.9740951,-1.1245694,-15.289116,0.095140316,0.75918025,0.28955278,0.57511127
1.1513331,-0.5452222,-14.933297,0.6187626,0.41932654,-0.63209444,0.20434013
0.9750051,-1.1245766,-15.289659,0.0950319,0.7588585,0.28915468,0.57575375
1.1501178,-0.54404575,-14.934262,0.619284,0.41972125,-0.6315877,0.20351534
0.97443527,-1.1219618,-15.290099,0.094874,0.7586583,0.28874364,0.5762496
1.1483963,-0.5436564,-14.9344635,0.6197893,0.42027777,-0.6309048,0.20294593
0.9752125,-1.1210612,-15.290462,0.09480257,0.75847524,0.28835532,0.5766967
1.1468712,-0.54269505,-14.935259,0.62022924,0.42078948,-0.63033134,0.20232233
0.9730997,-1.1219426,-15.289886,0.095869996,0.7590706,0.28699166,0.57641715
1.1420848,-0.5405214,-14.935488,0.6216084,0.42353243,-0.627705,0.200524
0.97178,-1.123307,-15.289154,0.0967204,0.75965965,0.28610837,0.5759379
1.1389446,-0.53971744,-14.935608,0.62274766,0.42594808,-0.6253467,0.19923626
0.9705488,-1.1245799,-15.288469,0.097484194,0.7601706,0.2853029,0.57553446
1.135148,-0.53874546,-14.935752,0.62389874,0.42832348,-0.62301457,0.19784394
0.96690595,-1.1245849,-15.287807,0.098135464,0.7608062,0.28446144,0.5750001
1.1307592,-0.5365501,-14.936991,0.6250041,0.43036336,-0.6208995,0.19657372
0.9648599,-1.1245894,-15.287204,0.098767996,0.76145,0.28362295,0.5744536
1.1261095,-0.53422433,-14.938303,0.6260054,0.43212557,-0.6190076,0.19548489
0.96133107,-1.1257619,-15.287555,0.10005198,0.7627994,0.28206003,0.57320935
1.1174397,-0.5326356,-14.939563,0.62753403,0.4347617,-0.61593163,0.19445188
0.95569074,-1.1266842,-15.287857,0.1011361,0.764179,0.28084475,0.57177633
1.1104563,-0.531356,-14.938817,0.6282423,0.436904,-0.6136024,0.19472691
0.95337564,-1.1279594,-15.287085,0.10176691,0.76477826,0.28054723,0.57100874
1.1076759,-0.529025,-14.9385195,0.6283986,0.43767527,-0.6128703,0.1947964

