ICVP Direct Stim Program 4.0.0+v4.0.0 - RelativeLocations
Updated at: 2022-08-22--15-55-36
Subject ID: CKT
Tester ID: kstipp
Direct Stimulation Input from the UI

UserID ; Time ; Electrodes ; Frequency (Hz) ; Cathodic Phase Duration (us) ; Train Length (ms) ; Duty On (ms); Duty Off (ms) ; Inter-train Length (ms) ; Amplitude (uA) ; Sent to Gateway ; Response ; Response Latency (ms) ; Response Duration (ms) ; Comments
kstipp ; 2022-08-22--15-55-36 ; 5603-5602-5606-5607 , 5603-5602-5606-5607-1502-1503-1506-1507 ; 200 ; 200 ; 1000 ; 1000 ; 0 ; 0 ; 40 ; True ;  ;  ;  ; moved left, 1st tiny dark pencil point in square pattern, to left was 2nd one rings light rings dark center

Position t,Position u,Position v,Orientation w,Orientation x,Orientation y,Orientation z
0.7572206,-1.4444162,-14.917312,0.310735,0.84346384,0.12930137,0.41868097
0.9155756,-0.121612184,-14.531753,0.1997169,0.8108408,-0.4011542,0.3764648
0.7575267,-1.4440445,-14.917415,0.31084666,0.8434034,0.12922831,0.41874248
0.9163426,-0.12094358,-14.531942,0.1996053,0.81072265,-0.40122768,0.3767001
0.7577759,-1.4450494,-14.917498,0.3110183,0.8433533,0.1291844,0.41872948
0.917059,-0.121391356,-14.532121,0.19961546,0.8105447,-0.40132442,0.37697446
0.7579931,-1.444606,-14.91757,0.31106818,0.84330475,0.12909326,0.4188183
0.9166372,-0.12281423,-14.532274,0.19985956,0.81041235,-0.40127364,0.3771837
0.7569177,-1.4442426,-14.917629,0.31096536,0.84339505,0.12902029,0.41873533
0.917298,-0.12200863,-14.532411,0.1997763,0.8103255,-0.40139705,0.377283
0.7585438,-1.4439156,-14.917682,0.31102127,0.8433281,0.1289331,0.41885537
0.9178897,-0.12128742,-14.532533,0.19966516,0.8102786,-0.40144205,0.37739468
0.7586551,-1.4436293,-14.917728,0.3110291,0.84330416,0.12881047,0.41893554
0.9184337,-0.12276985,-14.532645,0.19981802,0.8101308,-0.4014163,0.37765828
0.7574985,-1.4433943,-14.917768,0.31103563,0.84333074,0.12880538,0.41887876
0.9178738,-0.120963514,-14.532741,0.19962537,0.81013924,-0.40150338,0.3776495
0.75773364,-1.4431951,-14.9178,0.31102335,0.8433157,0.12880147,0.4189193
0.9173982,-0.12136584,-14.532821,0.1997118,0.81008434,-0.4014849,0.3777413
0.7579424,-1.4430183,-14.9178295,0.31111503,0.8432595,0.128791,0.41896734
0.9179117,-0.12078975,-14.53289,0.19965309,0.8100154,-0.4015846,0.37781414
0.75812674,-1.4428623,-14.917855,0.31116295,0.84322107,0.12882356,0.41899928
0.9183668,-0.1202792,-14.532951,0.1996265,0.8099587,-0.40161473,0.37791765
0.75949603,-1.4439443,-14.917876,0.31128898,0.8431217,0.12882312,0.41910577
0.91878736,-0.121645816,-14.533008,0.19987953,0.8098419,-0.40153068,0.37812364
0.7594785,-1.4436747,-14.917895,0.31141365,0.8431004,0.12874998,0.4190784
0.9191667,-0.12104487,-14.533058,0.19979541,0.8097979,-0.4015948,0.37819433
0.759464,-1.4446101,-14.917911,0.3115203,0.84310114,0.12865667,0.41902643
0.9195363,-0.123421796,-14.534096,0.20012653,0.8096385,-0.4015274,0.37843186
0.7583507,-1.4431893,-14.917923,0.31138477,0.8432335,0.12849542,0.41891006
0.91985714,-0.12261911,-14.53404,0.20010348,0.8095658,-0.40160966,0.3785123
0.75950646,-1.4451325,-14.917934,0.31167486,0.84307647,0.12843898,0.41902772
0.9201387,-0.12191454,-14.533992,0.19997935,0.8095068,-0.40170676,0.37860104
0.75949115,-1.4457839,-14.917943,0.31179526,0.8430484,0.12835762,0.41901958
0.9203951,-0.12315029,-14.533948,0.20012768,0.809357,-0.4017854,0.3787594
0.7594781,-1.4453945,-14.917952,0.3117252,0.8431404,0.12818378,0.4189398
0.92061865,-0.12241371,-14.533909,0.19999519,0.8092897,-0.4018945,0.37885746
0.7594669,-1.4450608,-14.917958,0.31173345,0.843208,0.12791604,0.4188795
0.9208236,-0.122656636,-14.533874,0.20003898,0.8091868,-0.40200117,0.37894094
0.7594573,-1.4456257,-14.917965,0.3118368,0.8432157,0.12776871,0.41883215
0.9210107,-0.123804845,-14.533842,0.200197,0.80913866,-0.40197298,0.37899026
0.7594488,-1.4453013,-14.917969,0.31174874,0.8432941,0.12757549,0.4187988
0.92117125,-0.12215018,-14.533813,0.20004793,0.80912185,-0.40209487,0.3789756
0.7594407,-1.4441296,-14.9179735,0.3116365,0.84338826,0.12736231,0.41875753
0.92218757,-0.12153302,-14.533789,0.19993255,0.80902046,-0.40218857,0.37915337
0.7594332,-1.443921,-14.917978,0.31170484,0.843393,0.12716267,0.41875774
0.9222398,-0.12184299,-14.533767,0.19999944,0.80892247,-0.402166,0.37935105
0.7594264,-1.4437294,-14.917983,0.31179526,0.84338176,0.12698871,0.4187659
0.9222872,-0.122124575,-14.533746,0.19998983,0.80884343,-0.40213928,0.379553
0.75942016,-1.4435538,-14.917987,0.31184715,0.84338707,0.12683418,0.41876343
0.92232823,-0.1207168,-14.533728,0.1998124,0.8088163,-0.40218726,0.37965345
0.75941473,-1.4442416,-14.917991,0.31194845,0.84332705,0.12673323,0.41883925
0.9223656,-0.12190515,-14.534536,0.20000033,0.8086803,-0.40210238,0.379934
0.75941,-1.4440403,-14.917993,0.31184906,0.84336174,0.12642364,0.41893718
0.9223996,-0.122164816,-14.534452,0.20002179,0.8086261,-0.40207013,0.38007215
0.75940573,-1.4438537,-14.917995,0.3118393,0.84334534,0.12628956,0.41901776
0.92242926,-0.121609114,-14.534378,0.19996935,0.8085863,-0.40208462,0.3801691
0.7594017,-1.443681,-14.917997,0.31184247,0.84330577,0.12611525,0.41914758
0.9224577,-0.122710526,-14.535123,0.20023784,0.8084665,-0.40199274,0.38037953
0.7593979,-1.4435214,-14.917999,0.31174242,0.8432881,0.12606215,0.4192734
0.92248344,-0.12289904,-14.53499,0.20026135,0.80838645,-0.4020421,0.3804851
0.75939447,-1.4433742,-14.918002,0.3117878,0.84325,0.12589538,0.41936648
0.92250675,-0.12306978,-14.53487,0.20029409,0.8082906,-0.40206954,0.38064247
0.75939137,-1.4432385,-14.918004,0.31180483,0.84322464,0.12570395,0.41946214
0.92252934,-0.124076515,-14.535595,0.20049149,0.80808055,-0.4021161,0.3809353
0.76029617,-1.4431044,-14.918007,0.31186014,0.8430748,0.12570539,0.41972175
0.9234473,-0.12326261,-14.536299,0.2004299,0.807695,-0.40256256,0.38131365
0.7602033,-1.4420253,-14.918008,0.3118116,0.8430451,0.12551096,0.4198756
0.9254772,-0.12450048,-14.537048,0.20057032,0.807256,-0.4029079,0.3818044
0.76111954,-1.4420037,-14.918009,0.31188518,0.8428996,0.12545264,0.42013043
0.9262825,-0.12455385,-14.537761,0.20058934,0.80701095,-0.40313944,0.3820679
0.7609404,-1.4419849,-14.918011,0.31190187,0.8428334,0.12536569,0.42027688
0.9270337,-0.12460364,-14.5384245,0.20065078,0.8068033,-0.4033442,0.3822579
0.76078326,-1.4419686,-14.918012,0.311939,0.8428271,0.1252854,0.420286
0.9277287,-0.12590002,-14.53904,0.20092234,0.8065762,-0.40341088,0.38252416
0.7616411,-1.4419528,-14.918013,0.3119006,0.84272057,0.12534724,0.4205095
0.92832613,-0.124543376,-14.539568,0.20071287,0.80655646,-0.40357867,0.38249886
0.76244783,-1.4419382,-14.918014,0.31177443,0.8426514,0.12527254,0.42076367
0.9288663,-0.12588044,-14.540045,0.20085959,0.8064398,-0.40361166,0.382633
0.7631985,-1.4419246,-14.918015,0.3117684,0.84257364,0.12531202,0.4209123
0.92932403,-0.12450673,-14.54045,0.20083785,0.80640614,-0.4037187,0.38260248
0.7638896,-1.4419119,-14.918016,0.31180075,0.8425032,0.12542047,0.42099681
0.9297327,-0.12456709,-14.540812,0.2009923,0.8063123,-0.4037344,0.3827025
0.7645199,-1.4419005,-14.918017,0.31181502,0.8424086,0.12538843,0.42118508
0.9300934,-0.12593181,-14.54113,0.20108014,0.80622625,-0.4037158,0.38285726
0.7639019,-1.4407399,-14.918018,0.3116791,0.8424288,0.12540163,0.42124143
0.9316352,-0.12331383,-14.540146,0.20069836,0.8062563,-0.40383413,0.38286954
0.7633851,-1.4408627,-14.918019,0.3116488,0.8424296,0.125482,0.42123842
0.93172854,-0.12473116,-14.540524,0.20074272,0.80622745,-0.40375882,0.38298643
0.7640148,-1.4409704,-14.918019,0.3116694,0.84232086,0.12559006,0.42140836
0.9329877,-0.123579375,-14.539666,0.20054874,0.80625236,-0.4038149,0.38297647
0.76458836,-1.4410688,-14.918019,0.3115724,0.84232473,0.12559791,0.42147
0.9329125,-0.12374887,-14.540094,0.20056473,0.8062814,-0.40367875,0.3830504
0.7651079,-1.4411577,-14.918019,0.31158972,0.8422848,0.12564662,0.42152253
0.9328471,-0.12506987,-14.540467,0.20061804,0.80635107,-0.4034817,0.3830834
0.7656,-1.4400173,-14.918021,0.31143108,0.8423574,0.12554468,0.4215251
0.93392867,-0.12391934,-14.539647,0.20037095,0.8064501,-0.4034457,0.38304225
0.7648445,-1.4402354,-14.918021,0.31146118,0.84236735,0.1255646,0.421477
0.93374777,-0.12516078,-14.540056,0.20042272,0.8065102,-0.40325412,0.38309044
0.76531893,-1.4404175,-14.918021,0.31144193,0.8423095,0.12557945,0.42160243
0.9335959,-0.1240739,-14.539334,0.20035505,0.8066131,-0.40313426,0.38303536
0.7657395,-1.440579,-14.918021,0.3114199,0.8422686,0.1255396,0.42171216
0.9334676,-0.12416687,-14.538724,0.2003347,0.80668175,-0.40299684,0.383046
0.7661163,-1.4407237,-14.918021,0.31143683,0.8422111,0.12559497,0.4217979
0.932398,-0.124245904,-14.538205,0.20041516,0.80681163,-0.40280715,0.38292962
0.76677865,-1.4399328,-14.918021,0.31131575,0.84220773,0.125356,0.42196512
0.93152726,-0.12520185,-14.538211,0.20044489,0.8069043,-0.40258968,0.3829476
0.76833975,-1.4401823,-14.918021,0.31141704,0.84212375,0.12519433,0.42210594
0.9316,-0.12682815,-14.538635,0.20055814,0.80687815,-0.40251905,0.3830177
0.768422,-1.4403958,-14.918021,0.31136298,0.84213567,0.12513064,0.42214093
0.9308808,-0.12511103,-14.538219,0.20030032,0.8069818,-0.4025303,0.38292235
0.76729894,-1.4405723,-14.918021,0.31143966,0.84216005,0.12511364,0.42204073
0.9309964,-0.124355875,-14.537858,0.20019858,0.806966,-0.40261227,0.38292262
0.7674957,-1.4407191,-14.918021,0.31151184,0.84216076,0.124999285,0.42201996
0.9310978,-0.12440009,-14.538246,0.20016079,0.8069147,-0.40269062,0.38296816
0.7676606,-1.4408422,-14.918021,0.3115375,0.8421935,0.12490921,0.4219624
0.9311871,-0.12510984,-14.5385895,0.20014611,0.80684155,-0.40271536,0.383104
0.76780933,-1.4398618,-14.918021,0.31156325,0.8421965,0.12480074,0.42196935
0.9312659,-0.124462456,-14.538255,0.20004275,0.80679417,-0.40286118,0.38310438
0.76689786,-1.4400729,-14.918021,0.31165424,0.84228975,0.12463024,0.42176652
0.93133587,-0.12509908,-14.538564,0.20017469,0.80652726,-0.40308842,0.38335842
0.76711017,-1.4402518,-14.918021,0.31188852,0.84224766,0.12457904,0.4216925
0.9313981,-0.12451546,-14.538837,0.2001686,0.80631614,-0.4033614,0.38351846
0.76635563,-1.4404043,-14.918021,0.31208438,0.8422332,0.12458681,0.42157423
0.9320001,-0.1239942,-14.538536,0.20017712,0.8060288,-0.40367967,0.38378304
0.76659745,-1.4405352,-14.918021,0.312291,0.8421976,0.12451388,0.4215139
0.9320204,-0.12508439,-14.538785,0.2005968,0.8057001,-0.4038389,0.38408655
0.7668058,-1.4398036,-14.918021,0.31232265,0.84222245,0.12439428,0.42147586
0.93258286,-0.12453485,-14.539031,0.20065163,0.80543375,-0.40419176,0.38424534
0.76618433,-1.4391698,-14.918021,0.31236655,0.8422668,0.12429705,0.4213835
0.9331808,-0.12517282,-14.539293,0.20105714,0.80499434,-0.40449956,0.38462996
0.7664052,-1.4393797,-14.918021,0.31242815,0.8422304,0.12427755,0.42141634
0.9338042,-0.12583794,-14.539566,0.2013787,0.8046014,-0.40487143,0.38489264
0.76660234,-1.4395672,-14.918021,0.31254864,0.8421774,0.12419197,0.42145815
0.9344288,-0.12577076,-14.53984,0.20157619,0.8043082,-0.4051681,0.38508996
0.7667828,-1.4397388,-14.918021,0.3126362,0.842115,0.124110505,0.42154202
0.93505615,-0.12650095,-14.540114,0.20198537,0.8039579,-0.40542495,0.38533664
0.7677814,-1.439915,-14.918021,0.31276584,0.841985,0.12416329,0.42169
0.9356634,-0.12636575,-14.5403805,0.20215888,0.80371237,-0.4057104,0.38545743
0.7678808,-1.4400742,-14.918021,0.31289616,0.8418882,0.1241465,0.42179134
0.9362551,-0.12713312,-14.54064,0.2023788,0.80337065,-0.40608683,0.385658
0.7698608,-1.440397,-14.918021,0.31331626,0.8414001,0.12405776,0.42247915
0.93835163,-0.12657563,-14.541122,0.20286654,0.8020827,-0.40776074,0.38631555
0.77082264,-1.4405538,-14.918021,0.31373838,0.8410161,0.12380477,0.42300424
0.9410973,-0.12753576,-14.541367,0.20370518,0.80097175,-0.4089111,0.38696286
0.77062285,-1.4396538,-14.918021,0.31390026,0.8408691,0.12347872,0.4232716
0.943697,-0.12596034,-14.541597,0.20399496,0.8002014,-0.4099378,0.38731745
0.7715355,-1.4399021,-14.918021,0.3141126,0.8406574,0.12315856,0.42362776
0.94624597,-0.12721321,-14.543222,0.20469275,0.7994909,-0.41061315,0.38770106
0.7723888,-1.4401342,-14.918021,0.31440207,0.8404432,0.122998886,0.42388433
0.9485024,-0.12542404,-14.543212,0.2049551,0.7989411,-0.4115091,0.3877459
0.77320135,-1.4390943,-14.918021,0.31443408,0.84042186,0.122689664,0.42399243
0.95048547,-0.12385165,-14.543202,0.20517439,0.79853153,-0.41218278,0.38775805
0.77267396,-1.439434,-14.918021,0.31458768,0.8403803,0.12245843,0.42402783
0.95398533,-0.12734988,-14.5448475,0.20595612,0.797842,-0.41270545,0.3882068
0.77339816,-1.4397264,-14.918021,0.31472313,0.84033155,0.12221899,0.42409283
0.955216,-0.12530588,-14.544559,0.20598948,0.7975756,-0.413242,0.38816583
0.7740563,-1.4399921,-14.918021,0.31496814,0.84027606,0.12196487,0.42409423
0.9562567,-0.12524544,-14.544315,0.2062572,0.79742163,-0.4133665,0.38820732
0.77464926,-1.4402314,-14.918021,0.31503657,0.84038377,0.12176315,0.4238879
0.9588811,-0.123462014,-14.544105,0.20650455,0.7972187,-0.41358534,0.3882596
0.7739425,-1.440429,-14.918021,0.3151834,0.84050477,0.1215179,0.42360908
0.9611123,-0.12553704,-14.543926,0.20702022,0.796878,-0.41379207,0.38846394
0.7733546,-1.4405934,-14.918021,0.31529978,0.8406264,0.12137669,0.42332146
0.96300536,-0.1272976,-14.545649,0.20741634,0.79670733,-0.41387928,0.38850993
0.77286214,-1.440731,-14.918021,0.3153764,0.84072113,0.12126378,0.4231085
0.96451795,-0.12498575,-14.545166,0.20732005,0.796691,-0.41404656,0.38841647
0.7724469,-1.4408473,-14.918021,0.31540528,0.8408308,0.12113672,0.4229054
0.9639019,-0.12677218,-14.546582,0.2078002,0.79665256,-0.41392428,0.38836914
0.7720944,-1.4409459,-14.918021,0.31546488,0.8409466,0.12108052,0.42264685
0.9634136,-0.1264427,-14.547705,0.20796871,0.7966493,-0.4140302,0.38817263
0.77179354,-1.44103,-14.918021,0.31563252,0.84105325,0.12101774,0.42232734
0.9630327,-0.12452209,-14.54858,0.20801474,0.7968235,-0.41392067,0.38790724
0.7715353,-1.4411021,-14.918021,0.3158186,0.8411131,0.12093071,0.4220937
0.96440053,-0.12797298,-14.5493145,0.20843291,0.79664177,-0.41391343,0.38806358
0.77131236,-1.4411645,-14.918021,0.31597328,0.84116054,0.12091428,0.42188817
0.96386904,-0.1258673,-14.54989,0.20828223,0.7966886,-0.41402757,0.3879266
0.77111894,-1.4420122,-14.918021,0.31612077,0.84121096,0.12092821,0.4216732
0.96344197,-0.12572107,-14.550352,0.2082748,0.79671806,-0.41407323,0.38782135
0.77095044,-1.4419972,-14.918021,0.31612146,0.8412922,0.12088344,0.42152342
0.96310014,-0.12855211,-14.550721,0.20870487,0.7966242,-0.41396323,0.3879005
0.7708029,-1.4412676,-14.918021,0.31608522,0.8413766,0.12080051,0.42140582
0.9628252,-0.12662809,-14.55102,0.20848806,0.7968083,-0.41389585,0.38771057
0.7699927,-1.4413066,-14.918021,0.3161033,0.84137243,0.12084045,0.4213891
0.9625984,-0.12774542,-14.551265,0.20867534,0.7969127,-0.41366664,0.38763988
0.7699239,-1.441341,-14.918021,0.31610703,0.8413424,0.120861106,0.4214404
0.9611285,-0.1260881,-14.551465,0.20856015,0.79718745,-0.41345343,0.38736433
0.769863,-1.4407575,-14.918021,0.31599596,0.8413042,0.12080931,0.42161477
0.95991874,-0.12594457,-14.551631,0.20853437,0.79730475,-0.41328874,0.38731265
0.7698088,-1.4408219,-14.918021,0.31598958,0.8412434,0.12077236,0.42175144
0.96007484,-0.12814446,-14.551768,0.20877096,0.7972613,-0.41309848,0.3874774
0.7697605,-1.4408793,-14.918021,0.31593123,0.8411827,0.12081486,0.42190394
0.96020526,-0.12888075,-14.551882,0.2088282,0.79727036,-0.4129691,0.38756597
0.76919067,-1.4404043,-14.918021,0.31578916,0.84117645,0.12076918,0.4220359
0.9603149,-0.12740725,-14.551978,0.20861274,0.79735935,-0.41290653,0.38756564
0.7691792,-1.4399779,-14.918021,0.3157093,0.841107,0.12075786,0.42223728
0.9604078,-0.12814802,-14.552059,0.20860837,0.7973366,-0.4128519,0.38767296
0.7691689,-1.440069,-14.918021,0.31559458,0.8410363,0.12078941,0.42245477
0.9615512,-0.12990792,-14.552136,0.20872301,0.79725826,-0.41269833,0.3879358
0.7700133,-1.4393638,-14.918021,0.31529722,0.84080225,0.120703235,0.42316672
0.9614814,-0.13087068,-14.552266,0.20872046,0.7973695,-0.41239762,0.38802826
0.77042365,-1.4394815,-14.918021,0.31517065,0.840601,0.120736815,0.4236509
0.96145356,-0.12926178,-14.551322,0.20836887,0.79753476,-0.4122908,0.387991
0.77084595,-1.4396025,-14.918021,0.31511852,0.84040076,0.120730564,0.4240885
0.9614299,-0.1278917,-14.550517,0.20799613,0.7977078,-0.41216388,0.38797015
0.7719668,-1.4397458,-14.918021,0.31495336,0.8401516,0.12070634,0.4247114
0.96230865,-0.1285163,-14.550727,0.20793472,0.79767495,-0.4121235,0.38811353
0.7732429,-1.4399089,-14.918021,0.31471896,0.83991414,0.120706186,0.42535424
0.96221125,-0.12734605,-14.550054,0.20775095,0.7977778,-0.41208786,0.38803828
0.7747056,-1.4391555,-14.918021,0.31437188,0.8397068,0.12077707,0.42599982
0.96131563,-0.1263331,-14.549471,0.2076544,0.7979158,-0.4119956,0.38790423
0.7750919,-1.4394209,-14.918021,0.31412858,0.83951366,0.12099851,0.42649677
0.9613074,-0.12545203,-14.548964,0.20762603,0.7979529,-0.41197044,0.38786986
0.7754462,-1.4396644,-14.918021,0.31389785,0.8393685,0.121024065,0.4269448
0.960568,-0.12687886,-14.549253,0.20779783,0.79799575,-0.41184202,0.3878261
0.7757701,-1.439887,-14.918021,0.3137308,0.8391499,0.1210836,0.42748016
0.95991904,-0.12813109,-14.549508,0.20792249,0.79806733,-0.41168123,0.38778272
0.7785898,-1.4401343,-14.919251,0.31316984,0.83821255,0.12127484,0.4296707
0.9593471,-0.12923461,-14.549732,0.2078749,0.7982649,-0.41143236,0.38766557
0.7799506,-1.4390112,-14.920439,0.3125356,0.83749205,0.12154297,0.4314578
0.95946896,-0.12958308,-14.549931,0.20779988,0.7983811,-0.41129375,0.38761368
0.78122073,-1.437963,-14.921548,0.31206214,0.8369042,0.12164747,0.4329093
0.95898074,-0.12929608,-14.549509,0.2076514,0.7985094,-0.41115102,0.38758042
0.7840646,-1.4386241,-14.922592,0.31194773,0.8362402,0.12186707,0.4342113
0.95854574,-0.12847374,-14.549135,0.20748445,0.79863346,-0.41106358,0.38750687
0.78866994,-1.4392542,-14.923587,0.3118595,0.8356591,0.12194947,0.43536863
0.9586951,-0.12881513,-14.5487995,0.20736372,0.7986492,-0.41100442,0.38760185
0.79058355,-1.4377784,-14.924436,0.31176654,0.8352813,0.1217906,0.43620387
0.9588291,-0.12963262,-14.54901,0.20736963,0.79865164,-0.4109295,0.38767317
0.7943942,-1.438693,-14.925159,0.31164664,0.8347971,0.121935576,0.437175
0.95894957,-0.12988214,-14.549201,0.20726697,0.79864573,-0.4109169,0.38775364
0.79755193,-1.4371206,-14.92576,0.3114436,0.8345306,0.12183906,0.43785492
0.95859677,-0.12964572,-14.548909,0.20719422,0.79869425,-0.410831,0.3877833
0.8000641,-1.4358696,-14.926237,0.3112086,0.8343546,0.12178369,0.43837243
0.9582777,-0.12943189,-14.548647,0.20712973,0.7987196,-0.41078138,0.38781828
0.8046232,-1.4374684,-14.926613,0.31131482,0.8340548,0.121818945,0.43885747
0.9588214,-0.1288215,-14.5484085,0.20698614,0.7987112,-0.41080406,0.38788825
0.80537945,-1.4360452,-14.92689,0.3113481,0.8339395,0.121825494,0.43905112
0.9589198,-0.12866247,-14.548193,0.20694762,0.7987171,-0.41076726,0.38793564
0.8059207,-1.4375776,-14.927088,0.31147307,0.83384615,0.12185564,0.43913144
0.95900947,-0.12889348,-14.547996,0.20690347,0.798689,-0.41076896,0.38801518
0.8089726,-1.4387428,-14.927238,0.31153032,0.8338096,0.12155294,0.43924406
0.9590913,-0.12910436,-14.547816,0.20691541,0.798652,-0.41075745,0.38809723
0.81125206,-1.436894,-14.927351,0.3114411,0.8337984,0.12139507,0.4393722
0.95916617,-0.12929724,-14.547991,0.20691831,0.7986149,-0.4107725,0.388156
0.81022197,-1.4356345,-14.927427,0.3113807,0.83386445,0.121255554,0.43932828
0.95923483,-0.12947403,-14.54815,0.20691857,0.7985853,-0.4107858,0.38820267
0.81210464,-1.4346869,-14.9274845,0.31121415,0.8339347,0.12111095,0.43935257
0.95929784,-0.12871784,-14.547991,0.20684452,0.7985714,-0.41084746,0.3882056
0.8108738,-1.4340355,-14.927525,0.3111585,0.8340243,0.12091452,0.43927613
0.9593558,-0.1283132,-14.547844,0.20680228,0.79854214,-0.4109056,0.38822672
0.8100117,-1.4335793,-14.927553,0.31125194,0.83403635,0.12089005,0.4391939
0.9594092,-0.12821674,-14.547986,0.20680955,0.79849106,-0.4109629,0.3882671
0.8093865,-1.4332484,-14.927573,0.3112439,0.8341282,0.12071656,0.43907282
0.9594584,-0.12786524,-14.548117,0.20676452,0.7984478,-0.41103834,0.3883003
0.81129557,-1.4329884,-14.927588,0.3114231,0.8340261,0.12055229,0.43918493
0.95950395,-0.12754042,-14.548238,0.20677072,0.7983875,-0.41109416,0.38836178
0.8080954,-1.432803,-14.9276,0.3114444,0.83414376,0.12046971,0.43896875
0.95983535,-0.12746483,-14.54837,0.20679528,0.7982855,-0.41118094,0.38846663
0.80783075,-1.43257,-14.927614,0.3114883,0.83429205,0.119945325,0.43879953
0.95991427,-0.12787175,-14.548622,0.20701762,0.7981239,-0.4112221,0.38863662
0.80774695,-1.4324962,-14.927619,0.31170717,0.83435,0.11965886,0.4386121
0.9599516,-0.12834063,-14.54874,0.20719907,0.7979991,-0.41124356,0.3887735
0.8076808,-1.4324379,-14.927622,0.31174532,0.8344115,0.11955935,0.4384951
0.960324,-0.12855394,-14.548878,0.20726286,0.7978842,-0.4112961,0.3889197
0.80762815,-1.4323916,-14.927625,0.3117793,0.8344895,0.11952541,0.43833166
0.96035486,-0.12842897,-14.549013,0.2072664,0.7978112,-0.4113696,0.38898978
0.80758816,-1.4341909,-14.927627,0.312033,0.83451575,0.11941863,0.4381302
0.9603852,-0.12830618,-14.549146,0.20733626,0.7977289,-0.41136643,0.38912475
0.80755746,-1.4355739,-14.927628,0.31225333,0.8345149,0.1193038,0.43800616
0.9604144,-0.12784888,-14.5492735,0.20728901,0.79770046,-0.41140744,0.38916472
0.8075334,-1.43499,-14.927629,0.3122743,0.8346474,0.11915868,0.4377781
0.9608416,-0.12733574,-14.549417,0.207266,0.7976208,-0.41148648,0.38925678
0.80751365,-1.4345117,-14.92763,0.31226715,0.8348092,0.118931554,0.43753654
0.96085745,-0.12641457,-14.54956,0.20719895,0.7975757,-0.41156387,0.3893029
0.8059284,-1.4341353,-14.927631,0.31226113,0.8350113,0.118772104,0.4371984
0.9613525,-0.12586477,-14.549719,0.20724264,0.79748946,-0.4116112,0.38940638
0.8046684,-1.4323449,-14.927632,0.3123375,0.8352449,0.11844891,0.43678504
0.9613455,-0.12581927,-14.549871,0.20730682,0.7973819,-0.41165257,0.38954893
0.8036571,-1.4323248,-14.927632,0.312434,0.83540714,0.118255936,0.4364579
0.9613392,-0.12623633,-14.550009,0.20748039,0.7972734,-0.41160795,0.38972574
0.8041838,-1.4323083,-14.927632,0.31253546,0.83553374,0.118041225,0.436201
0.96179307,-0.12709491,-14.55014,0.20763665,0.7970496,-0.41164497,0.39006075
0.80461407,-1.4335734,-14.927632,0.31274366,0.8356152,0.11793134,0.43592525
0.9622605,-0.12748177,-14.550277,0.20768307,0.7969001,-0.411694,0.39028978
0.8037539,-1.4346155,-14.927632,0.3129711,0.8356804,0.117859654,0.43565637
0.962209,-0.12830286,-14.550399,0.20782666,0.7967104,-0.4117556,0.39053562
0.80303997,-1.4343264,-14.927632,0.31306732,0.83582085,0.11778241,0.43533865
0.9626625,-0.12913878,-14.550523,0.20803836,0.7964325,-0.41187042,0.39086846
0.80353934,-1.4351809,-14.927632,0.31325904,0.835882,0.1177491,0.43509227
0.963774,-0.12947841,-14.550663,0.20807926,0.79612905,-0.41203302,0.39129338
0.80291826,-1.4348587,-14.927632,0.31335807,0.83600867,0.11762158,0.43481195
0.9642471,-0.12982,-14.550803,0.20819645,0.79594374,-0.41206694,0.3915722
0.80140287,-1.4335965,-14.927632,0.31337044,0.8361937,0.117496915,0.43448085
0.9647093,-0.1294784,-14.5509405,0.20822248,0.7957767,-0.41215706,0.3918028
0.80105126,-1.4334606,-14.927632,0.3134843,0.83630735,0.11741958,0.43420082
0.9644759,-0.12853514,-14.551063,0.20824116,0.79568946,-0.41223094,0.39189246
0.7996419,-1.4332439,-14.927632,0.31361663,0.83653843,0.11726111,0.43370262
0.96537924,-0.12751062,-14.55128,0.20803832,0.7953583,-0.41243827,0.39245382
0.79948807,-1.4331568,-14.927632,0.31369898,0.8366559,0.117225245,0.4334262
0.9657666,-0.12801284,-14.551385,0.20814611,0.7951886,-0.41262108,0.39254832
0.7993542,-1.4330812,-14.927632,0.31378183,0.8367563,0.11720288,0.43317837
0.9661319,-0.12918031,-14.551485,0.20837428,0.7950193,-0.41268313,0.39270478
0.7992371,-1.4330151,-14.927632,0.31382284,0.83686507,0.11718427,0.4329435
0.9672876,-0.12961574,-14.551588,0.2084317,0.79479885,-0.41298804,0.39280006
0.7977525,-1.4329569,-14.927632,0.31379652,0.83702916,0.11718525,0.43264502
0.9675782,-0.1308121,-14.551684,0.20863833,0.79475933,-0.413023,0.39273375
0.7970999,-1.4329058,-14.927632,0.31380302,0.83712983,0.11717973,0.43244687
0.96785253,-0.13112956,-14.551776,0.20882538,0.7947208,-0.41307217,0.39266038
0.79714566,-1.432237,-14.927632,0.31373566,0.83723915,0.11713561,0.43229613
0.9681095,-0.13225777,-14.551862,0.20901361,0.7945839,-0.41322276,0.3926789
0.7965941,-1.4322351,-14.927632,0.31370714,0.83732784,0.117115214,0.43215033
0.96835,-0.13246258,-14.551942,0.20900021,0.79452014,-0.41338113,0.3926483
0.79610234,-1.4327962,-14.927071,0.31375384,0.8373747,0.1171278,0.43202245
0.96857417,-0.13265343,-14.552015,0.20899081,0.7944664,-0.41344374,0.39269635
0.7956625,-1.4327636,-14.927102,0.3137474,0.8374175,0.117180154,0.43192986
0.9687829,-0.13372223,-14.552085,0.2090445,0.7944257,-0.4134961,0.3926948
0.79577583,-1.4327343,-14.926622,0.31376654,0.83744264,0.11719119,0.43186426
0.9689754,-0.13380216,-14.552149,0.20895307,0.79439956,-0.41352624,0.3927647
0.79587775,-1.4327078,-14.92619,0.31379,0.8374544,0.1172054,0.4318206
0.9691526,-0.1338757,-14.552208,0.20887823,0.7943776,-0.4135026,0.39287373
0.7955114,-1.432684,-14.92626,0.3137795,0.83747387,0.11724236,0.4317802
0.9702702,-0.1329925,-14.552263,0.20871733,0.7943876,-0.41362056,0.39281482
0.79517996,-1.4326624,-14.925887,0.3137937,0.83747464,0.117266536,0.43176183
0.9703254,-0.13410582,-14.552312,0.2088408,0.7944111,-0.41346696,0.3928632
0.7948794,-1.4326427,-14.9259615,0.31380612,0.83747697,0.11727782,0.43174538
0.9703756,-0.13511768,-14.552358,0.20886634,0.7944316,-0.41333416,0.39294794
0.794999,-1.4330178,-14.925637,0.31382462,0.83746725,0.11730305,0.43174395
0.9704208,-0.13506263,-14.552399,0.20886105,0.7944768,-0.41320738,0.3929927
0.7947347,-1.4333597,-14.9257145,0.31386298,0.83745706,0.11730382,0.4317356
0.97046137,-0.13501307,-14.552436,0.20875657,0.7944771,-0.41324413,0.39300913
0.7948481,-1.4333172,-14.925785,0.313887,0.8374584,0.117280394,0.431722
0.9704983,-0.13594532,-14.552468,0.20883927,0.79449606,-0.4131599,0.3930154
0.79472685,-1.4329225,-14.925583,0.31389847,0.83748007,0.11720269,0.4316926
0.97050965,-0.13567272,-14.552527,0.20880535,0.7945185,-0.41312176,0.39302832
0.7945202,-1.4329,-14.925648,0.3139112,0.83750224,0.11714528,0.43165582
0.97054017,-0.13649623,-14.55255,0.20884247,0.794522,-0.41310385,0.3930203
0.7943301,-1.4328791,-14.925707,0.31390274,0.8375309,0.11708863,0.4316218
0.9715253,-0.13630447,-14.552571,0.20884252,0.7944241,-0.4132564,0.39305773
0.7941549,-1.4328599,-14.925762,0.31387997,0.83755255,0.11703687,0.4316104
0.9714591,-0.1343225,-14.55259,0.20853357,0.79463387,-0.4131402,0.39291987
0.7939933,-1.4328421,-14.925813,0.31387293,0.8375891,0.11698611,0.4315584
0.9714021,-0.13261767,-14.552606,0.20831354,0.79485726,-0.41297832,0.39275494
0.7938439,-1.4325782,-14.925859,0.3138028,0.8376422,0.116927356,0.43152222
0.97053254,-0.13032325,-14.55262,0.20805031,0.7951551,-0.41278973,0.39248973
0.7936867,-1.4325678,-14.925909,0.31378034,0.8376887,0.1168933,0.43145746
0.96977687,-0.12910889,-14.552631,0.20786858,0.7954098,-0.4125703,0.39230058
0.7937956,-1.4325583,-14.925955,0.31377092,0.8377152,0.116887264,0.43141446
0.96985763,-0.12878916,-14.552642,0.20775086,0.7955745,-0.4123503,0.39226037
0.79364014,-1.4325486,-14.926002,0.31374708,0.837777,0.116869554,0.43131658
0.9699284,-0.12780546,-14.552651,0.20759533,0.79579616,-0.41215748,0.39209557
0.7934708,-1.4325382,-14.926052,0.31372747,0.8378112,0.11685601,0.43126822
0.9693225,-0.1276075,-14.55266,0.20760463,0.7960313,-0.41185012,0.3919363
0.79328835,-1.4325267,-14.926107,0.31370628,0.83785987,0.11684669,0.4311915
0.96942174,-0.1274325,-14.552667,0.2075839,0.79620105,-0.4116604,0.39180166
0.79307616,-1.4321129,-14.92617,0.31364763,0.8379154,0.116828345,0.43113118
0.96890676,-0.1284833,-14.552672,0.20767659,0.796337,-0.4114402,0.39170748
0.7928569,-1.4321172,-14.926236,0.31366134,0.83794236,0.116838515,0.43106604
0.9678753,-0.12827317,-14.552678,0.20769128,0.7964958,-0.4112715,0.39155415
0.7926318,-1.4321216,-14.926305,0.31364265,0.83797234,0.11685433,0.43101707
0.96749806,-0.12917392,-14.552683,0.2077684,0.796586,-0.41109577,0.39151427
0.7924283,-1.4325663,-14.926366,0.31369114,0.83798534,0.11688226,0.4309489
0.967677,-0.12843011,-14.552688,0.20766029,0.7966454,-0.41108456,0.39146248
0.79221964,-1.4325485,-14.926428,0.31367224,0.8380101,0.11692734,0.4309023
0.9673467,-0.12874386,-14.552691,0.20765951,0.7967347,-0.41096732,0.39140433
0.79200715,-1.4325305,-14.926491,0.3136899,0.8380222,0.11694706,0.43086067
0.967049,-0.12902667,-14.552694,0.20770489,0.79683477,-0.41079593,0.39135626
0.79179263,-1.4325123,-14.926556,0.31369588,0.8380416,0.11696501,0.4308136
0.9667799,-0.1292823,-14.552698,0.20769903,0.7969103,-0.41070452,0.39130157
0.7921141,-1.4324961,-14.926613,0.3136871,0.838044,0.11699762,0.43080658
0.966536,-0.12909283,-14.552701,0.2076976,0.79697555,-0.41063422,0.3912432
0.7913034,-1.4324787,-14.926674,0.31364375,0.83810014,0.11699577,0.43072948
0.96631444,-0.12892072,-14.552703,0.20769358,0.797056,-0.41053858,0.39118186
0.79112375,-1.4330183,-14.926729,0.31368548,0.83808815,0.117038995,0.4307107
0.9661127,-0.12876403,-14.552706,0.20764671,0.7971378,-0.4104761,0.3911057
0.7909459,-1.432969,-14.9267845,0.31368056,0.83810127,0.11702155,0.43069345
0.9662897,-0.12826,-14.552708,0.207549,0.79718035,-0.41048738,0.39105898
0.79077095,-1.4329206,-14.926838,0.31367344,0.8381078,0.11698164,0.4306968
0.9664516,-0.12779915,-14.55271,0.20747232,0.79720205,-0.41050255,0.39103943
0.7906001,-1.4328732,-14.926891,0.31361753,0.8381388,0.11694971,0.4306857
0.9659481,-0.12737697,-14.552712,0.2074059,0.7972538,-0.41048422,0.39098844
0.79043293,-1.4321587,-14.926943,0.31353799,0.8381827,0.116888486,0.43067485
0.9657956,-0.12698951,-14.552713,0.20734762,0.79725826,-0.41051677,0.39097613
0.79028136,-1.4321619,-14.926338,0.31357452,0.8381602,0.116832264,0.43070725
0.9659495,-0.12692735,-14.552714,0.20730984,0.79724896,-0.41049653,0.39103642
0.7907655,-1.4321648,-14.925803,0.31362262,0.8380967,0.11685852,0.4307888
0.9658118,-0.1268701,-14.552716,0.20728719,0.79725164,-0.4104641,0.39107707
0.7906084,-1.4321675,-14.925328,0.31363484,0.83806497,0.11688072,0.4308356
0.9654194,-0.12681729,-14.552717,0.2072951,0.79727364,-0.41042122,0.39107272
0.7910264,-1.4321698,-14.924905,0.3136449,0.83801305,0.11691454,0.4309201
0.965309,-0.12727278,-14.552718,0.20734605,0.7972575,-0.4103796,0.39112243
0.79140043,-1.432172,-14.924525,0.31361932,0.83798313,0.11690927,0.4309983
0.9654465,-0.12745462,-14.552719,0.20734459,0.7972293,-0.4103772,0.3911833
0.7917362,-1.4321738,-14.924186,0.31359208,0.8379523,0.11692379,0.431074
0.9653462,-0.12762307,-14.552721,0.20737247,0.7972229,-0.4103596,0.3911999
0.7915598,-1.4316969,-14.924356,0.31353244,0.83795404,0.116905436,0.43111894
0.96525323,-0.12799548,-14.552722,0.20742336,0.79719996,-0.41033354,0.3912469
0.7914006,-1.4321755,-14.924058,0.3135658,0.8379103,0.11694314,0.4311696
0.9651669,-0.12813595,-14.552723,0.2074552,0.79718727,-0.4103195,0.39127073
0.7912566,-1.4321771,-14.923786,0.3135905,0.83787507,0.11696457,0.43121424
0.9650867,-0.12826653,-14.552724,0.20745896,0.7971762,-0.41031584,0.39129525
0.7915362,-1.4321784,-14.92354,0.313621,0.8378329,0.11698335,0.43126878
0.96520144,-0.12839259,-14.552725,0.20747061,0.7971502,-0.41032207,0.3913354
0.79179054,-1.4321796,-14.923707,0.3136562,0.83778095,0.11699149,0.43134198
0.9651217,-0.12851615,-14.552727,0.20748131,0.7971391,-0.41031334,0.3913614
0.79165196,-1.4325509,-14.923488,0.3136873,0.8377508,0.11701063,0.43137273
0.9650435,-0.12863722,-14.552728,0.20749304,0.7971295,-0.4103007,0.391388
0.7915254,-1.4325383,-14.923638,0.31370005,0.8377267,0.117018275,0.4314081
0.9649669,-0.12875587,-14.552729,0.20752095,0.79711884,-0.41026545,0.39143193
0.7917438,-1.4321926,-14.923778,0.3136715,0.8376972,0.11703935,0.4314805
0.9650841,-0.12887214,-14.55273,0.20754823,0.79708385,-0.41025373,0.39150095
0.7919441,-1.4325105,-14.923905,0.31370282,0.83765143,0.117073745,0.4315373
0.9650066,-0.12917835,-14.5527315,0.20759983,0.7970763,-0.41020262,0.39154252
0.7921281,-1.432501,-14.924023,0.31367207,0.8376143,0.11710445,0.43162346
0.9649307,-0.12928617,-14.552732,0.207612,0.79706806,-0.410153,0.39160487
0.7922973,-1.4324923,-14.92413,0.31364906,0.8375871,0.117142856,0.4316824
0.9650486,-0.12939185,-14.552733,0.20764649,0.79704463,-0.41008565,0.3917048
0.79245335,-1.4327563,-14.92423,0.313639,0.837549,0.11720696,0.4317464
0.96497196,-0.1294954,-14.552734,0.20769463,0.79703337,-0.41001412,0.39177698
0.7925974,-1.4327415,-14.924321,0.31362548,0.83749586,0.117281586,0.43183887
0.96508896,-0.12940465,-14.552734,0.20772299,0.797015,-0.40994614,0.3918705
0.79273057,-1.4327279,-14.924406,0.3135946,0.837454,0.11734522,0.43192518
0.9650115,-0.12950794,-14.552734,0.20780839,0.7970158,-0.40983406,0.39194083
0.79285383,-1.4327153,-14.924484,0.3135768,0.83740395,0.117423244,0.43201393
0.9649355,-0.12960918,-14.552734,0.20785615,0.7969972,-0.409752,0.39203903
0.7929681,-1.4327035,-14.924558,0.3135438,0.8373665,0.11749069,0.43209225
0.96486104,-0.1297084,-14.552734,0.20789109,0.79700106,-0.40965763,0.39211136
0.79307413,-1.4329033,-14.924624,0.31355402,0.83729213,0.11759711,0.43219995
0.9647881,-0.12961338,-14.552734,0.20788059,0.79701406,-0.40959746,0.39215335
0.7931726,-1.433089,-14.924686,0.31355444,0.8371906,0.117778644,0.4323469
0.9647166,-0.12932803,-14.552734,0.2078227,0.7970584,-0.4095527,0.39214066
0.7932653,-1.4332637,-14.924746,0.31354097,0.83708155,0.11799268,0.43250933
0.96464646,-0.12924063,-14.552734,0.20782062,0.7970787,-0.4095247,0.3921296
0.79354835,-1.4334348,-14.924803,0.31357202,0.8369171,0.118228815,0.43274048
0.96477,-0.12896273,-14.552734,0.20777841,0.79711574,-0.40948984,0.3921131
0.79371697,-1.4337668,-14.924722,0.3136208,0.8365222,0.11897729,0.43326324
0.96443695,-0.12861572,-14.552734,0.20787565,0.7972228,-0.40938368,0.39195475
0.79407585,-1.4339777,-14.924798,0.31374708,0.8362153,0.119480886,0.4336256
0.96456474,-0.12835032,-14.552734,0.20789419,0.7972231,-0.40942284,0.3919034
0.79417604,-1.4339303,-14.924874,0.31377453,0.83599144,0.11994599,0.43390888
0.9644977,-0.12809023,-14.552734,0.20792563,0.79723036,-0.40941957,0.39187554
0.7943074,-1.4345638,-14.924626,0.31403366,0.8356805,0.120502904,0.434166
0.9646243,-0.12783533,-14.552734,0.20796227,0.7972119,-0.40943453,0.3918779
0.79445225,-1.434864,-14.924354,0.31422317,0.83547366,0.12093455,0.43430695
0.9643638,-0.12758555,-14.552734,0.20800218,0.79723865,-0.40942395,0.3918133
0.79461,-1.4351912,-14.924055,0.31434938,0.83534473,0.121206805,0.43438762
0.964493,-0.12734073,-14.552734,0.20804097,0.79720163,-0.40944654,0.39184445
0.7954316,-1.4362329,-14.923668,0.3146096,0.8350742,0.12157288,0.43461713
0.96461964,-0.12710083,-14.552734,0.20811197,0.79715025,-0.409498,0.3918575
0.7956121,-1.4373877,-14.92324,0.3148229,0.834891,0.12200505,0.43469352
0.9645515,-0.12705797,-14.552734,0.20824845,0.79709274,-0.4095326,0.39186585
0.7957889,-1.4377447,-14.92282,0.31491786,0.83482194,0.1221295,0.43472245
0.9644847,-0.12701596,-14.552734,0.208369,0.79703116,-0.40955472,0.39190388
0.7968278,-1.4381087,-14.922392,0.31512278,0.83466375,0.12224038,0.43484643
0.96440285,-0.12672392,-14.552736,0.20848954,0.7969848,-0.40956208,0.39192635
0.7969255,-1.4394382,-14.921956,0.31535825,0.8345704,0.12233764,0.43482763
0.96456397,-0.12667961,-14.552978,0.20865953,0.79689276,-0.4095842,0.392
0.7980447,-1.4396923,-14.921537,0.31546026,0.83444667,0.12251504,0.43494108
0.9647266,-0.12663488,-14.553222,0.20888008,0.7967684,-0.40961367,0.39210448
0.7991824,-1.4411172,-14.921111,0.315984,0.8339955,0.122726366,0.4353664
0.96489483,-0.12658861,-14.553473,0.20917073,0.79659426,-0.40963554,0.39228052
0.80029035,-1.4425045,-14.920696,0.31636164,0.83370394,0.12268224,0.43566296
0.9650502,-0.12679775,-14.553707,0.20946966,0.79635763,-0.409714,0.3925193
0.79994565,-1.4437433,-14.920325,0.3166264,0.8336035,0.1226508,0.43567166
0.9649547,-0.12699123,-14.553924,0.20981264,0.796156,-0.4097593,0.39269787
0.8011175,-1.4464561,-14.919965,0.31704837,0.8333467,0.12268629,0.435846
0.9653208,-0.12739778,-14.554123,0.2101633,0.7958669,-0.4098126,0.39304063
0.80220205,-1.448967,-14.919631,0.31738418,0.83314204,0.122720964,0.43598306
0.96566045,-0.12734295,-14.554092,0.21036762,0.79566234,-0.4099322,0.3932207
0.8031235,-1.4494022,-14.919347,0.31744817,0.83309203,0.12272863,0.4360298
0.96577066,-0.12729204,-14.554064,0.21056381,0.7955693,-0.4099568,0.39327833
0.80389845,-1.4497683,-14.919108,0.31748578,0.83307266,0.12273413,0.4360379
0.96566564,-0.12723827,-14.5542555,0.2108155,0.7955054,-0.40990427,0.39332762
0.8045448,-1.4500737,-14.918909,0.3174793,0.8330344,0.122687384,0.43612903
0.9655682,-0.12781937,-14.554433,0.21129575,0.79543185,-0.40971416,0.39341658
0.8050801,-1.4503267,-14.918745,0.31751916,0.83295107,0.12272247,0.43624932
0.96547735,-0.12796018,-14.554598,0.21143945,0.79546124,-0.40961456,0.39338377
0.80552095,-1.4505349,-14.918609,0.31744343,0.83291227,0.12272989,0.43637612
0.96558523,-0.12789962,-14.554561,0.21149914,0.7954867,-0.40955132,0.393366
0.80586076,-1.4489743,-14.918504,0.31738052,0.83290136,0.12273517,0.4364414
0.96569264,-0.12764226,-14.554524,0.21149273,0.79553336,-0.4094767,0.39335275
0.8044907,-1.4493923,-14.918422,0.31737757,0.8329183,0.122764245,0.43640313
0.96581906,-0.12757613,-14.554718,0.21148792,0.79558957,-0.4093609,0.3933622
0.80499303,-1.451391,-14.918354,0.31758383,0.83275115,0.122907184,0.43653166
0.9657072,-0.12797946,-14.554904,0.21158841,0.79564536,-0.40916282,0.39340147
0.8054109,-1.451398,-14.918298,0.31769872,0.83263946,0.122940905,0.43665162
0.9658524,-0.12789375,-14.555117,0.21152465,0.79566926,-0.40912625,0.3934254
0.8041663,-1.4514035,-14.918253,0.31762257,0.8326765,0.12290365,0.43664694
0.9657046,-0.12749408,-14.555347,0.2114836,0.79576975,-0.40902707,0.39334726
0.8062635,-1.451408,-14.918216,0.31761268,0.8325786,0.12294678,0.4368286
0.9655473,-0.12740524,-14.555594,0.21147457,0.7958739,-0.4088776,0.39329696
0.80645233,-1.4514118,-14.918184,0.31752694,0.83261436,0.12290814,0.4368337
0.96538866,-0.12766747,-14.555842,0.21165079,0.7958382,-0.4088139,0.39334056
0.80661064,-1.4514151,-14.918159,0.31763896,0.8325269,0.12300134,0.43689266
0.9655936,-0.12828982,-14.556089,0.21181048,0.79578984,-0.40871644,0.3934538
0.8067433,-1.4514177,-14.918136,0.31769174,0.83245784,0.12300724,0.43698424
0.9654173,-0.1285424,-14.556341,0.211932,0.7958147,-0.4086116,0.39344692
0.8068594,-1.4530718,-14.918117,0.31784707,0.832276,0.123118654,0.4371862
0.96565306,-0.12838615,-14.556604,0.21183208,0.795792,-0.40867606,0.39347976
0.80695367,-1.4527951,-14.918101,0.31789714,0.832149,0.1231633,0.43737885
0.96502465,-0.12823284,-14.556863,0.21178499,0.7958571,-0.40862405,0.39342734
0.80878663,-1.4542954,-14.918088,0.31808206,0.8318623,0.12336438,0.43773314
0.9653013,-0.12807664,-14.557125,0.21172002,0.79581255,-0.40867138,0.39350316
0.8085334,-1.455545,-14.918076,0.31817585,0.8317019,0.12347827,0.43793762
0.965572,-0.12886608,-14.557383,0.21178366,0.79571784,-0.40864345,0.39368945
0.8100671,-1.4548026,-14.918067,0.3183335,0.8312121,0.123630576,0.4387091
0.9653492,-0.12866636,-14.557637,0.21171899,0.79575574,-0.40861735,0.3936747
0.8113933,-1.4559911,-14.918058,0.31857294,0.83071965,0.12397204,0.4393713
0.96513116,-0.12948455,-14.557887,0.21176428,0.7957447,-0.40857744,0.39371416
0.8125129,-1.4569945,-14.918052,0.31879267,0.83015627,0.1243405,0.44017193
0.9649136,-0.13030033,-14.558135,0.21178964,0.79573584,-0.40853304,0.39376432
0.8133683,-1.4559413,-14.918047,0.31899592,0.82964367,0.124665394,0.44089866
0.96522534,-0.13001862,-14.557853,0.21159083,0.79573685,-0.40861234,0.393787
0.8140872,-1.4569427,-14.918042,0.31938452,0.82901996,0.12515686,0.4416507
0.96550584,-0.1302466,-14.557598,0.21151619,0.7957146,-0.40867302,0.3938091
0.81470156,-1.4598045,-14.918038,0.31990427,0.8283892,0.12546225,0.44237083
0.96576244,-0.13045515,-14.557828,0.21151806,0.7957413,-0.40862358,0.39380544
0.8172684,-1.460071,-14.918035,0.32026,0.8277047,0.12580591,0.44329607
0.9659945,-0.13020322,-14.557596,0.21142383,0.7957643,-0.40864792,0.39378425
0.8254273,-1.4646195,-14.915597,0.32160425,0.8263582,0.12646317,0.44464585
0.96645707,-0.13105255,-14.558055,0.21148737,0.79578584,-0.40855125,0.3938069
0.82828575,-1.466213,-14.916238,0.32204834,0.82591283,0.12660937,0.4451101
0.96666825,-0.13122262,-14.557798,0.21145214,0.7958122,-0.40847886,0.39384767
0.83045703,-1.4674234,-14.914105,0.32247457,0.8255523,0.12694667,0.4453743
0.9668824,-0.13139506,-14.558035,0.21143118,0.79579973,-0.40846354,0.39390004
0.8294699,-1.4657722,-14.915119,0.32251427,0.8254654,0.12676778,0.4455575
0.96707535,-0.13108,-14.557776,0.21128973,0.79582673,-0.40843856,0.39394727
0.83124524,-1.4695648,-14.913363,0.32305396,0.8250689,0.12697396,0.4458421
0.96680075,-0.13124342,-14.557992,0.21128029,0.7958396,-0.4083547,0.3940133
0.8325546,-1.46985,-14.914582,0.3230921,0.8249724,0.1269812,0.44599104
0.9669798,-0.1309638,-14.55776,0.21122026,0.7958417,-0.4083366,0.39405996
0.8335218,-1.4700606,-14.915482,0.32336497,0.8246096,0.12695739,0.4464706
0.96672404,-0.13154995,-14.557964,0.21130407,0.7958121,-0.4082652,0.39414883
0.83181393,-1.4702084,-14.916113,0.32340488,0.8244336,0.12716585,0.44670728
0.9664919,-0.1308673,-14.557745,0.21127424,0.7958431,-0.40824544,0.39412257
0.8328615,-1.4680468,-14.916564,0.3233233,0.8242708,0.12687936,0.44714817
0.9666653,-0.13140017,-14.55793,0.21140969,0.7957559,-0.40822437,0.3942478
0.83363944,-1.4686449,-14.916898,0.32339612,0.8240335,0.12700658,0.44749644
0.96682745,-0.13114901,-14.558104,0.21141864,0.79571307,-0.40825763,0.39429516
0.8342606,-1.4714047,-14.917166,0.32382175,0.82370526,0.1272965,0.44771063
0.96700305,-0.13172139,-14.558291,0.21147573,0.7956111,-0.4082915,0.39443514
0.83473283,-1.4712273,-14.917369,0.32387504,0.82360643,0.12716298,0.44789168
0.96718365,-0.13185602,-14.558485,0.2114696,0.7955564,-0.40833998,0.39449844
0.83753824,-1.4735051,-14.917534,0.32432267,0.8231528,0.12709376,0.44842115
0.96735543,-0.1315305,-14.558668,0.21134806,0.7955084,-0.40841606,0.39458168
0.83972055,-1.4752771,-14.915144,0.32443023,0.8230687,0.12710303,0.44849512
0.9675364,-0.13219023,-14.558862,0.21143532,0.79545027,-0.4083853,0.39468408
0.8424883,-1.4757148,-14.91644,0.32469496,0.8227226,0.12726139,0.44889343
0.96789944,-0.13245295,-14.55925,0.21145518,0.79547226,-0.4082987,0.39471868
0.8433427,-1.4744354,-14.916841,0.32454428,0.8226983,0.12741263,0.4490041
0.9675288,-0.13203745,-14.559423,0.2114432,0.79552126,-0.4083017,0.3946233
0.84395814,-1.4735141,-14.914786,0.32467833,0.82252085,0.12753569,0.4491972
0.96772236,-0.13275057,-14.559597,0.2115021,0.795549,-0.4082178,0.39462253
0.84441096,-1.4728363,-14.915554,0.3245673,0.822465,0.12788258,0.44928104
0.96792024,-0.13347967,-14.559774,0.21160623,0.79554045,-0.4081581,0.39464563
0.8447614,-1.4746242,-14.916148,0.32482615,0.8222371,0.12801495,0.44947344
0.9680969,-0.13296136,-14.559933,0.21156386,0.79557925,-0.40816462,0.39458346
0.84503055,-1.4759977,-14.916605,0.32503322,0.82207596,0.12802145,0.44961652
0.9682758,-0.13369693,-14.560093,0.21166119,0.7955604,-0.40815538,0.39457875
0.845224,-1.4747627,-14.916933,0.32495722,0.8219231,0.12850991,0.4498117
0.9678359,-0.13315268,-14.560234,0.2116596,0.7956001,-0.40816054,0.39449432
0.84537435,-1.4760491,-14.917188,0.32525787,0.8215228,0.12882216,0.4502362
0.96801835,-0.13323918,-14.560365,0.21165049,0.7955851,-0.40822962,0.3944579
0.8479145,-1.4795259,-14.914982,0.32586244,0.82102495,0.1290104,0.45065293
0.9681955,-0.13332313,-14.560492,0.21166201,0.795603,-0.40822905,0.39441624
0.84741455,-1.4797071,-14.915725,0.32596835,0.82085395,0.12918076,0.450839
0.9677769,-0.1328217,-14.560604,0.2116718,0.7956259,-0.40825444,0.39433843
0.84703517,-1.4822015,-14.913932,0.3263382,0.8205519,0.12967633,0.45097896
0.96796256,-0.13351358,-14.560712,0.21174926,0.7956078,-0.40825877,0.39432886
0.84909683,-1.4817294,-14.914931,0.32639125,0.8202326,0.12986968,0.45146552
0.96812814,-0.13246241,-14.560808,0.21168321,0.7956351,-0.40830174,0.39426494
0.8507234,-1.4838065,-14.91327,0.32682067,0.8198311,0.1301243,0.4518108
0.9677481,-0.13310657,-14.560894,0.2118222,0.7956235,-0.40826586,0.39425093
0.84951985,-1.4853119,-14.912066,0.3273007,0.8195125,0.13024434,0.4520066
0.96740645,-0.13318308,-14.560971,0.21188183,0.79562896,-0.40824586,0.39422837
0.85101926,-1.486461,-14.913566,0.32763833,0.8191555,0.13036533,0.4523741
0.9670866,-0.13325468,-14.561044,0.21195959,0.7956433,-0.4082139,0.3941908
0.85216516,-1.4873395,-14.912242,0.3280749,0.81896937,0.13029101,0.4524161
0.967293,-0.13385798,-14.561118,0.21206833,0.79558694,-0.4082437,0.39421526
0.8530301,-1.4880025,-14.9112425,0.328296,0.81873614,0.13055393,0.45260206
0.9674783,-0.13339116,-14.561184,0.2121217,0.79556906,-0.4082871,0.39417768
0.8536769,-1.4884983,-14.910495,0.32864848,0.8184113,0.13094242,0.45282146
0.9671458,-0.13396381,-14.561247,0.21230318,0.7955214,-0.40831694,0.39414516
0.8541571,-1.4888664,-14.90994,0.32894313,0.8181246,0.13118713,0.45305473
0.96683544,-0.13399552,-14.561306,0.21238701,0.7954835,-0.40835246,0.39413962
0.85452425,-1.4944862,-14.909515,0.32980692,0.8175276,0.13162094,0.45337853
0.96703374,-0.13306864,-14.561358,0.21235767,0.7954704,-0.40842956,0.394102
0.85479337,-1.4958963,-14.9092045,0.33099058,0.8164262,0.13194193,0.45440602
0.96721274,-0.1331395,-14.561407,0.21243808,0.7953947,-0.40849698,0.39414164
0.8578802,-1.4998553,-14.908967,0.33220538,0.8153659,0.13242222,0.45528284
0.9669436,-0.13320367,-14.56145,0.21256821,0.79535997,-0.40851733,0.39412042
0.8601736,-1.5058535,-14.908792,0.33342955,0.8143893,0.13295344,0.45598063
0.9666994,-0.1328523,-14.56149,0.21262333,0.7953411,-0.40855876,0.39408588
0.86176527,-1.5069056,-14.9086685,0.3339661,0.813622,0.13328166,0.45686105
0.9664696,-0.13332684,-14.561527,0.21281518,0.7952666,-0.40858552,0.39410493
0.8661805,-1.510936,-14.908582,0.334877,0.81277186,0.13343073,0.4576632
0.96664286,-0.13299383,-14.561562,0.21282712,0.7952585,-0.40864515,0.39405298
0.8691735,-1.5136682,-14.905148,0.33551654,0.8119382,0.13392895,0.4585282
0.96681464,-0.13345324,-14.561594,0.2129276,0.7951988,-0.40864676,0.3941176
0.871152,-1.5154742,-14.902877,0.33597147,0.8111257,0.13400042,0.45961094
0.96697104,-0.13312183,-14.561625,0.21294633,0.79519653,-0.40866134,0.3940968
0.8761057,-1.5203115,-14.901343,0.33700737,0.80994725,0.13444082,0.46080062
0.9671206,-0.133178,-14.561654,0.21293582,0.79515976,-0.4086871,0.39415002
0.87559086,-1.5197258,-14.90041,0.3376039,0.80903745,0.1349413,0.46181485
0.9672672,-0.13323312,-14.561683,0.21296678,0.7951039,-0.4087224,0.39420924
0.88288146,-1.5307894,-14.89977,0.34224102,0.8037736,0.13689616,0.466989
0.9670328,-0.13328488,-14.561709,0.21314116,0.7950409,-0.4088207,0.39414012
0.89169216,-1.5420383,-14.899357,0.34496397,0.80084443,0.13824439,0.46961322
0.96717227,-0.13297853,-14.561734,0.21318297,0.7949882,-0.4089872,0.39405105
0.8969321,-1.5487283,-14.899111,0.34660256,0.7994179,0.13918166,0.47055948
0.9673126,-0.1334089,-14.561759,0.21329664,0.79484624,-0.40918794,0.39406753
0.90429103,-1.5525559,-14.89897,0.34792423,0.7981415,0.13984199,0.471554
0.967836,-0.1334552,-14.561784,0.21331125,0.7947051,-0.40947273,0.3940485
0.9084495,-1.5637405,-14.89889,0.34978276,0.7968611,0.14091681,0.47202435
0.9675836,-0.13349769,-14.561806,0.21341144,0.79460496,-0.40969226,0.39396805
0.91069496,-1.56978,-14.898848,0.35090953,0.7958921,0.1418794,0.4725342
0.96771,-0.1335395,-14.561828,0.21344769,0.794448,-0.41000614,0.39393833
0.90738416,-1.5728383,-14.898826,0.35192284,0.7953214,0.14235538,0.47259834
0.9678255,-0.13322155,-14.561848,0.21347971,0.79431754,-0.41035315,0.39382285
0.90561676,-1.5788902,-14.898813,0.35281992,0.79467416,0.14302127,0.47281727
0.96831465,-0.13327385,-14.561868,0.21360868,0.7940778,-0.41072366,0.39385012
0.90902907,-1.5777577,-14.898808,0.3518114,0.7946692,0.14325519,0.47350553
0.9684072,-0.1329672,-14.561887,0.2136495,0.79387254,-0.41112107,0.39382717
0.90656507,-1.5857731,-14.894488,0.3510629,0.79454386,0.14380851,0.47410342
0.96849895,-0.13302799,-14.561905,0.21375522,0.79360384,-0.41151825,0.3938964
0.9095955,-1.594722,-14.896473,0.35051858,0.7941402,0.14430806,0.47502977
0.96899503,-0.13309206,-14.561925,0.2138725,0.79330474,-0.4119318,0.39400297
0.9066614,-1.6370718,-14.8976,0.34847918,0.7922932,0.14446151,0.4795463
0.9695188,-0.13315971,-14.561947,0.2140744,0.7923839,-0.4130234,0.39460307
0.91001135,-1.6702445,-14.893259,0.3483942,0.7910345,0.14467175,0.48161805
0.97063637,-0.13323647,-14.56197,0.2142247,0.7914906,-0.4141712,0.39511088
0.9066199,-1.6915827,-14.896163,0.34842384,0.79065365,0.14480484,0.48218167
0.97264373,-0.13332868,-14.561998,0.21428075,0.7905822,-0.4152986,0.39571545
0.9101421,-1.7072132,-14.892402,0.3486321,0.79037726,0.14477037,0.48249462
0.97402495,-0.13342717,-14.562029,0.2144639,0.7900849,-0.41588655,0.39599174
0.91717345,-1.7253634,-14.890611,0.34890792,0.7899262,0.14512098,0.4829284
0.9745635,-0.1343303,-14.5620575,0.21492037,0.78970224,-0.4161959,0.3961826
0.9149268,-1.7334265,-14.889815,0.34866428,0.78995425,0.14506117,0.48307642
0.97596616,-0.13348135,-14.562087,0.21488672,0.7894916,-0.41664743,0.39614606
0.91392744,-1.7424266,-14.889462,0.34855658,0.79007185,0.14511724,0.48294497
0.9773865,-0.13456051,-14.562117,0.21523573,0.78927547,-0.41672364,0.396307
0.9080754,-1.7571902,-14.889307,0.3482924,0.7902165,0.14548324,0.4827888
0.97867775,-0.13260108,-14.562143,0.21503735,0.7892169,-0.41706407,0.3961733
0.90554696,-1.7635689,-14.8946,0.34771872,0.7904901,0.14561433,0.48271483
0.97992504,-0.13387129,-14.562169,0.21523309,0.78904647,-0.4171115,0.39635658
0.9044139,-1.7772819,-14.896972,0.34726545,0.7906774,0.14619711,0.4825582
0.98231655,-0.13279119,-14.562194,0.21502513,0.7889613,-0.4173902,0.3963455
0.9039149,-1.7888094,-14.892527,0.34739834,0.79061776,0.14635155,0.4825135
0.98329,-0.13422514,-14.562218,0.21524514,0.7889301,-0.41745335,0.39622167
0.8982486,-1.7991757,-14.896087,0.3470061,0.7908502,0.14648241,0.48237506
0.98414993,-0.13304618,-14.562238,0.21506888,0.78893703,-0.41763797,0.39610907
0.8905529,-1.8035418,-14.897586,0.34646735,0.7911734,0.14663438,0.4821861
0.98369557,-0.13440907,-14.563431,0.21544744,0.78895503,-0.41754317,0.3959674
0.8924524,-1.8163526,-14.898269,0.346427,0.79097974,0.14667235,0.48252118
0.9844747,-0.13325003,-14.563302,0.21534362,0.78896767,-0.41762233,0.39591512
0.88785213,-1.8274139,-14.898569,0.346265,0.790977,0.14686923,0.48258206
0.98517835,-0.13341661,-14.563184,0.21541485,0.7888494,-0.41779634,0.39592847
0.8858484,-1.8322319,-14.898701,0.34598267,0.7909924,0.14683256,0.48277038
0.98577225,-0.13121325,-14.563086,0.21528101,0.78887194,-0.41790968,0.39583683
0.8849602,-1.8510811,-14.898759,0.34603962,0.7908058,0.14703956,0.4829722
0.9851543,-0.13271543,-14.564117,0.21570419,0.78881043,-0.41778913,0.39585614
0.88458085,-1.8647909,-14.898783,0.34623054,0.7905289,0.14701007,0.4832976
0.9856962,-0.13079253,-14.563925,0.21551003,0.7889381,-0.41781375,0.3956816
0.8844228,-1.8762327,-14.898793,0.34635088,0.7901959,0.14705987,0.48374066
0.9851431,-0.13220067,-14.564773,0.21575741,0.7889636,-0.4176529,0.39566547
0.88435787,-1.8925983,-14.898798,0.34640568,0.78983766,0.14731218,0.48420942
0.984673,-0.13147703,-14.564533,0.21567619,0.78907955,-0.4175602,0.39557654
0.88433194,-1.9110336,-14.8988,0.34638104,0.78948754,0.14744592,0.48475704
0.9852036,-0.13273102,-14.565269,0.21594138,0.7890456,-0.41742107,0.3956465
0.8783604,-1.9240607,-14.898801,0.34633675,0.7892942,0.14732581,0.48513997
0.98475665,-0.13200213,-14.564999,0.21593721,0.7891188,-0.41740358,0.39552104
0.8699046,-1.9658978,-14.904926,0.34515938,0.7893851,0.14661592,0.48604536
0.9852339,-0.13136695,-14.564761,0.21588784,0.789155,-0.4173291,0.39555448
0.87304854,-2.0003889,-14.900914,0.34482014,0.7891755,0.14641945,0.4866853
0.98569083,-0.13167088,-14.565447,0.21608937,0.7891721,-0.41716334,0.3955852
0.86776274,-2.025222,-14.89951,0.34439626,0.78909206,0.14614265,0.4872035
0.9852172,-0.13279876,-14.566036,0.21634734,0.78923476,-0.41688958,0.3956078
0.86599165,-2.0335429,-14.905414,0.34359443,0.7891448,0.14587994,0.4877626
0.9856443,-0.13210577,-14.565713,0.21628758,0.78925335,-0.4168634,0.39563087
0.86538625,-2.055784,-14.907431,0.3431413,0.7890306,0.14582504,0.4882826
0.98603183,-0.13147688,-14.565419,0.21624108,0.7891808,-0.4169308,0.39573
0.85866916,-2.0761576,-14.908097,0.3427498,0.7890546,0.14578244,0.48853147
0.9855643,-0.13173538,-14.565165,0.216292,0.7891997,-0.41687736,0.39572066
0.8564818,-2.0959752,-14.908313,0.3422435,0.78913116,0.14575908,0.48876956
0.9851572,-0.13196045,-14.564943,0.21632381,0.7892521,-0.41676816,0.3957139
0.84915644,-2.1155097,-14.908382,0.3417764,0.7891148,0.14575845,0.48912296
0.9855262,-0.13288233,-14.56475,0.21634203,0.7891707,-0.4167749,0.3958593
0.8468295,-2.162517,-14.908403,0.34116897,0.78889203,0.14517337,0.49007937
0.9858593,-0.13229877,-14.564574,0.21622713,0.78914565,-0.41679886,0.39594668
0.84613746,-2.197239,-14.90841,0.34075418,0.7885778,0.14469439,0.49101454
0.98548,-0.13313007,-14.565093,0.21639113,0.78911436,-0.41667876,0.39604595
0.83897674,-2.2209878,-14.908411,0.34037566,0.78836167,0.14423978,0.4917574
0.9851449,-0.13194814,-14.564913,0.21630783,0.7891318,-0.41672647,0.3960063
0.8299689,-2.2486403,-14.908413,0.34023428,0.78811806,0.1439504,0.49233004
0.9854545,-0.13211367,-14.564753,0.21629265,0.7890857,-0.41675264,0.39607897
0.83461076,-2.277472,-14.908413,0.34020555,0.7877529,0.1437427,0.49299455
0.98515356,-0.13168445,-14.56461,0.21621965,0.7891452,-0.41667786,0.39607897
0.82870597,-2.2992892,-14.915536,0.33998203,0.7876706,0.1432999,0.4934091
0.9848848,-0.13184886,-14.564483,0.21636342,0.78911763,-0.41661343,0.39612323
0.82000214,-2.3264692,-14.910225,0.3396203,0.78764755,0.14316529,0.49373388
0.98516434,-0.13199615,-14.564369,0.21649471,0.78906274,-0.41657138,0.39620507
0.81777453,-2.3478382,-14.916072,0.33910507,0.7876526,0.1428573,0.49416894
0.9849212,-0.13212849,-14.564761,0.21656951,0.78911096,-0.41644734,0.39619848
0.8172118,-2.375059,-14.917549,0.3387575,0.78761965,0.1426798,0.494511
0.98470217,-0.13271734,-14.565114,0.21669887,0.7891115,-0.41636813,0.39620996
0.80976754,-2.3963232,-14.917911,0.33828226,0.7876335,0.14267978,0.49481425
0.9845043,-0.13235721,-14.564987,0.21668655,0.7891778,-0.41627935,0.39617798
0.80059415,-2.4309568,-14.917997,0.33800456,0.7876752,0.14267904,0.4949378
0.9847581,-0.13289846,-14.565308,0.21687514,0.78913033,-0.41623965,0.39621106
0.79104996,-2.4538546,-14.918018,0.33746386,0.7877622,0.14280169,0.49513295
0.9845702,-0.13255316,-14.5655985,0.21687482,0.7891711,-0.41618565,0.3961867
0.78107595,-2.6285086,-14.925714,0.33778557,0.78722763,0.14266378,0.49580303
0.98439944,-0.13263647,-14.565466,0.21685477,0.78911734,-0.41629153,0.39619347
0.77908117,-2.7172673,-14.927251,0.33812627,0.78685105,0.14220706,0.4962995
0.984244,-0.13271233,-14.565346,0.21685705,0.78899497,-0.41646445,0.39625424
0.7786822,-2.7657776,-14.91987,0.33849028,0.78656894,0.142226,0.4964932
0.98410213,-0.1327816,-14.565235,0.21689044,0.78886056,-0.4166059,0.3963548
0.7786024,-2.798549,-14.926083,0.33871692,0.786591,0.14187387,0.49640438
0.9846862,-0.13284872,-14.565128,0.21684843,0.788669,-0.41681218,0.39654207
0.7785864,-2.8281724,-14.927325,0.33880714,0.7865106,0.14178142,0.4964966
0.9853075,-0.13212244,-14.565015,0.21670224,0.7885161,-0.4170451,0.39668113
0.7708935,-2.857166,-14.919884,0.33877036,0.78673375,0.14167221,0.49619928
0.98551023,-0.1326379,-14.564902,0.21686971,0.7883418,-0.4170511,0.3969296
0.76935494,-2.8860338,-14.926086,0.33866113,0.78687596,0.14157453,0.49607614
0.9862248,-0.13322085,-14.5647745,0.21698156,0.7881622,-0.4171308,0.39714158
0.76904726,-2.9148767,-14.927326,0.33865437,0.7869301,0.1414588,0.49602795
0.98641604,-0.13280764,-14.564654,0.21694054,0.7880893,-0.4172216,0.39721328
0.76898575,-2.9437141,-14.927574,0.3386411,0.78709763,0.14129655,0.49581736
0.986604,-0.13339594,-14.564537,0.21708502,0.7880243,-0.41714218,0.39734665
0.7766631,-2.9725509,-14.927623,0.33883852,0.7870353,0.14120983,0.49580628
0.9873904,-0.13404559,-14.564406,0.21728522,0.78785837,-0.4171565,0.39755118
0.7705089,-3.0013871,-14.927634,0.3389658,0.7870884,0.14120083,0.49563745
0.9875537,-0.13407779,-14.564282,0.21747042,0.7877776,-0.41707182,0.39769864
0.76927805,-3.022534,-14.927636,0.33897778,0.78720516,0.14103326,0.49549147
0.98771,-0.1341086,-14.564163,0.21762592,0.7876876,-0.4170607,0.39780366
0.7690318,-3.0498323,-14.927636,0.33907452,0.7872269,0.14096263,0.49541077
0.9885945,-0.1355654,-14.564742,0.21779889,0.78752655,-0.41697142,0.3981213
0.76129293,-3.0706716,-14.927636,0.3390488,0.78737426,0.14088981,0.49521488
0.98870176,-0.135492,-14.564568,0.21792035,0.78743154,-0.41694632,0.39826888
0.7597452,-3.0902188,-14.935327,0.33889633,0.7875377,0.14087857,0.49506262
0.9881228,-0.13475412,-14.565087,0.21789041,0.7875166,-0.41683155,0.39823726
0.75174594,-3.1171975,-14.936864,0.33884773,0.7876802,0.14076538,0.49490133
0.98825103,-0.13538148,-14.565546,0.21805003,0.7873806,-0.4167598,0.39849386
0.75783575,-3.145662,-14.937172,0.33866438,0.78774893,0.14074863,0.4949222
0.988374,-0.1359832,-14.565986,0.21813244,0.78723526,-0.4167758,0.398719
0.7436743,-3.1667345,-14.937234,0.3383211,0.78795403,0.14063497,0.4948628
0.9884904,-0.13588502,-14.566402,0.21818192,0.78717893,-0.41675285,0.39882714
0.7485317,-3.1940181,-14.937245,0.33811292,0.7880562,0.14039715,0.4949099
0.9886044,-0.13649203,-14.566811,0.2183855,0.7871045,-0.416614,0.39900762
0.7495032,-3.222544,-14.944938,0.33782884,0.7881698,0.14014561,0.49499428
0.98872185,-0.13867885,-14.567231,0.21875352,0.7869977,-0.4164938,0.39914212
0.7420078,-3.2513182,-14.946476,0.33762395,0.78826064,0.13992523,0.4950518
0.9888282,-0.13834973,-14.567613,0.21868089,0.7870093,-0.41650385,0.39914867
0.74050874,-3.2801423,-14.946784,0.3374254,0.78831005,0.13968,0.49517775
0.988925,-0.13805011,-14.56796,0.21861829,0.7869915,-0.41653907,0.39918143
0.74020886,-3.308976,-14.946846,0.3373368,0.7882931,0.13938858,0.49534714
0.98901796,-0.13855742,-14.568293,0.21876675,0.7869636,-0.41645327,0.3992443
0.7478386,-3.3839502,-14.946857,0.33713394,0.7881854,0.13885671,0.49580562
0.9891068,-0.13904168,-14.568611,0.21880384,0.7869136,-0.41653287,0.39923966
0.7416749,-3.4220142,-14.95455,0.33690128,0.7881068,0.1383393,0.49623322
0.98919094,-0.1395008,-14.5689125,0.21896307,0.7868438,-0.41656262,0.39925885
0.7481318,-3.4526958,-14.956088,0.33670518,0.7879442,0.13786137,0.49675727
0.9892638,-0.13826677,-14.569173,0.2188346,0.7868823,-0.41664243,0.3991701
0.74173355,-3.4895911,-14.956395,0.3366635,0.78778607,0.13740285,0.49716327
0.98932844,-0.13875355,-14.569404,0.21888286,0.7868078,-0.41674602,0.3991824
0.7404539,-3.5200396,-14.956457,0.3366148,0.7876219,0.13705112,0.49755332
0.98939157,-0.1400715,-14.569631,0.21903443,0.7866847,-0.41686645,0.39921618
0.73250824,-3.5491982,-14.95647,0.33656147,0.78755444,0.13682598,0.49775812
0.98864615,-0.13961351,-14.569826,0.21910152,0.78665406,-0.4169537,0.39914864
0.7309191,-3.5780988,-14.956471,0.3365614,0.7874665,0.13653997,0.49797568
0.9895173,-0.13921463,-14.569998,0.2190553,0.7864446,-0.41718522,0.39934486
0.73829097,-3.6146379,-14.956472,0.336733,0.7872887,0.13629583,0.4982076
0.98956186,-0.14043719,-14.570165,0.21917965,0.7862324,-0.4173186,0.39955497
0.73207563,-3.6527045,-14.956472,0.33677292,0.78723615,0.1361007,0.49831712
0.99047875,-0.14077714,-14.57033,0.21928328,0.7859571,-0.4175966,0.39974937
0.7308326,-3.7525945,-14.964163,0.33647642,0.78739655,0.13526526,0.49849144
0.9914068,-0.14209278,-14.5704975,0.21973678,0.78553045,-0.41785014,0.40007365
0.730584,-3.7879517,-14.9657,0.33600643,0.78759927,0.13436711,0.49873093
0.9922304,-0.1413422,-14.570646,0.21976519,0.7851843,-0.41831458,0.40025213
0.73053426,-3.825782,-14.966007,0.33573377,0.7876934,0.13364768,0.49895924
0.992968,-0.14067002,-14.570779,0.21990193,0.7849288,-0.41859925,0.40038058
0.7305243,-3.8717966,-14.966069,0.33559054,0.787723,0.13311829,0.49915037
0.993669,-0.14103782,-14.570906,0.22004937,0.7846074,-0.4189021,0.40061265
0.73052233,-3.9040685,-14.966082,0.3355082,0.7876651,0.13271946,0.49940312
0.9955216,-0.14255224,-14.5710335,0.22032279,0.78419477,-0.41920152,0.40095702
0.73052186,-3.933592,-14.966084,0.33534446,0.7876988,0.13222729,0.49959052
0.9972727,-0.14275976,-14.571156,0.22051693,0.78388774,-0.41942257,0.4012195
0.7228321,-3.9548762,-14.973775,0.33521917,0.78779525,0.13159515,0.49968937
0.9975824,-0.14294414,-14.571263,0.22067294,0.78387433,-0.4194334,0.4011487
0.7289839,-3.9822023,-14.975313,0.33497536,0.7878534,0.13119431,0.4998666
0.997839,-0.14191073,-14.571353,0.2207611,0.78393185,-0.41942075,0.40100092
0.73021424,-4.0107365,-14.97562,0.33474448,0.78783435,0.13065113,0.5001934
0.99805486,-0.14104114,-14.571428,0.2208793,0.7839573,-0.41942227,0.4008845
0.7227706,-4.047202,-14.975682,0.33468062,0.7878724,0.13036688,0.5002505
0.9982388,-0.14030021,-14.571492,0.22100359,0.7840315,-0.41940275,0.40069112
0.7212818,-4.0775642,-14.975694,0.3345775,0.78799015,0.13000494,0.50022817
0.99840546,-0.14188096,-14.57155,0.22139904,0.78400517,-0.4192446,0.40069005
0.697915,-4.2681894,-14.991076,0.3331713,0.7886539,0.12906535,0.500364
0.99854594,-0.14106295,-14.571599,0.22161962,0.783916,-0.4193995,0.40058032
0.69324166,-4.3370733,-14.994153,0.33221856,0.7890237,0.12845938,0.5005704
0.99867237,-0.1414165,-14.571644,0.22201535,0.7837263,-0.4195493,0.40057567
0.69230694,-4.3739195,-14.994767,0.33153403,0.78929114,0.1279673,0.50072867
0.9977438,-0.14171432,-14.572717,0.22225226,0.7836709,-0.41950986,0.40059367
0.67674065,-4.404358,-14.994891,0.33103564,0.7895938,0.12766664,0.5006578
0.9979606,-0.1430803,-14.573721,0.22274746,0.78343433,-0.41941983,0.40087557
0.68131703,-4.4335146,-15.0026045,0.33068088,0.78972095,0.12737079,0.5007672
0.9970835,-0.14426811,-14.574594,0.22318667,0.78326666,-0.4193074,0.40107659
0.67454267,-4.4701047,-15.004148,0.33044782,0.78977585,0.12726066,0.5008623
0.99739623,-0.14659016,-14.575443,0.22383617,0.78295624,-0.41922075,0.40141106
0.68087745,-4.500492,-15.004456,0.33010158,0.78978974,0.12719862,0.5010845
0.9976937,-0.1487985,-14.576252,0.2243117,0.7826207,-0.4192407,0.401779
0.67445475,-4.5296383,-15.004518,0.3296206,0.7899595,0.1271157,0.5011546
0.9992492,-0.14817834,-14.576969,0.22435838,0.7823223,-0.41957346,0.4019868
0.67317015,-4.5662265,-15.00453,0.3294257,0.78995967,0.12724164,0.5012505
0.99930364,-0.14765082,-14.57758,0.2243203,0.78221285,-0.41970357,0.40208516
0.68060297,-4.596613,-15.012223,0.3292963,0.789904,0.1271748,0.50144017
0.9993485,-0.14601049,-14.578084,0.22422828,0.78203195,-0.41985428,0.40233096
0.6743998,-4.641139,-15.006071,0.3293716,0.78988224,0.127289,0.501396
1.0005935,-0.1457811,-14.578526,0.22442801,0.7817132,-0.42006725,0.40261665
0.6654695,-4.680803,-15.012531,0.32949683,0.78993547,0.12748861,0.501179
1.0016596,-0.14440414,-14.578903,0.2243609,0.78146666,-0.42031515,0.4028739
0.6713731,-4.711805,-15.0138235,0.32956246,0.7899478,0.1274863,0.50111717
1.0026336,-0.14437571,-14.579248,0.22466935,0.78128153,-0.42031553,0.40306053
0.6725539,-4.748764,-15.014082,0.32964197,0.789987,0.12729368,0.50105184
1.003531,-0.1456487,-14.579566,0.22485766,0.78112054,-0.42020693,0.40338066
0.6651003,-4.786915,-15.014133,0.32959658,0.7901885,0.12731265,0.50075924
1.0043445,-0.14680254,-14.579854,0.22518307,0.7808966,-0.4202012,0.4036385
0.6712993,-4.8253036,-15.021832,0.32950228,0.79026836,0.12741213,0.50067
1.0050788,-0.1492763,-14.580114,0.22542728,0.7807707,-0.42013335,0.40381628
0.67253906,-4.8637404,-15.023374,0.32937756,0.7903763,0.12747304,0.500566
1.0057237,-0.14997081,-14.580343,0.22534864,0.7807115,-0.42026764,0.40383506
0.66509736,-4.894497,-15.023681,0.32906917,0.7905891,0.1273731,0.5004583
1.0048383,-0.1491254,-14.580526,0.22531557,0.7807867,-0.42023814,0.4037387
0.67129874,-4.931407,-15.023743,0.32868296,0.79076236,0.12726633,0.5004656
1.0054553,-0.14843774,-14.580675,0.22520185,0.78073853,-0.42038646,0.4037409
0.6648493,-4.9695477,-15.023754,0.32836717,0.7909398,0.12709396,0.50043625
1.0046896,-0.14660506,-14.580797,0.22499946,0.78083926,-0.42049226,0.40354875
0.6635594,-5.0079346,-15.023757,0.32804132,0.7910898,0.1269072,0.50046027
1.0052651,-0.14630085,-14.580898,0.22496282,0.7808061,-0.4205703,0.403552
0.66330135,-5.054061,-15.031446,0.32795435,0.79112434,0.12646596,0.50057435
1.0057553,-0.1460417,-14.580983,0.22490747,0.78076565,-0.4205778,0.40365338
0.67862916,-5.1786313,-15.032985,0.3278421,0.79108363,0.12536316,0.5009894
1.0061897,-0.14581212,-14.581059,0.22472544,0.78072995,-0.42050868,0.40389574
0.6823079,-5.2823496,-15.042582,0.3276033,0.7912015,0.123589486,0.50140005
1.005889,-0.14861843,-14.581182,0.22495343,0.78085166,-0.42008463,0.4039749
0.6824305,-5.3165655,-15.042902,0.32748786,0.79131967,0.1231322,0.5014014
1.0063164,-0.14927185,-14.581235,0.22492671,0.78090644,-0.4199561,0.40401715
0.66707563,-5.346478,-15.042965,0.32734936,0.7915939,0.12257079,0.50119656
1.0066997,-0.14985798,-14.581282,0.22478056,0.7809644,-0.4198241,0.40412387
0.67938405,-5.3909087,-15.042978,0.32737133,0.791591,0.12215272,0.5012888
1.0070233,-0.14914432,-14.581322,0.22450337,0.78116417,-0.4196873,0.40403396
0.67415607,-5.415174,-15.050672,0.32692748,0.7918413,0.12169019,0.5012957
1.0072922,-0.14740343,-14.580207,0.22421551,0.78133917,-0.41954374,0.40400442
0.6731105,-5.450786,-15.05221,0.32684985,0.79193157,0.121156715,0.5013328
1.007517,-0.14594714,-14.579274,0.22393712,0.7814435,-0.41945875,0.4040454
0.67290133,-5.557875,-15.060207,0.3263992,0.79204637,0.12016023,0.50168484
1.0066701,-0.14679305,-14.579525,0.22399195,0.78165805,-0.41907287,0.4040004
0.67285955,-5.6023617,-15.061807,0.32610863,0.7920686,0.11933698,0.5020351
1.0059524,-0.14751004,-14.579738,0.22393371,0.7818293,-0.41871932,0.40406793
0.67285115,-5.6343284,-15.062127,0.3258881,0.7921869,0.11863779,0.5021573
1.0053403,-0.14905657,-14.579918,0.22393118,0.78195417,-0.41841394,0.4041439
0.6805392,-5.6714807,-15.06219,0.3260078,0.7920179,0.11804048,0.5024869
1.0048155,-0.15038286,-14.580073,0.22390316,0.78206974,-0.41813523,0.40422434
0.67438704,-5.6942906,-15.069893,0.32573593,0.79215896,0.11756334,0.5025526
1.004363,-0.15152636,-14.580207,0.22392462,0.78207326,-0.41803467,0.4043095
0.68084633,-5.729611,-15.071433,0.3257479,0.79204994,0.117290124,0.5027805
1.0039569,-0.15255237,-14.580328,0.22394723,0.7820836,-0.41787305,0.40444416
0.6821382,-5.759744,-15.071741,0.32565424,0.79208195,0.11707622,0.5028405
1.0035954,-0.15265688,-14.580435,0.22387691,0.7821109,-0.4178287,0.4044761
0.6747068,-5.7811503,-15.071803,0.32527104,0.7923027,0.1167093,0.5028262
1.0032716,-0.15275046,-14.58053,0.22385286,0.78210056,-0.41774204,0.4045989
0.68091035,-5.800811,-15.079505,0.32484245,0.7924486,0.11650532,0.50292075
1.0029893,-0.15132916,-14.580614,0.22373624,0.7820945,-0.41778284,0.40463302
0.68215096,-5.8201227,-15.081045,0.32441947,0.79268646,0.115997575,0.50293624
1.0020283,-0.15079835,-14.580687,0.22374614,0.78209496,-0.41773635,0.40467456
0.68239915,-5.847054,-15.081353,0.3239635,0.7929212,0.11550394,0.50297374
1.0018613,-0.15033153,-14.580751,0.22370997,0.7820473,-0.41773924,0.40478376
0.6824587,-6.044222,-15.090656,0.32339177,0.7933643,0.11443073,0.50288826
1.0027986,-0.15015726,-14.580858,0.22394823,0.7815881,-0.41787505,0.40539834
0.68246067,-6.0610476,-15.090966,0.32307553,0.79353166,0.1140317,0.50291806
1.0026088,-0.1497958,-14.580902,0.22402859,0.78145176,-0.41783357,0.40565935
0.6824611,-6.087481,-15.091028,0.32338008,0.79339117,0.114000976,0.5029509
1.0029918,-0.14947319,-14.580942,0.22397734,0.78132504,-0.41785288,0.4059119
0.68246114,-6.092768,-15.09104,0.32334107,0.79347605,0.113917224,0.50286114
1.00281,-0.14918433,-14.580978,0.22387968,0.78122175,-0.41786367,0.4061533
0.68246114,-6.1092052,-15.0910425,0.3234236,0.79349095,0.11406238,0.50275165
1.0026467,-0.1494234,-14.581011,0.22399953,0.78112024,-0.41776088,0.4063882
0.6747714,-6.112492,-15.091043,0.32323354,0.7937734,0.11395825,0.5024514
1.0029731,-0.15011235,-14.581039,0.22400926,0.78098613,-0.41762596,0.40677902
0.6732335,-6.1131496,-15.091043,0.32308793,0.79399157,0.11409096,0.50217015
1.0033033,-0.150809,-14.581069,0.22411181,0.78088236,-0.41744187,0.40711063
0.6806156,-6.120971,-15.091043,0.32299092,0.7941374,0.11432801,0.50194806
1.0031005,-0.15151012,-14.581099,0.22415446,0.7808393,-0.4172756,0.40733996
0.67440236,-6.1148453,-15.091043,0.32251504,0.7944086,0.11454879,0.50177455
1.002896,-0.15221773,-14.581128,0.22421941,0.7808349,-0.41706684,0.4075263
0.67315966,-6.1136203,-15.091043,0.32211307,0.7946508,0.11454492,0.50165015
1.0027059,-0.15231034,-14.581156,0.22410728,0.78085876,-0.4169863,0.40762484
0.66522145,-6.0979958,-15.098733,0.3212304,0.79516345,0.114378326,0.50144166
1.002536,-0.15132022,-14.581181,0.2239401,0.7809345,-0.41692156,0.4076379
0.6790132,-6.1102505,-15.092582,0.32082477,0.7952213,0.11431424,0.5016242
1.0028932,-0.15094173,-14.5812025,0.2236806,0.7809335,-0.4169012,0.40780303
0.6817715,-6.1203914,-15.091351,0.32051814,0.795205,0.11407047,0.5019016
1.0032146,-0.15060124,-14.581223,0.22350982,0.7809326,-0.416836,0.40796503
0.69001293,-6.1070404,-15.0911045,0.3194551,0.795418,0.113461494,0.5023795
1.0035045,-0.15075402,-14.581241,0.22341117,0.78085226,-0.41679195,0.40821785
0.6762818,-6.09668,-15.091055,0.31839344,0.79575175,0.112801105,0.5026736
1.0028929,-0.15089221,-14.581257,0.22345299,0.7808781,-0.41661075,0.40833032
0.6735356,-6.102298,-15.091045,0.31747693,0.79589456,0.11201905,0.5032017
1.0027534,-0.15101753,-14.581272,0.22344765,0.7808824,-0.41643256,0.40850693
0.68067604,-6.0957313,-15.091043,0.31643146,0.79601574,0.11109295,0.5038735
1.0030338,-0.15155035,-14.581286,0.22344442,0.7807639,-0.4163645,0.40880433
0.689646,-6.0944395,-15.083478,0.31530747,0.7958114,0.10985767,0.5051701
1.0028611,-0.15264943,-14.581303,0.22349738,0.78077507,-0.41606197,0.40906197
0.68405175,-6.094167,-15.089369,0.31388366,0.79606074,0.108763896,0.5059001
1.0032673,-0.15393963,-14.581322,0.22354579,0.78068095,-0.41590384,0.40937588
0.6973355,-6.0868683,-15.090631,0.31261942,0.79614645,0.10773651,0.50676703
1.0036889,-0.15460423,-14.581342,0.22336897,0.7806721,-0.4157452,0.40965042
0.7005854,-6.085082,-15.090939,0.3112249,0.7964803,0.10710852,0.50723374
1.0041183,-0.15528098,-14.581362,0.22328344,0.78064215,-0.4156649,0.40983555
0.68772143,-6.0710087,-15.091013,0.30731696,0.79855955,0.10617612,0.50654286
1.0045478,-0.15595782,-14.581381,0.2230647,0.7808085,-0.41535795,0.409949
0.6840559,-6.0669985,-15.091034,0.30499977,0.79997283,0.105962604,0.50575745
1.0041611,-0.15578659,-14.581399,0.2228476,0.7809641,-0.41516003,0.40997106
0.68294907,-6.0724587,-15.084368,0.30387035,0.8007149,0.106364995,0.5051782
1.0038228,-0.15491414,-14.580691,0.22258793,0.7811244,-0.41507447,0.4098933
0.6762493,-6.061303,-15.088797,0.3026708,0.80159485,0.10648048,0.504478
1.0035256,-0.15414764,-14.58007,0.22243191,0.7812032,-0.4149991,0.40990412
0.6740052,-6.0639105,-15.083936,0.30217785,0.8021115,0.10720774,0.5037978
1.0032635,-0.15347147,-14.579521,0.22231817,0.781309,-0.4149158,0.40984848
0.66069204,-6.0710664,-15.082298,0.30206865,0.8026798,0.107781045,0.502835
1.0036509,-0.15287268,-14.579036,0.22215468,0.78133875,-0.415021,0.40977395
0.6684215,-6.0673704,-15.087859,0.3019848,0.8029596,0.10834099,0.502318
1.0039952,-0.15292911,-14.578604,0.22206506,0.78136164,-0.4150489,0.40975064
0.6651324,-6.0721254,-15.08378,0.3023226,0.80317914,0.10903693,0.5016128
1.0043021,-0.1535386,-14.578779,0.22210807,0.7813303,-0.41507757,0.409758
0.6639357,-6.0738554,-15.088366,0.3030412,0.80360234,0.11038301,0.500205
1.0045769,-0.15408391,-14.578935,0.22200294,0.78137106,-0.41516417,0.40964952
0.66349524,-6.074492,-15.090053,0.3034257,0.80399394,0.11134706,0.49912772
1.0043188,-0.15457334,-14.579075,0.22198479,0.78144133,-0.4152131,0.40947565
0.65734166,-6.0747247,-15.090671,0.3036918,0.8044379,0.11221556,0.49805498
1.0040865,-0.15501387,-14.5792,0.22192298,0.7814766,-0.4152899,0.40936399
0.6550869,-6.0689797,-15.090897,0.3037811,0.80485326,0.112860456,0.49718302
1.0038573,-0.15544856,-14.579325,0.22193581,0.7815086,-0.41535473,0.40923014
0.6541951,-6.078433,-15.090985,0.3040165,0.8051259,0.11356515,0.49643663
1.0041711,-0.15590973,-14.579456,0.2218921,0.78154236,-0.41540042,0.4091431
0.6424714,-6.0763197,-15.09102,0.3038814,0.80563986,0.11420729,0.49553737
1.0038956,-0.1563677,-14.579587,0.22193597,0.78161645,-0.4154236,0.40895405
0.64337933,-6.0754633,-15.091034,0.30388263,0.8060308,0.11469178,0.49478835
1.0036231,-0.1568207,-14.579717,0.22205898,0.7816672,-0.41547728,0.40873575
0.64375144,-6.0807595,-15.085391,0.30384216,0.80635154,0.1152954,0.4941499
1.0033293,-0.15802251,-14.579856,0.22225043,0.7817158,-0.41550377,0.40851182
0.63839364,-6.0773826,-15.08863,0.30360222,0.8067954,0.11568179,0.49348214
1.0030466,-0.15843737,-14.579991,0.22238791,0.7817723,-0.41560903,0.40822166
0.6361303,-6.0759554,-15.089998,0.30341688,0.8071933,0.11606583,0.49285498
1.0027763,-0.15883425,-14.58012,0.22249013,0.7818635,-0.41571453,0.40788367
0.63515455,-6.0753407,-15.090588,0.30309245,0.80762136,0.11644072,0.49226454
1.0025189,-0.15921195,-14.580242,0.22258323,0.78193873,-0.41585034,0.40755
0.6121271,-6.065065,-15.088415,0.29927087,0.8107793,0.11786003,0.48906347
1.0006835,-0.1563016,-14.579027,0.22211476,0.78260404,-0.41617104,0.4061992
0.60883707,-6.0651593,-15.084914,0.297238,0.81232196,0.11846934,0.48759383
0.9992495,-0.15544316,-14.578529,0.221895,0.782933,-0.41624716,0.40560684
0.6119774,-6.065206,-15.083188,0.2953153,0.81363136,0.11904515,0.48643732
0.99927723,-0.15468542,-14.577442,0.22162317,0.7832125,-0.41632453,0.40513617
0.60890836,-6.060629,-15.082347,0.29340637,0.8149669,0.11957419,0.48522547
0.9980729,-0.15339956,-14.576479,0.22126502,0.78356993,-0.4163528,0.4046114
0.60224843,-6.052808,-15.085996,0.29016158,0.81723434,0.12037007,0.4831619
0.99659634,-0.15123576,-14.574859,0.22016217,0.78453994,-0.41630706,0.4033785
0.5995133,-6.0498633,-15.084013,0.28873256,0.8182652,0.12093831,0.4821301
0.99571073,-0.15084916,-14.574175,0.21936664,0.78516513,-0.41607898,0.40283042
0.5979614,-6.052381,-15.082888,0.28747776,0.81909436,0.12158963,0.48130757
0.9949155,-0.15050203,-14.57356,0.21847466,0.78583694,-0.41579366,0.4022995
0.5931505,-6.0457726,-15.082284,0.286337,0.8199169,0.12201846,0.48047775
0.99419934,-0.15018943,-14.573008,0.21769212,0.7864544,-0.41542196,0.40190086
0.5942916,-6.045877,-15.081936,0.28549185,0.8203913,0.12248051,0.48005328
0.9935308,-0.14943074,-14.572491,0.21670845,0.787139,-0.41503894,0.40148774
0.5949659,-6.045939,-15.081731,0.2849011,0.82068765,0.12287782,0.47979608
0.99213237,-0.14910746,-14.571868,0.21590424,0.78770494,-0.4146628,0.40119964
0.591497,-6.0459757,-15.08161,0.28429654,0.8209894,0.12335853,0.4795151
0.99130917,-0.14808415,-14.5712,0.21501438,0.7881393,-0.41441643,0.40107882
0.5932724,-6.045997,-15.081538,0.28389114,0.8209791,0.123732656,0.47967643
0.99040586,-0.14616266,-14.569668,0.2139753,0.78846073,-0.41431624,0.4011064
0.5905318,-6.04601,-15.081496,0.2835846,0.8210583,0.12411754,0.47962287
0.98945814,-0.14506055,-14.568061,0.2132504,0.78864205,-0.41426796,0.40118587
0.5925782,-6.042388,-15.081471,0.2833622,0.8209308,0.12410678,0.47997504
0.98739177,-0.14389716,-14.566364,0.21257621,0.7888028,-0.4142343,0.4012625
0.5973897,-6.0437374,-15.081456,0.2833148,0.82065225,0.124227926,0.48044783
0.98654604,-0.14159398,-14.56471,0.21187359,0.7888729,-0.41432324,0.4014042
0.6002927,-6.0411377,-15.081447,0.2831622,0.8204928,0.12424689,0.48080516
0.9857676,-0.14192376,-14.563188,0.2113863,0.7887423,-0.4144951,0.40174028
0.5987855,-6.039499,-15.081441,0.2830357,0.8203987,0.12459244,0.48095077
0.9837801,-0.14350262,-14.561801,0.2111201,0.78862727,-0.41453338,0.4020665
0.5977938,-6.0417843,-15.081437,0.28314435,0.8201216,0.124911174,0.4812765
0.98333365,-0.14487696,-14.560594,0.21083848,0.78846055,-0.4146481,0.4024229
0.59714586,-6.043278,-15.081435,0.2832554,0.8199232,0.12526298,0.4814578
0.9842111,-0.14478616,-14.55957,0.2103841,0.78826267,-0.41490486,0.40278354
0.5967244,-6.0442495,-15.081433,0.28331113,0.81976867,0.12541886,0.48164743
0.98496574,-0.14346556,-14.55869,0.2098657,0.7880816,-0.41518253,0.40312213
0.59969354,-6.041619,-15.081432,0.28326806,0.81933963,0.125761,0.4823132
0.98433346,-0.14088166,-14.556521,0.20915683,0.7878588,-0.41565365,0.4034402
0.5984305,-6.043108,-15.081431,0.28330326,0.819073,0.12604475,0.48267117
0.98378265,-0.1413482,-14.555989,0.20880528,0.7876212,-0.4159851,0.4037445
0.6008181,-6.044086,-15.081431,0.2834433,0.8187564,0.12621237,0.48308218
0.98329794,-0.14036614,-14.555523,0.20842981,0.78740364,-0.4163479,0.40398893
0.60549456,-6.0447187,-15.081431,0.28359976,0.8183206,0.12637672,0.48368543
0.98424965,-0.13954906,-14.555134,0.2080104,0.78715146,-0.41667616,0.40435788
0.60859203,-6.0451384,-15.081431,0.28365752,0.81802315,0.12652025,0.48411694
0.9850305,-0.14017281,-14.554815,0.20773588,0.7868645,-0.41701534,0.40470776
0.6076252,-6.045423,-15.081431,0.2836301,0.817853,0.1266259,0.48439282
0.9844092,-0.14071506,-14.554538,0.20757854,0.7866268,-0.41727227,0.40498555
0.606968,-6.0456166,-15.081431,0.28366637,0.8176429,0.12665771,0.48471782
0.9851899,-0.13853393,-14.552962,0.20714067,0.7863872,-0.41764143,0.40529448
0.6096018,-6.048833,-15.081431,0.28362304,0.81740445,0.12676525,0.4851171
0.9858455,-0.13799913,-14.552936,0.2069213,0.7861075,-0.4179436,0.4056376
0.61134756,-6.047955,-15.081431,0.28336608,0.8170478,0.12663676,0.48590103
0.9876794,-0.13626803,-14.551637,0.20674387,0.78563654,-0.41846865,0.4060988
0.6066814,-6.0473714,-15.081431,0.2830754,0.8167882,0.12644616,0.4865561
0.98799086,-0.13478175,-14.5517845,0.20657629,0.785221,-0.4189617,0.4064793
0.60912734,-6.044217,-15.081431,0.28271714,0.8164934,0.12607501,0.48735487
0.9882562,-0.13475442,-14.551911,0.20658879,0.78484803,-0.41927826,0.40686652
0.6134112,-6.0420837,-15.081431,0.28245014,0.8161909,0.12567921,0.48811805
0.9896532,-0.13473181,-14.552015,0.2065265,0.78440696,-0.41964185,0.40737367

