ICVP Direct Stim Program 4.0.0+v4.0.0 - RelativeLocations
Updated at: 2022-08-22--16-11-22
Subject ID: CKT
Tester ID: kstipp
Direct Stimulation Input from the UI

UserID ; Time ; Electrodes ; Frequency (Hz) ; Cathodic Phase Duration (us) ; Train Length (ms) ; Duty On (ms); Duty Off (ms) ; Inter-train Length (ms) ; Amplitude (uA) ; Sent to Gateway ; Response ; Response Latency (ms) ; Response Duration (ms) ; Comments
kstipp ; 2022-08-22--16-11-22 ; 5603-5602-5606-5607 , 5603-5602-5606-5607-1502-1503-1506-1507 ; 200 ; 200 ; 500 ; 500 ; 0 ; 0 ; 40 ; True ;  ;  ;  ; moved left. went twice, nothing stayed on

Position t,Position u,Position v,Orientation w,Orientation x,Orientation y,Orientation z
0.81252563,-1.480369,-14.925663,0.33494753,0.8206979,0.10704237,0.4503412
0.9486795,-0.11754801,-14.551129,0.16365623,0.8064024,-0.394909,0.40863034
0.81832516,-1.4803443,-14.926145,0.334512,0.8194549,0.10732989,0.45285296
0.94758105,-0.11560837,-14.551398,0.16352089,0.8067654,-0.39449808,0.40836477
0.8229617,-1.4803245,-14.926531,0.33420482,0.8186323,0.10736768,0.45455533
0.94670886,-0.11406823,-14.551612,0.16336039,0.8070665,-0.39415672,0.40816364
0.8265388,-1.4803092,-14.926827,0.33403394,0.8180522,0.10745071,0.4557042
0.94600946,-0.11568168,-14.551782,0.16349953,0.8072768,-0.3938169,0.40802005
0.82922816,-1.4802978,-14.927052,0.33393994,0.81770474,0.1075737,0.45636722
0.9467965,-0.11698735,-14.55192,0.16361162,0.8073753,-0.39360172,0.4079879
0.83120644,-1.4802895,-14.929923,0.3336399,0.81759477,0.10752815,0.45679423
0.9461536,-0.1167678,-14.552033,0.16358948,0.80757207,-0.3933273,0.4078719
0.8354781,-1.4802831,-14.929256,0.33356616,0.8173353,0.10758534,0.45729867
0.9456245,-0.115366064,-14.552126,0.16350743,0.80776006,-0.39313805,0.40771496
0.8330326,-1.4802788,-14.928808,0.3333632,0.8173212,0.107655644,0.4574554
0.9463532,-0.114191554,-14.552203,0.16335568,0.80787766,-0.39302754,0.40764934
0.8366079,-1.4775983,-14.93116,0.3333241,0.81717604,0.10744202,0.45779327
0.94584763,-0.11432522,-14.552268,0.16331756,0.80799097,-0.392904,0.40755913
0.8392213,-1.4783517,-14.930164,0.333364,0.8169716,0.107522115,0.45811024
0.9454225,-0.11443764,-14.552322,0.16334794,0.80810153,-0.39268667,0.40753725
0.8384155,-1.4788722,-14.929479,0.33334038,0.8168401,0.10750928,0.45836473
0.946118,-0.115621984,-14.552372,0.16334578,0.80816805,-0.3924944,0.4075914
0.8404722,-1.4792573,-14.92897,0.3331636,0.81674427,0.107513346,0.45866302
0.9456764,-0.11559242,-14.552414,0.16328304,0.8082784,-0.39231268,0.40757278
0.8419355,-1.4821384,-14.928609,0.33336684,0.8165002,0.107614465,0.4589261
0.9443251,-0.11556734,-14.552449,0.16325855,0.8083967,-0.39213768,0.40751627
0.8404719,-1.4816566,-14.928358,0.3332656,0.8165404,0.107588165,0.4589343
0.9440996,-0.115545936,-14.551552,0.16317044,0.8084846,-0.39196664,0.40754172
0.8418767,-1.481295,-14.92817,0.33331668,0.8163934,0.10773282,0.45912474
0.94302464,-0.11464616,-14.550781,0.16311349,0.8086234,-0.39176905,0.40747917
0.8404863,-1.481041,-14.928038,0.33343056,0.8163648,0.10790243,0.459053
0.94293433,-0.11386975,-14.550117,0.16304749,0.8087165,-0.39163947,0.4074454
0.84183276,-1.4808475,-14.927937,0.33339003,0.8162874,0.10796835,0.4592046
0.9420606,-0.11399189,-14.5495405,0.16303058,0.808807,-0.39147624,0.40742928
0.8428277,-1.4830749,-14.927862,0.3336937,0.81611216,0.107959956,0.45929748
0.9420549,-0.11409831,-14.549039,0.16302136,0.80886865,-0.39136243,0.40742007
0.8435833,-1.482377,-14.927806,0.33368292,0.8161128,0.10785799,0.45932811
0.94205,-0.11490937,-14.548598,0.1631,0.80889773,-0.3912485,0.40744025
0.846623,-1.4842943,-14.927763,0.3339288,0.8159352,0.108000785,0.45943138
0.9413636,-0.11494032,-14.548213,0.16309913,0.80894196,-0.3911884,0.40741053
0.84643525,-1.485682,-14.9277315,0.3340974,0.8159322,0.1080971,0.45929158
0.9414057,-0.11561555,-14.547872,0.1631773,0.8089509,-0.39111963,0.40742746
0.84403265,-1.4844043,-14.927709,0.33409402,0.8160525,0.108097166,0.45908007
0.941443,-0.11498274,-14.547568,0.16306953,0.8089677,-0.3911672,0.40739167
0.84444404,-1.4834769,-14.927692,0.33419606,0.8160891,0.10808698,0.4589432
0.9414763,-0.11500481,-14.547299,0.16294645,0.808959,-0.39121643,0.40741092
0.84475994,-1.4827647,-14.92768,0.33423722,0.81611073,0.1080693,0.45887887
0.9415059,-0.1150245,-14.547061,0.16286501,0.80895436,-0.39124602,0.40742415
0.84500587,-1.4822103,-14.9276705,0.33426297,0.8161461,0.1080361,0.45880517
0.9415324,-0.11504213,-14.546845,0.16279933,0.8089169,-0.39131612,0.40745747
0.8451972,-1.4817789,-14.927663,0.33439732,0.8161776,0.10799356,0.45866114
0.9415562,-0.11455661,-14.546654,0.16274494,0.8089217,-0.3913966,0.40739217
0.84534127,-1.4835207,-14.927657,0.33464894,0.8161737,0.10790332,0.4585058
0.9411013,-0.11507198,-14.54648,0.16280828,0.80891615,-0.39139414,0.40738046
0.8454537,-1.4828254,-14.927652,0.33465827,0.8162793,0.10770266,0.45835823
0.94114316,-0.11553732,-14.546323,0.16284986,0.808868,-0.39144525,0.40741038
0.84553957,-1.48429,-14.9276495,0.33489484,0.8162579,0.107662834,0.4582328
0.94118094,-0.11552874,-14.546181,0.16281523,0.8088628,-0.39148465,0.40739673
0.84560686,-1.4834635,-14.927647,0.33492196,0.8163394,0.10764629,0.45807168
0.9412153,-0.11511261,-14.546051,0.16274038,0.80881155,-0.39157975,0.40743694
0.84566,-1.482812,-14.927645,0.33494937,0.81644994,0.10745586,0.45789927
0.9412465,-0.11512201,-14.545934,0.16271226,0.8087798,-0.39161435,0.40747797
0.84383875,-1.4823195,-14.927643,0.3350751,0.81658554,0.10739382,0.4575799
0.941275,-0.11549912,-14.546196,0.16279753,0.80870026,-0.39162546,0.40759096
0.8424436,-1.4837104,-14.927642,0.33521134,0.81668675,0.10736098,0.45730704
0.9413009,-0.11549352,-14.546084,0.1628332,0.8086575,-0.39165705,0.4076312
0.8413621,-1.4831088,-14.927641,0.3353282,0.8169164,0.10715194,0.45686004
0.9413248,-0.11582101,-14.545982,0.1628694,0.8085457,-0.39177108,0.40772903
0.84051424,-1.482637,-14.92764,0.33540186,0.8171148,0.1070676,0.45647094
0.94134665,-0.11548941,-14.54589,0.16284701,0.80846334,-0.39188823,0.40778852
0.83984244,-1.4837794,-14.92764,0.3355423,0.81727105,0.10701508,0.45609993
0.9413667,-0.115484916,-14.545804,0.16281767,0.80836207,-0.39200935,0.40788472
0.8378646,-1.4846936,-14.92764,0.33562258,0.8175081,0.10698399,0.45562303
0.94169,-0.11548052,-14.54572,0.16279799,0.8082411,-0.392136,0.4080105
0.8362672,-1.4840636,-14.92764,0.33570814,0.81766963,0.10694147,0.4552801
0.9416996,-0.11547618,-14.545638,0.1628284,0.8081333,-0.39229518,0.40805897
0.8349657,-1.4835502,-14.92764,0.3357716,0.81778926,0.10702256,0.45499933
0.94207543,-0.11547122,-14.545545,0.1628212,0.8080164,-0.39247057,0.40812454
0.83513135,-1.4831285,-14.92764,0.3358322,0.81784576,0.10711976,0.45483014
0.94249403,-0.11546569,-14.545439,0.16281559,0.8079042,-0.39265686,0.40816978
0.83526856,-1.4827794,-14.926466,0.33592933,0.8179226,0.10721101,0.45459875
0.942472,-0.11588041,-14.54534,0.1629035,0.8078284,-0.3927828,0.4081635
0.83538294,-1.4824883,-14.926602,0.335923,0.81802285,0.10727596,0.45440772
0.94245094,-0.115857124,-14.545244,0.16297473,0.8077866,-0.3928791,0.40812516
0.835479,-1.4822437,-14.925658,0.3360109,0.8180935,0.107413925,0.45418292
0.94287086,-0.11495138,-14.545148,0.16286224,0.8077442,-0.39305526,0.4080844
0.83455443,-1.4830426,-14.924859,0.33613294,0.81819105,0.10753734,0.45388758
0.94332236,-0.114971764,-14.545045,0.16293046,0.80768305,-0.39314255,0.40809405
0.83376795,-1.4837223,-14.92418,0.33629543,0.8183252,0.10779735,0.45346323
0.94379294,-0.11553944,-14.544937,0.16305159,0.807614,-0.3931652,0.4081605
0.83309513,-1.4843038,-14.923599,0.33651844,0.81847733,0.10791952,0.45299405
0.9436955,-0.11656718,-14.54536,0.1632819,0.80751604,-0.3931904,0.40823808
0.83251625,-1.4839417,-14.923099,0.33663356,0.8186307,0.10791089,0.45263332
0.94414264,-0.11649807,-14.545235,0.1633034,0.80741405,-0.3932719,0.40835267
0.83201563,-1.4836285,-14.923486,0.33669943,0.8187661,0.10789164,0.45234397
0.94402695,-0.115919605,-14.545123,0.16329318,0.80738115,-0.3933445,0.40835178
0.83158064,-1.4841347,-14.923044,0.33682594,0.81881225,0.10792475,0.45215815
0.9439229,-0.11539959,-14.545022,0.16325656,0.8073484,-0.39339858,0.40837917
0.83046144,-1.4845766,-14.922658,0.3369664,0.8188635,0.10789866,0.45196688
0.9443288,-0.11539674,-14.544924,0.16327193,0.8072863,-0.39345455,0.4084417
0.83018243,-1.4849641,-14.922318,0.33701026,0.8189045,0.10784985,0.45187154
0.9442097,-0.11539413,-14.544833,0.16330184,0.8072283,-0.39344788,0.4085509
0.8299367,-1.4853054,-14.9226885,0.33707875,0.8189245,0.10779874,0.45179647
0.94462144,-0.115926884,-14.54474,0.16330317,0.8071464,-0.39351454,0.40864807
0.8303534,-1.4849732,-14.923015,0.3370731,0.81895137,0.107737064,0.45176667
0.9444812,-0.116407886,-14.544655,0.1633464,0.8071177,-0.3934977,0.40870368
0.8301209,-1.4852806,-14.923305,0.33709437,0.818983,0.10765821,0.45171213
0.9449048,-0.1174884,-14.544566,0.16347685,0.80705667,-0.39342323,0.4088436
0.82991385,-1.4849823,-14.923562,0.3370995,0.819031,0.10754095,0.45164952
0.9453431,-0.117977336,-14.544474,0.1635403,0.8070212,-0.393364,0.40894526
0.82972896,-1.4852592,-14.923249,0.3371427,0.8190528,0.10744731,0.4515999
0.9451296,-0.11842172,-14.544389,0.16350083,0.8070266,-0.3932799,0.4090312
0.82904685,-1.4849911,-14.923485,0.33710802,0.81912416,0.1073187,0.45152703
0.9455602,-0.118216984,-14.544307,0.16333185,0.8070066,-0.39331347,0.40910587
0.8294147,-1.4847502,-14.923697,0.3370682,0.8191648,0.107192256,0.451513
0.9459521,-0.117407136,-14.544231,0.16312803,0.8070198,-0.39333406,0.40914133
0.8292804,-1.4849988,-14.923423,0.33709878,0.8191877,0.10706581,0.45147863
0.94570786,-0.11668769,-14.544165,0.16301279,0.80704874,-0.39331648,0.40914705
0.8291589,-1.4847809,-14.923174,0.33709976,0.8192071,0.10696297,0.45146716
0.9460529,-0.11604633,-14.544105,0.16280842,0.80700845,-0.39338878,0.4092384
0.8290489,-1.4845835,-14.922949,0.3371133,0.8192254,0.106854,0.45144954
0.9463841,-0.115430705,-14.544047,0.16271573,0.8069169,-0.3934915,0.40935704
0.8293484,-1.4844041,-14.922745,0.33712885,0.8192275,0.106741875,0.45146057
0.9474177,-0.11542477,-14.543985,0.16268739,0.80683196,-0.393526,0.40950254
0.8292416,-1.4842408,-14.922558,0.33712083,0.81925344,0.10663478,0.45144486
0.9477222,-0.115419,-14.543924,0.16275826,0.8067342,-0.3936114,0.4095849
0.82950467,-1.4840918,-14.922388,0.3371325,0.8192621,0.106514886,0.45144877
0.9480099,-0.11470054,-14.543867,0.1627021,0.8066692,-0.39373112,0.40962029
0.8294027,-1.4839555,-14.922232,0.33715066,0.8192918,0.10638884,0.45141107
0.94828594,-0.114750125,-14.543812,0.16276471,0.80657494,-0.39385736,0.40965956
0.8293092,-1.4835052,-14.92209,0.33712897,0.8193406,0.10625242,0.45137078
0.9485492,-0.11479741,-14.543758,0.16286652,0.80647576,-0.39398474,0.40969184
0.8292235,-1.483092,-14.92196,0.33710566,0.8193957,0.10612005,0.45131922
0.94879514,-0.11406676,-14.54371,0.16292204,0.8063789,-0.3941392,0.4097119
0.8294384,-1.4832993,-14.92184,0.33716917,0.81940347,0.10600607,0.4512845
0.9482739,-0.113428585,-14.543667,0.16293888,0.80637133,-0.39420626,0.40965545
0.82935727,-1.4834902,-14.92173,0.3372272,0.81941426,0.105925724,0.45124033
0.94932145,-0.11358378,-14.543625,0.16309825,0.8061928,-0.3943403,0.40981457
0.82921326,-1.4833193,-14.921784,0.33728492,0.8194828,0.105724365,0.45112
0.949685,-0.11233178,-14.54355,0.16323853,0.80608296,-0.39450356,0.40981764
0.8291493,-1.4830041,-14.92193,0.33725744,0.8195262,0.10564691,0.45107985
0.9490706,-0.11180506,-14.543518,0.16331337,0.80606264,-0.39452147,0.4098106
0.82909006,-1.4829394,-14.922065,0.3372817,0.81953067,0.10559235,0.45106637
0.9492625,-0.11207355,-14.54349,0.16349113,0.80597967,-0.39456165,0.40986422
0.8290351,-1.4828794,-14.922191,0.33728993,0.8195303,0.1055662,0.4510669
0.94943094,-0.11230927,-14.544158,0.1636941,0.805922,-0.39458615,0.40987298
0.8291892,-1.4830287,-14.922307,0.33736643,0.81951153,0.10550505,0.45105827
0.9495794,-0.113174945,-14.544746,0.16392198,0.8058049,-0.39462632,0.40997344
0.8289427,-1.4829726,-14.922415,0.3374184,0.8195525,0.105420366,0.45096475
0.94971085,-0.113316074,-14.545268,0.16397588,0.805704,-0.39471933,0.41006064
0.82889676,-1.4829185,-14.92252,0.33745506,0.81955326,0.10532062,0.4509593
0.95049715,-0.11411189,-14.54578,0.1642277,0.805532,-0.39481416,0.4102065
0.8290439,-1.4830577,-14.922622,0.3375283,0.8195137,0.10528754,0.45098415
0.9505699,-0.11482726,-14.546242,0.16431102,0.80546147,-0.39493668,0.41019368
0.8289959,-1.483002,-14.922721,0.33754137,0.81950897,0.10526574,0.4509879
0.9513532,-0.11486541,-14.546721,0.1643057,0.8053369,-0.39512756,0.41025645
0.8289488,-1.4829473,-14.92282,0.33753023,0.81948555,0.10519755,0.45105478
0.9521393,-0.11413731,-14.546436,0.1642138,0.8052088,-0.3953771,0.4103043
0.8289027,-1.4828938,-14.922915,0.33751762,0.8194484,0.1051608,0.45114017
0.9520973,-0.11423157,-14.546181,0.16425385,0.80513346,-0.3954672,0.41034937
0.8290497,-1.4828413,-14.92301,0.33749047,0.81940556,0.105090894,0.45125455
0.95285916,-0.115128025,-14.546731,0.164345,0.8049951,-0.39555833,0.4104964
0.82919383,-1.4827898,-14.92291,0.337493,0.819343,0.105044805,0.45137703
0.95275855,-0.11591407,-14.547213,0.16454268,0.8049236,-0.395514,0.4106002
0.82933503,-1.4829316,-14.922812,0.3374882,0.8192756,0.105041526,0.45150363
0.95266944,-0.11661004,-14.546901,0.16473709,0.80484635,-0.39554873,0.4106401
0.8292812,-1.4828783,-14.922716,0.33747628,0.81924754,0.10498748,0.451576
0.953386,-0.11731018,-14.546586,0.16486906,0.8047552,-0.39550507,0.41080788
0.8294207,-1.4828261,-14.922623,0.33747664,0.8192149,0.10493177,0.4516479
0.9540828,-0.11713529,-14.54628,0.16477577,0.8047249,-0.3955795,0.4108331
0.8295574,-1.482775,-14.922531,0.33751035,0.8191687,0.10492731,0.4517075
0.9538729,-0.116170995,-14.546015,0.16470015,0.8047362,-0.39560592,0.41081575
0.8296914,-1.4827248,-14.922441,0.33748105,0.81916136,0.10488258,0.45175314
0.9536904,-0.11610468,-14.545785,0.16472596,0.8047602,-0.39555913,0.41080338
0.82984567,-1.4824412,-14.922338,0.3374734,0.81916565,0.10479619,0.4517712
0.9543129,-0.1168373,-14.545567,0.1648295,0.80462426,-0.3955979,0.41099086
0.8297707,-1.4823903,-14.922236,0.3375174,0.8191779,0.10473878,0.4517293
0.95409966,-0.118231356,-14.546132,0.16509104,0.80452996,-0.3955813,0.41108623
0.82993585,-1.4823362,-14.922374,0.33764815,0.81926847,0.10454378,0.45151258
0.95391303,-0.11729795,-14.546628,0.1651117,0.80435,-0.39593518,0.41108945
0.82985294,-1.4822841,-14.922265,0.33777195,0.8193507,0.10441164,0.45130125
0.95445883,-0.11787067,-14.547087,0.16530575,0.8041199,-0.39616832,0.4112371
0.82977617,-1.4824657,-14.922164,0.3379274,0.81942296,0.10432567,0.4510735
0.95500493,-0.11844371,-14.547545,0.16543707,0.80388415,-0.39641368,0.41140863
0.8299235,-1.4824158,-14.922288,0.33799076,0.81951326,0.10417784,0.45089597
0.9565246,-0.11999275,-14.548046,0.16565052,0.80360717,-0.39663345,0.41165194
0.82985264,-1.4823694,-14.922403,0.33812138,0.81958103,0.10404182,0.45070636
0.9569975,-0.120493546,-14.548522,0.165662,0.8034253,-0.3968492,0.4117944
0.8297868,-1.4823263,-14.922313,0.3382175,0.8196701,0.10391287,0.4505021
0.95740145,-0.11907919,-14.548007,0.16558924,0.8033438,-0.3970995,0.41174155
0.82972246,-1.4822842,-14.922225,0.33831808,0.81972426,0.10386019,0.45034015
0.9577484,-0.1178643,-14.547565,0.16543946,0.8032319,-0.39742705,0.411704
0.8298766,-1.4822367,-14.922126,0.3384275,0.81973594,0.10374986,0.45026195
0.9590471,-0.11856878,-14.548081,0.16557108,0.80297184,-0.39766672,0.4119269
0.82958865,-1.482408,-14.922034,0.33851394,0.8198187,0.103686154,0.450061
0.9592661,-0.11921504,-14.548555,0.16581643,0.8028018,-0.3977911,0.4120395
0.82952595,-1.4823624,-14.921949,0.3385312,0.8199017,0.103595935,0.4499175
0.9594668,-0.119807,-14.548989,0.16598745,0.8026614,-0.39798224,0.41205952
0.82946765,-1.4823201,-14.921869,0.3385395,0.81994826,0.103524856,0.44984278
0.9606975,-0.11932359,-14.548357,0.16591209,0.80254287,-0.3982196,0.41209155
0.8294007,-1.4820435,-14.921778,0.3384329,0.8199928,0.10348811,0.44985032
0.9617572,-0.116895825,-14.547812,0.16569087,0.80246556,-0.39854205,0.41201934
0.82931685,-1.4816976,-14.921664,0.33833382,0.82001567,0.10341147,0.44990075
0.9627596,-0.11672444,-14.5472975,0.16575794,0.8023014,-0.39874795,0.41211262
0.8292318,-1.4816521,-14.921548,0.33830953,0.8199973,0.10342952,0.44994828
0.96369594,-0.1176802,-14.546817,0.16589394,0.8021284,-0.39893126,0.41221753
0.82946867,-1.4816054,-14.92143,0.3383042,0.819943,0.10339053,0.45006025
0.96456146,-0.11856373,-14.547538,0.16617152,0.80187726,-0.39916056,0.4123722
0.8297133,-1.4815573,-14.921306,0.33826685,0.8198748,0.1034056,0.45020902
0.96666723,-0.11813687,-14.546956,0.16604838,0.80162114,-0.3995967,0.41249746
0.82959944,-1.4815094,-14.921185,0.3382546,0.8198205,0.10344867,0.45030722
0.96722585,-0.11776182,-14.546445,0.16594583,0.80149317,-0.39989632,0.41249686
0.8298628,-1.4814602,-14.921059,0.3382106,0.81977916,0.10346675,0.45041138
0.9677154,-0.11743321,-14.545997,0.16601612,0.8013923,-0.40004504,0.4125203
0.8301717,-1.480938,-14.920912,0.3381313,0.8197544,0.10347775,0.45051333
0.968143,-0.11714613,-14.545606,0.16609354,0.8012899,-0.40022624,0.41251236
0.830994,-1.4809029,-14.92076,0.33816847,0.8196413,0.10353617,0.45067784
0.9685133,-0.11822473,-14.545266,0.16626179,0.8012025,-0.4002703,0.4125717
0.83125585,-1.4813497,-14.920625,0.3381954,0.8195641,0.10360621,0.45078194
0.96883434,-0.11915977,-14.544973,0.16649607,0.801168,-0.4002567,0.41255733
0.8310176,-1.4807973,-14.92049,0.33813986,0.8195443,0.10365136,0.45084912
0.96911263,-0.11997028,-14.544719,0.1666622,0.8010398,-0.40036538,0.4126336
0.83127457,-1.4812429,-14.92037,0.3381861,0.81946415,0.103737794,0.45094034
0.9693537,-0.12067227,-14.544498,0.16664189,0.8010277,-0.40037066,0.41266033
0.8315067,-1.4816455,-14.92026,0.33823514,0.819382,0.103792906,0.4510401
0.96955043,-0.11867472,-14.544317,0.16648577,0.80109924,-0.4004237,0.41253278
0.831728,-1.4815812,-14.9201565,0.33821264,0.8193233,0.1038458,0.45115146
0.9697124,-0.117030784,-14.544169,0.16632642,0.8011236,-0.40050182,0.41247398
0.831954,-1.4815156,-14.92005,0.33819056,0.81927574,0.10387735,0.4512472
0.96868664,-0.11798739,-14.545207,0.16652307,0.80109406,-0.40045238,0.4125001
0.83218294,-1.4814492,-14.919942,0.33816144,0.81924117,0.10389422,0.45132792
0.9689318,-0.11988847,-14.546073,0.16678764,0.80103844,-0.40029645,0.4126525
0.83241296,-1.4813825,-14.919833,0.33811826,0.8191926,0.10390872,0.451445
0.96809113,-0.11834681,-14.546802,0.16662389,0.801105,-0.40027764,0.41260764
0.8326192,-1.4813226,-14.920253,0.3380879,0.8191269,0.10393571,0.4515807
0.96837395,-0.118036285,-14.547419,0.16669035,0.8010831,-0.40023497,0.41266477
0.83280456,-1.4817591,-14.920138,0.33809292,0.81905127,0.10400911,0.45169726
0.9686149,-0.118716605,-14.547944,0.16684602,0.80101556,-0.40017897,0.4127874
0.8325061,-1.4816868,-14.920503,0.3380778,0.8190014,0.10400699,0.4517995
0.96882284,-0.11930394,-14.548398,0.16690819,0.80102867,-0.40006858,0.4128438
0.83267856,-1.4816216,-14.920831,0.3380636,0.8189185,0.10402505,0.45195603
0.9690114,-0.11893109,-14.548809,0.16683364,0.8010881,-0.39998913,0.41283557
0.8328349,-1.4815625,-14.920708,0.3380101,0.81884134,0.104023844,0.45213613
0.9691849,-0.11950742,-14.549187,0.1669731,0.80102104,-0.39994442,0.41295263
0.8334525,-1.4815012,-14.921036,0.33797136,0.81874293,0.10400902,0.45234677
0.96934426,-0.12003705,-14.549534,0.16704565,0.8010571,-0.39980784,0.41298547
0.8341132,-1.4814357,-14.921387,0.33791995,0.81864625,0.1039788,0.452567
0.96948093,-0.11871658,-14.548944,0.16687208,0.8011244,-0.39979202,0.4129404
0.8348163,-1.4813658,-14.9217615,0.33787116,0.81854117,0.10390723,0.45280996
0.96960175,-0.11927774,-14.549289,0.16694914,0.8011346,-0.39974257,0.41293734
0.8349016,-1.4813007,-14.92211,0.33776292,0.81850296,0.103828475,0.4529778
0.96971303,-0.119794354,-14.549604,0.16701142,0.80122006,-0.39962864,0.4128566
0.8356332,-1.4812318,-14.922479,0.33769116,0.81842756,0.103729434,0.4531903
0.9698091,-0.118579395,-14.5490465,0.16684729,0.8013116,-0.39959422,0.41277868
0.83567435,-1.4811682,-14.92282,0.3376325,0.8183818,0.10358664,0.4533491
0.96989244,-0.117524914,-14.548564,0.1667448,0.80139625,-0.3995612,0.41268772
0.8357127,-1.4811089,-14.922504,0.33758402,0.8183148,0.103473864,0.45353186
0.9699652,-0.11885411,-14.548891,0.16696152,0.8013934,-0.39943907,0.4127239
0.8364582,-1.4810472,-14.922881,0.337525,0.81825733,0.10328957,0.4537214
0.9700312,-0.11932262,-14.549188,0.16694643,0.8015085,-0.3993294,0.4126126
0.83644354,-1.4809909,-14.9232235,0.33748838,0.8182416,0.10315901,0.4538068
0.9700898,-0.11902906,-14.548742,0.16700028,0.80159914,-0.3992323,0.41250864
0.83643013,-1.4809395,-14.923536,0.33742785,0.8182314,0.10306247,0.45389217
0.96946734,-0.118096724,-14.54835,0.1669428,0.8017387,-0.3991729,0.41231814
0.8372101,-1.4800895,-14.923876,0.33721417,0.81819147,0.10279029,0.45418456
0.96955776,-0.11855378,-14.548644,0.16692296,0.8019006,-0.39895803,0.41221923
0.8380222,-1.4792045,-14.924229,0.33699685,0.8182086,0.10253413,0.45437288
0.969638,-0.118350744,-14.548905,0.16686882,0.8020553,-0.39877182,0.41212043
0.8388028,-1.4793103,-14.924568,0.33691984,0.8181535,0.10238216,0.45456326
0.96970934,-0.11759217,-14.548559,0.16677143,0.8021972,-0.39859977,0.41205
0.83954406,-1.4794108,-14.92489,0.336874,0.81810707,0.102286644,0.4547023
0.96922404,-0.11746386,-14.54825,0.16672692,0.8023561,-0.39841405,0.41193807
0.8402396,-1.4795051,-14.925192,0.33685434,0.81806695,0.102170475,0.45481527
0.96878934,-0.11787047,-14.548495,0.16672285,0.8024772,-0.39823765,0.41187468
0.84088844,-1.4784847,-14.924366,0.33678186,0.81807506,0.10198705,0.45489547
0.96889424,-0.11774031,-14.54822,0.16666946,0.80258095,-0.39808083,0.41184568
0.8415,-1.4775232,-14.9247675,0.33669022,0.8180617,0.10184488,0.45501924
0.9689888,-0.11715234,-14.547971,0.16660666,0.8026772,-0.3979649,0.41179556
0.8420664,-1.4766325,-14.925139,0.33663675,0.8180374,0.10174426,0.455125
0.96907425,-0.11706828,-14.547747,0.16655095,0.802752,-0.3978512,0.4117821
0.84254515,-1.4770904,-14.924243,0.3366481,0.81799036,0.10174577,0.45520082
0.96830195,-0.116992146,-14.547969,0.16653372,0.80287755,-0.3977092,0.41168147
0.8443677,-1.4761837,-14.924722,0.33664316,0.81791055,0.101636164,0.45537212
0.9680043,-0.11732658,-14.547767,0.16654128,0.8029533,-0.3976018,0.41163433
0.8445835,-1.4753883,-14.92514,0.3366324,0.8178555,0.10164148,0.45547792
0.9677334,-0.11763096,-14.547583,0.16652668,0.803029,-0.3975188,0.4115728
0.8434451,-1.4747413,-14.925482,0.33646628,0.8179277,0.10154901,0.45549157
0.9674864,-0.11754436,-14.547415,0.1665114,0.8030914,-0.3974535,0.41152027
0.8425114,-1.475459,-14.924514,0.33643392,0.81791115,0.101628356,0.45552742
0.96726054,-0.117465205,-14.547261,0.16649283,0.80314237,-0.39740524,0.4114749
0.8429255,-1.4748665,-14.924899,0.33639634,0.81788766,0.10165622,0.4555912
0.96738243,-0.11739272,-14.54712,0.16645639,0.8031844,-0.3973892,0.4114231
0.8421438,-1.4754995,-14.92522,0.33646128,0.81783944,0.101677336,0.4556251
0.96718204,-0.117326215,-14.546991,0.16643679,0.8032355,-0.3973485,0.41137064
0.8425583,-1.4760305,-14.9244175,0.33650586,0.81776327,0.10171444,0.4557207
0.96729445,-0.11726508,-14.546873,0.16641933,0.8032741,-0.39732367,0.41132635
0.84189165,-1.475462,-14.924758,0.33639058,0.8178023,0.10170216,0.45573854
0.967398,-0.11749063,-14.546763,0.16640858,0.8033198,-0.39729136,0.41127256
0.8413253,-1.4759449,-14.924081,0.33640155,0.8177991,0.10177804,0.4557193
0.966958,-0.11743088,-14.546662,0.16640103,0.8034031,-0.3972188,0.41118303
0.8408413,-1.4754399,-14.92442,0.33633944,0.8178439,0.101713985,0.45569888
0.966806,-0.117121354,-14.54657,0.1663628,0.8034654,-0.3971924,0.41110215
0.84129703,-1.4750061,-14.924712,0.33632827,0.8178179,0.10165587,0.4557668
0.966907,-0.11683508,-14.546484,0.16629873,0.8035093,-0.39718944,0.41104516
0.8416908,-1.4746314,-14.924965,0.336229,0.8178595,0.1016109,0.45577547
0.96677107,-0.1167995,-14.546405,0.16627379,0.8035719,-0.39714056,0.41098022
0.84205884,-1.4742811,-14.9252,0.33617693,0.8178791,0.10153587,0.45579547
0.96664494,-0.11698458,-14.54633,0.16628961,0.8036381,-0.39705732,0.41092464
0.8424139,-1.4739431,-14.925428,0.33616287,0.81786245,0.10152319,0.45583844
0.96673506,-0.11715643,-14.546263,0.16630876,0.80369115,-0.39698324,0.41088474
0.84186846,-1.4745032,-14.925624,0.33619094,0.8178492,0.101565555,0.45583206
0.966622,-0.11711935,-14.546199,0.16629332,0.80379057,-0.39689317,0.41078362
0.84139615,-1.4749882,-14.925793,0.3361802,0.8178379,0.10163018,0.45584577
0.9665138,-0.11689164,-14.546138,0.1662269,0.80388623,-0.39682174,0.4106922
0.84175354,-1.4738736,-14.9259405,0.33604032,0.81783414,0.10157755,0.45596734
0.9664078,-0.11666848,-14.546079,0.16616276,0.8039814,-0.3967615,0.41059008
0.8429643,-1.4735898,-14.926089,0.3360688,0.8176912,0.10158891,0.45620018
0.9663039,-0.11664202,-14.54602,0.16616434,0.8040791,-0.39666405,0.41049227
0.84323186,-1.4733193,-14.926231,0.33604464,0.8176484,0.10161162,0.45628968
0.9660098,-0.11680833,-14.545962,0.1662032,0.80417037,-0.39657098,0.41038767
0.8436808,-1.473631,-14.926471,0.33605722,0.8174999,0.101668656,0.45653373
0.9658199,-0.117127195,-14.545851,0.16626252,0.80426085,-0.39650413,0.4102509
0.84388673,-1.4733509,-14.926581,0.3359932,0.81740916,0.101750836,0.45672494
0.96572775,-0.11689933,-14.545796,0.16620561,0.804336,-0.39647114,0.41015851
0.84500986,-1.474021,-14.926683,0.33611068,0.81724304,0.101821095,0.45692015
0.9654452,-0.11667601,-14.545744,0.16611159,0.80442303,-0.39645943,0.4100373
0.8450888,-1.4745959,-14.926771,0.33620733,0.8170986,0.10199216,0.45706898
0.9653542,-0.1166474,-14.545688,0.16614263,0.8044569,-0.39643455,0.40998214
0.8460866,-1.4751406,-14.926855,0.33621302,0.81696385,0.102084674,0.4572851
0.9652648,-0.11682678,-14.545632,0.16616057,0.8044487,-0.39641467,0.41001016
0.8460654,-1.4747076,-14.926929,0.3361427,0.81673455,0.10221798,0.4577164
0.9651685,-0.116791554,-14.545574,0.16620116,0.80444133,-0.39640608,0.41001657
0.8460472,-1.4752176,-14.926994,0.33611205,0.81642,0.102507785,0.45823503
0.9650654,-0.11675388,-14.54551,0.16621028,0.8044307,-0.39645264,0.4099887
0.8469543,-1.4757032,-14.927056,0.3361618,0.81597346,0.102609485,0.45897052
0.96495146,-0.11642779,-14.54544,0.16617031,0.8044193,-0.39651594,0.40996623
0.84785384,-1.4751707,-14.927117,0.3359897,0.8156664,0.102758475,0.4596086
0.9651166,-0.116397366,-14.545376,0.16625096,0.8043722,-0.39654565,0.40999702
0.8486877,-1.475728,-14.927174,0.3360891,0.81530595,0.103092395,0.4601004
0.96500844,-0.1166346,-14.545314,0.16631046,0.804349,-0.39660177,0.40996405
0.8506978,-1.4762843,-14.92723,0.3361339,0.8148709,0.10342294,0.46076375
0.96516156,-0.116853714,-14.545256,0.16641545,0.80426687,-0.39666697,0.4100196
0.8525614,-1.4780446,-14.927283,0.33618546,0.8145255,0.10379232,0.46125358
0.9650628,-0.11705639,-14.545444,0.1665007,0.8042329,-0.39670554,0.4100143
0.85294527,-1.478337,-14.92733,0.3361714,0.8142726,0.10408908,0.46164334
0.96497136,-0.11701574,-14.54539,0.1665327,0.8041903,-0.39678386,0.4100091
0.8532832,-1.4785945,-14.927371,0.33624056,0.81399673,0.10444223,0.46199945
0.9648766,-0.116731405,-14.545333,0.16653097,0.80414635,-0.39688358,0.4099994
0.8535799,-1.4788206,-14.927407,0.33629772,0.8137244,0.10471521,0.4623757
0.9647722,-0.11641815,-14.545271,0.16654883,0.80411357,-0.39697725,0.40996572
0.8552262,-1.4804022,-14.927441,0.33643067,0.8133816,0.10498521,0.46282056
0.964936,-0.11638913,-14.545214,0.1665958,0.8040499,-0.39707613,0.40997577
0.8567135,-1.4818311,-14.927469,0.33647943,0.81312966,0.1054173,0.46312958
0.9648285,-0.116358995,-14.545154,0.16665189,0.80401605,-0.39714,0.40995753
0.85653555,-1.4829913,-14.927493,0.33686084,0.81275755,0.10561798,0.4634597
0.96472925,-0.11659494,-14.545362,0.16671984,0.80399114,-0.3971908,0.40992966
0.8578395,-1.4840411,-14.927515,0.3373696,0.8121476,0.10592826,0.4640876
0.9646333,-0.11629841,-14.545302,0.1667385,0.8039873,-0.3972556,0.40986657
0.86064583,-1.4850128,-14.925936,0.33793828,0.8115665,0.10617653,0.46463338
0.96453243,-0.11627031,-14.545239,0.16683038,0.80398434,-0.39729124,0.40980056
0.86315966,-1.4858831,-14.924521,0.3382602,0.81115514,0.10634862,0.4650779
0.96443945,-0.11651366,-14.545451,0.16694014,0.8039714,-0.3973104,0.4097627
0.86350167,-1.4865906,-14.923371,0.33840668,0.81093436,0.10658478,0.46530226
0.9643536,-0.116994165,-14.545646,0.16704911,0.80394244,-0.39732614,0.4097599
0.86560196,-1.4890094,-14.922369,0.3388685,0.81059474,0.10659206,0.46555611
0.96427417,-0.11719549,-14.545825,0.16712864,0.8039223,-0.39733887,0.4097547
0.86738724,-1.4891801,-14.921517,0.3391102,0.8103605,0.10639749,0.46583235
0.96443146,-0.117381915,-14.545992,0.16721354,0.8039083,-0.39734071,0.40974575
0.8688742,-1.4893224,-14.920808,0.33904892,0.8102886,0.10618409,0.46605062
0.9645773,-0.11733545,-14.545927,0.16727623,0.803892,-0.3973515,0.40974158
0.8700762,-1.4894373,-14.922215,0.3389988,0.8102194,0.106075495,0.4662321
0.9645044,-0.11708398,-14.545867,0.16729333,0.80390114,-0.3973671,0.40970147
0.8710468,-1.4895302,-14.921336,0.33905834,0.8101941,0.105765745,0.46630314
0.9646346,-0.11685025,-14.545811,0.16731693,0.8038971,-0.3973867,0.40968078
0.8698601,-1.4895998,-14.920676,0.33917856,0.81013864,0.10574821,0.46631604
0.9645662,-0.11662792,-14.545758,0.16736418,0.80391735,-0.3973741,0.40963393
0.8708188,-1.4896554,-14.920152,0.33918402,0.8100575,0.10555216,0.46649745
0.96449906,-0.11698675,-14.5458975,0.16754542,0.8039075,-0.39731234,0.4096391
0.87160265,-1.4897007,-14.919723,0.33921975,0.8100955,0.105264924,0.46647033
0.9646256,-0.117338404,-14.546035,0.16768835,0.80387324,-0.39728212,0.4096773
0.8722322,-1.4916885,-14.919377,0.33949924,0.8099651,0.10524124,0.46649894
0.9645573,-0.11729855,-14.54617,0.16775385,0.8038661,-0.39725733,0.4096885
0.8727377,-1.4932846,-14.9191,0.33953047,0.8099914,0.10510583,0.466461
0.96468264,-0.11687501,-14.54611,0.16768572,0.8038758,-0.39729592,0.4096599
0.8731197,-1.4907553,-14.918891,0.33935973,0.8100744,0.10492615,0.4664815
0.96461326,-0.116652176,-14.546051,0.16771391,0.80390245,-0.3972757,0.40961573
0.8734121,-1.4888195,-14.918732,0.33922285,0.81017023,0.10470088,0.46646523
0.9645453,-0.11662605,-14.545994,0.16774224,0.8038963,-0.39726287,0.4096285
0.87364393,-1.4907354,-14.918605,0.33932486,0.8100844,0.10468371,0.46654385
0.9646709,-0.11679267,-14.546129,0.16780783,0.8038657,-0.3972375,0.40968636
0.87382734,-1.4905874,-14.920168,0.33919737,0.81007934,0.10453907,0.46667793
0.96460176,-0.11695597,-14.546069,0.16791148,0.8038648,-0.39720732,0.40967494
0.87397873,-1.4904652,-14.919797,0.33921525,0.8100658,0.104463704,0.46670532
0.9647262,-0.117116004,-14.54601,0.16795948,0.80387473,-0.3971721,0.4096698
0.8758713,-1.490358,-14.919472,0.3393002,0.8099759,0.1043825,0.46681753
0.96484816,-0.1170806,-14.545953,0.16795832,0.80388504,-0.39718565,0.40963706
0.8756682,-1.488603,-14.920892,0.33913365,0.81003904,0.10419915,0.4668701
0.9647755,-0.11685365,-14.545897,0.16792823,0.8039537,-0.3971396,0.40955913
0.87550884,-1.488814,-14.920418,0.33912107,0.81000674,0.10434624,0.4669025
0.9647042,-0.116823494,-14.545841,0.1679272,0.8039854,-0.3971213,0.40951505
0.8770344,-1.4889987,-14.920004,0.33926567,0.80984676,0.10437629,0.46706817
0.9648266,-0.11698618,-14.545788,0.16796656,0.80399114,-0.39712122,0.40948778
0.8783438,-1.4908859,-14.919648,0.33936238,0.80973774,0.10445736,0.46716872
0.9647543,-0.11714561,-14.545927,0.1680556,0.8039983,-0.3970781,0.40947908
0.87607986,-1.490714,-14.919372,0.33934766,0.80983627,0.10452846,0.4669927
0.9646834,-0.1174941,-14.546064,0.16818972,0.8040023,-0.39705643,0.40943724
0.87741655,-1.4905785,-14.919153,0.33941495,0.80972934,0.10459644,0.46711406
0.96480626,-0.117643364,-14.546198,0.16823274,0.80400246,-0.39706433,0.40941155
0.87699825,-1.4889889,-14.920462,0.339283,0.8098264,0.10453902,0.46705458
0.96473444,-0.117597416,-14.546137,0.16825575,0.80403984,-0.39706403,0.4093289
0.87666214,-1.4891194,-14.920105,0.33935538,0.8097692,0.10465514,0.46707514
0.9648562,-0.11736014,-14.546078,0.16822736,0.80409133,-0.3970632,0.40924025
0.8763897,-1.4878877,-14.919815,0.33927825,0.80977535,0.104753315,0.46709847
0.9645911,-0.117319845,-14.546019,0.16833192,0.8041965,-0.39696547,0.4090855
0.8761668,-1.4881511,-14.919578,0.33934033,0.8098073,0.1047762,0.46699288
0.9647158,-0.11728036,-14.545961,0.16839662,0.80419904,-0.39694732,0.4090713
0.87598306,-1.4883682,-14.919383,0.3393416,0.8097793,0.104853734,0.46702313
0.96464574,-0.117626145,-14.546097,0.16859338,0.80420727,-0.39686966,0.40904954
0.8758304,-1.4885486,-14.919221,0.33939466,0.8097512,0.10491744,0.4670189
0.9647693,-0.11777277,-14.546231,0.16864905,0.80417585,-0.396861,0.40909678
0.87570274,-1.4886996,-14.919085,0.3394407,0.80972236,0.10500549,0.46701568
0.9646982,-0.117724225,-14.546168,0.16868742,0.80417764,-0.3968679,0.4090707
0.87559515,-1.4877917,-14.918971,0.33943933,0.80966616,0.10499138,0.46711734
0.96462846,-0.11767665,-14.546109,0.16866735,0.8041975,-0.39686394,0.40904382
0.876582,-1.4891156,-14.918864,0.3396087,0.8094361,0.10512448,0.46736285
0.9645601,-0.117822275,-14.54605,0.16869292,0.8041987,-0.39685035,0.40904412
0.8775185,-1.4892081,-14.918762,0.339678,0.80922395,0.105231546,0.46765566
0.96449316,-0.117580496,-14.545993,0.16858687,0.8042103,-0.39691275,0.40900436
0.8783898,-1.4892942,-14.918667,0.33981276,0.8090328,0.10529823,0.46787336
0.96442753,-0.11734356,-14.545937,0.16853118,0.804211,-0.39694598,0.4089937
0.8791868,-1.489373,-14.91858,0.33984855,0.808868,0.105423264,0.46810424
0.9643632,-0.11749584,-14.545881,0.16856761,0.8041833,-0.39693236,0.4090465
0.879905,-1.489444,-14.918503,0.3398725,0.80876213,0.105409995,0.46827275
0.9643002,-0.117645085,-14.545826,0.16861494,0.8041707,-0.39690802,0.40907514
0.880544,-1.4895072,-14.918434,0.33993134,0.80860114,0.1053402,0.46852368
0.96423846,-0.11740685,-14.545773,0.16854547,0.8042096,-0.39690286,0.4090325
0.8810996,-1.4909778,-14.918374,0.3401628,0.80826586,0.10535532,0.46893063
0.96417797,-0.11736563,-14.545719,0.16853562,0.8042255,-0.39686862,0.40903854
0.8831809,-1.4923593,-14.918318,0.34021968,0.8078879,0.1052984,0.46955284
0.9643109,-0.11751747,-14.545668,0.16855252,0.80416477,-0.3968866,0.40913346
0.8850331,-1.491932,-14.918267,0.34007245,0.80759317,0.10518022,0.47019264
0.96424896,-0.117474034,-14.545617,0.16854997,0.8041647,-0.39686847,0.40915224
0.886642,-1.4915608,-14.918223,0.33995673,0.8073386,0.10492772,0.47076967
0.9641882,-0.11743146,-14.545568,0.16858895,0.8041773,-0.39682752,0.40915108
0.88623816,-1.4912689,-14.918189,0.33987176,0.8071539,0.10490277,0.4711531
0.96412873,-0.117581986,-14.545712,0.16868724,0.8041815,-0.39677095,0.4091572
0.88591576,-1.491036,-14.918161,0.33974746,0.8070549,0.104741625,0.4714482
0.96407044,-0.11772951,-14.545854,0.16876297,0.8042081,-0.3966991,0.40914345
0.8873266,-1.4908324,-14.918137,0.3397819,0.806792,0.10444303,0.47193912
0.96401334,-0.11748958,-14.545799,0.16866694,0.8044123,-0.39655045,0.40892568
0.8868224,-1.4906728,-14.9181185,0.33990332,0.80651665,0.104554445,0.4722977
0.9639573,-0.1174467,-14.545747,0.16863348,0.8047429,-0.39617637,0.4086514
0.8880658,-1.4922162,-14.918101,0.34024864,0.80610824,0.104672946,0.4727199
0.9639025,-0.11721243,-14.545694,0.16854274,0.80505365,-0.39585653,0.40838662
0.8874424,-1.4934257,-14.918089,0.3406386,0.8058913,0.10479202,0.47278237
0.9636564,-0.117367335,-14.5458355,0.16862988,0.80536544,-0.3954591,0.4081209
0.8885612,-1.4944723,-14.918078,0.3406194,0.8057732,0.10473177,0.47301087
0.9634136,-0.1175202,-14.545975,0.16872117,0.8056603,-0.39499542,0.40795016
0.88947195,-1.4936929,-14.9197,0.34051952,0.8056847,0.10471067,0.47323805
0.9633674,-0.11747452,-14.545916,0.16867301,0.8059244,-0.39472854,0.40770665
0.89023715,-1.4930382,-14.919413,0.34052557,0.8055499,0.10478998,0.47344568
0.9630435,-0.1176805,-14.545839,0.16870336,0.8061803,-0.39434418,0.40756014
0.89087635,-1.4958204,-14.919172,0.34081933,0.8053765,0.10491403,0.4735018
0.96299183,-0.11761456,-14.545763,0.16862543,0.80636585,-0.3941041,0.40745753
0.8913965,-1.4948078,-14.918976,0.34073746,0.80541295,0.10477725,0.4735291
0.9625897,-0.11821312,-14.54601,0.16881499,0.8065485,-0.39369276,0.40741515
0.8918233,-1.4939771,-14.918816,0.34068954,0.80536884,0.10473642,0.47364765
0.96216536,-0.11773126,-14.5459,0.16868065,0.80673105,-0.39357895,0.40721923
0.8939228,-1.4932429,-14.9186735,0.34063703,0.8053327,0.1046357,0.47376913
0.961709,-0.11721296,-14.545781,0.16847004,0.8068089,-0.39351025,0.40721858
0.89392376,-1.4943464,-14.918558,0.34081042,0.80524266,0.10457713,0.4738103
0.9612079,-0.1171204,-14.545651,0.1683883,0.8068142,-0.39345944,0.40729094
0.8956979,-1.4935224,-14.91846,0.34073323,0.80523336,0.10437837,0.47392553
0.96120816,-0.117502816,-14.545529,0.16836448,0.8067436,-0.3934655,0.40743467
0.8953824,-1.4945866,-14.918383,0.34086454,0.80520236,0.1044024,0.47387832
0.9606926,-0.11687129,-14.545402,0.16827866,0.80677956,-0.3934637,0.40740082
0.89513,-1.495438,-14.91832,0.34096596,0.80518484,0.104329534,0.47385117
0.9607195,-0.11629481,-14.545285,0.16817021,0.8067485,-0.39356595,0.40740836
0.8949257,-1.496127,-14.918269,0.34105116,0.8050989,0.10433594,0.4739345
0.9607448,-0.11624611,-14.5451765,0.16815053,0.8067016,-0.3935816,0.40749425
0.89475894,-1.4966896,-14.918228,0.34105006,0.80515534,0.104302734,0.47384676
0.96076787,-0.116674125,-14.545076,0.16821042,0.80662066,-0.39361456,0.40759793
0.89462197,-1.4971516,-14.918195,0.34112412,0.8050831,0.1042953,0.47391778
0.96078914,-0.11615175,-14.544985,0.16812402,0.80656624,-0.3937019,0.4076566
0.89612466,-1.4959264,-14.918166,0.3409741,0.80499446,0.104315884,0.4741718
0.96080923,-0.11611347,-14.544898,0.16815676,0.8065185,-0.39372247,0.40771794
0.8974435,-1.4965606,-14.91814,0.34103185,0.8048537,0.10446425,0.47433662
0.9608283,-0.116077185,-14.544816,0.1681523,0.8065149,-0.39370814,0.40774068
0.8968495,-1.4970559,-14.91812,0.3411354,0.8047986,0.10492422,0.47425407
0.96084636,-0.116042756,-14.544737,0.16812997,0.80649406,-0.3937019,0.40779722
0.8963774,-1.4974495,-14.918105,0.3411847,0.80474395,0.105349444,0.4742169
0.96086353,-0.11601006,-14.544663,0.16808775,0.8065269,-0.39368212,0.4077688
0.89599586,-1.4977677,-14.918093,0.34135514,0.8045865,0.10581867,0.47425702
0.9608799,-0.11552976,-14.544593,0.16805364,0.8065241,-0.39373013,0.407742
0.89568365,-1.4980279,-14.918082,0.3415993,0.80442446,0.106291965,0.47425026
0.96038806,-0.11552,-14.544517,0.16814922,0.80651206,-0.39377436,0.4076836
0.89696133,-1.4998293,-14.918073,0.3422784,0.8039783,0.10688796,0.4743832
0.9599128,-0.11603048,-14.544963,0.16832277,0.8065159,-0.39377254,0.40760618
0.8980984,-1.5014325,-14.918064,0.34287727,0.8035819,0.107452266,0.4744948
0.9599796,-0.116489194,-14.545363,0.16839874,0.8064711,-0.39384368,0.40759462
0.897404,-1.5043103,-14.918057,0.34384897,0.8031302,0.10828583,0.4743669
0.9595411,-0.11693243,-14.545751,0.16853687,0.80645996,-0.3939054,0.40749997
0.89683366,-1.5066742,-14.918052,0.3448891,0.8026128,0.10905354,0.4743118
0.9590881,-0.116293535,-14.545603,0.16852327,0.8064747,-0.39400625,0.407379
0.89635766,-1.5086468,-14.918047,0.3461332,0.8020135,0.10991806,0.47421956
0.95920324,-0.116242155,-14.545992,0.16855124,0.80643404,-0.39412382,0.40733418
0.89766383,-1.5122262,-14.916295,0.34780997,0.80117625,0.11082694,0.47419643
0.9593067,-0.11669089,-14.54634,0.16861953,0.8063527,-0.39422908,0.40736508
0.8969284,-1.5191805,-14.914742,0.35166624,0.7992609,0.11306181,0.4740569
0.95889086,-0.11661828,-14.546686,0.16870838,0.8063023,-0.39434505,0.40731588
0.89627117,-1.5275009,-14.913356,0.3552393,0.797314,0.114887044,0.47423252
0.9590098,-0.11655302,-14.546998,0.1687828,0.8062289,-0.39450285,0.40727758
0.8981131,-1.5374532,-14.912103,0.3588076,0.79530543,0.11628846,0.4745771
0.9591171,-0.11696238,-14.547278,0.1689229,0.80613863,-0.39462367,0.40728092
0.89966416,-1.548581,-14.908301,0.36221913,0.7934271,0.11733296,0.47487238
0.95871556,-0.11790301,-14.547572,0.169094,0.8060596,-0.39470232,0.40729025
0.8979397,-1.5569412,-14.905445,0.3652527,0.7918758,0.118126065,0.4749416
0.9582912,-0.11832378,-14.547882,0.16915897,0.8059883,-0.39482132,0.4072891
0.8997595,-1.566384,-14.903286,0.36787748,0.79042095,0.11873842,0.4751864
0.95845675,-0.118155025,-14.548159,0.16920397,0.8059057,-0.3949598,0.40729946
0.9010722,-1.5765332,-14.90173,0.37007743,0.78905994,0.1195256,0.47554266
0.9586051,-0.11748638,-14.548407,0.16922459,0.80583715,-0.39510575,0.40728503
0.901979,-1.5870762,-14.900653,0.37240097,0.78768903,0.120317265,0.47580183
0.9587385,-0.11688536,-14.548629,0.16923736,0.80576676,-0.39524952,0.40727952
0.90256286,-1.5902689,-14.899961,0.37380573,0.7870336,0.12042027,0.47575876
0.9588587,-0.116810545,-14.54883,0.16925673,0.80568767,-0.3954021,0.40727973
0.89932096,-1.5958843,-14.899526,0.37536195,0.78613734,0.12105702,0.4758538
0.9584892,-0.11673596,-14.54903,0.16929145,0.8056286,-0.3955377,0.40725055
0.9009642,-1.603266,-14.899243,0.37694466,0.78517085,0.121348776,0.4761239
0.95862126,-0.117134735,-14.5492115,0.16931607,0.8055523,-0.39568302,0.40725008
0.90213054,-1.6520286,-14.899042,0.37877673,0.78216386,0.11932328,0.48011437
0.9582458,-0.118067175,-14.549401,0.16945201,0.80548537,-0.39585716,0.40715668
0.9028187,-1.6854893,-14.898924,0.3797815,0.7805661,0.11845059,0.48213294
0.9584009,-0.11842737,-14.549578,0.16951934,0.8054081,-0.3960847,0.40706012
0.89836985,-1.7030442,-14.898862,0.37979963,0.78011125,0.117524326,0.48308045
0.9585405,-0.11779698,-14.549736,0.16948281,0.805366,-0.39634347,0.40690672
0.89607894,-1.7219992,-14.89883,0.37982285,0.779709,0.11706287,0.48382327
0.95866656,-0.117227845,-14.549879,0.16952382,0.8052911,-0.39659852,0.40678945
0.90009135,-1.7470771,-14.898815,0.38046542,0.77884275,0.116432175,0.48486468
0.9587807,-0.11714349,-14.550008,0.16954833,0.8052446,-0.3968311,0.4066442
0.8967112,-1.7641699,-14.898807,0.38069883,0.7784463,0.11577084,0.48547602
0.95888424,-0.117476195,-14.550125,0.16965798,0.80517685,-0.3970078,0.40656024
0.8951493,-1.782857,-14.898803,0.38101783,0.77814364,0.11535826,0.48580906
0.9589784,-0.117778815,-14.550232,0.16975065,0.80513793,-0.39716557,0.4064446
0.8944479,-1.802287,-14.898802,0.381501,0.77771,0.11490465,0.4862315
0.959066,-0.117683455,-14.550332,0.16980393,0.80509716,-0.39732912,0.40634325
0.8941428,-1.8220252,-14.898801,0.38187063,0.77733094,0.11471885,0.48659125
0.9591459,-0.117238544,-14.550422,0.16981018,0.80512947,-0.39744005,0.40616816
0.89981014,-1.8477933,-14.898801,0.3821671,0.77695024,0.114499025,0.4870181
0.959219,-0.116831616,-14.550506,0.16985027,0.80517054,-0.39750585,0.40600538
0.8962204,-1.8640096,-14.898801,0.3820985,0.7770251,0.11433649,0.48699072
0.9592892,-0.11677932,-14.550585,0.16992919,0.805267,-0.3974844,0.40580207
0.8947996,-1.8823432,-14.898801,0.382132,0.77701986,0.114113055,0.48702523
0.95899415,-0.11709312,-14.550669,0.17013612,0.80534494,-0.39736983,0.40567294
0.88819957,-1.9075773,-14.898801,0.3823785,0.7770848,0.11411204,0.4867283
0.9586827,-0.117424436,-14.550756,0.17028141,0.8054481,-0.39727637,0.40549874
0.8919039,-1.942042,-14.898801,0.38255933,0.7768686,0.114144936,0.48692337
0.95878655,-0.117339104,-14.550838,0.17024975,0.8054869,-0.3973452,0.4053674
0.8869502,-1.9606112,-14.898801,0.3822111,0.7771566,0.11406441,0.4867563
0.9588814,-0.11688563,-14.550914,0.17019455,0.80552834,-0.39739436,0.40526003
0.8852094,-1.9798414,-14.898801,0.3818379,0.77735585,0.11401255,0.4867432
0.95897067,-0.116458304,-14.550984,0.17019068,0.8055625,-0.39744073,0.40514827
0.8846093,-2.0058377,-14.898801,0.38165742,0.7774251,0.113718435,0.48684293
0.9586525,-0.11599523,-14.551062,0.17019378,0.8056158,-0.39747933,0.40500307
0.88440895,-2.0342052,-14.898801,0.3815222,0.77749866,0.113281354,0.48693323
0.958761,-0.1159677,-14.551133,0.17025697,0.80562615,-0.39750347,0.40493217
0.88434416,-2.0701346,-14.898801,0.3814799,0.7774481,0.11284235,0.48714906
0.95886314,-0.11594177,-14.551201,0.17034453,0.8055701,-0.3975424,0.4049686
0.88432425,-2.1015205,-14.905574,0.38126415,0.777434,0.11229888,0.4874659
0.9589562,-0.11629871,-14.551263,0.17046711,0.80546665,-0.39759704,0.4050691
0.88431823,-2.1455076,-14.900706,0.38133717,0.7773152,0.111894436,0.48769116
0.959041,-0.116624385,-14.55132,0.17052239,0.80537385,-0.39765736,0.40517128
0.88431656,-2.1790051,-14.906311,0.38138974,0.7771797,0.11159047,0.48793557
0.9591186,-0.11692213,-14.551372,0.17056134,0.80531156,-0.39772394,0.4052134
0.8914008,-2.2166018,-14.900775,0.38172048,0.77687645,0.11119007,0.4882512
0.95918965,-0.11719489,-14.551418,0.17054057,0.80519766,-0.39787248,0.40530273
0.8932936,-2.2626424,-14.899296,0.38209525,0.77659005,0.11058885,0.48855016
0.9592549,-0.11713526,-14.551461,0.17060472,0.80509764,-0.39803073,0.40531895
0.8956054,-2.3410547,-14.907885,0.38220748,0.7764002,0.10927515,0.48905954
0.9599357,-0.1167502,-14.5515375,0.1704193,0.8049069,-0.39833358,0.40547818
0.90173227,-2.381489,-14.908292,0.3822769,0.77625895,0.10875184,0.489346
0.9599711,-0.116977125,-14.551572,0.17053793,0.80482495,-0.39844188,0.4054845
0.9106327,-2.4207535,-14.908385,0.38235673,0.7761448,0.10813672,0.48960087
0.96000373,-0.11693427,-14.551603,0.17061368,0.8047446,-0.398555,0.405501
0.92018825,-2.4673634,-14.908406,0.38254005,0.77594686,0.10756321,0.4898978
0.95979095,-0.11689403,-14.551633,0.17068361,0.80471426,-0.39866868,0.4054201
0.9146052,-2.5078435,-14.908411,0.38258362,0.77591944,0.107392944,0.48994446
0.9598263,-0.11709427,-14.5516615,0.17077112,0.80466247,-0.39874876,0.40540725
0.92113173,-2.547025,-14.908413,0.38277355,0.775871,0.106870435,0.4899871
0.9598608,-0.117050685,-14.551688,0.17079267,0.80457217,-0.39887542,0.40545276
0.91474813,-2.585625,-14.908413,0.38278773,0.77599347,0.10664293,0.4898317
0.9601204,-0.11701032,-14.551714,0.17078555,0.8044958,-0.39895797,0.40552607
0.9211611,-2.6241035,-14.916102,0.38260418,0.7761278,0.106380574,0.48981923
0.96014535,-0.117191695,-14.551738,0.1709224,0.80440116,-0.39904305,0.40557253
0.9224437,-2.670248,-14.91764,0.38260952,0.7761409,0.10624385,0.48982403
0.9603785,-0.11715138,-14.55176,0.1708578,0.80435085,-0.39914104,0.405603
0.93038994,-2.7871325,-14.917947,0.3824009,0.7763799,0.105597466,0.48974803
0.96059525,-0.11711392,-14.551581,0.17084344,0.80423135,-0.39929384,0.40569568
0.92428946,-2.8412683,-14.918009,0.38211885,0.7766131,0.10510185,0.4897049
0.9606075,-0.11688631,-14.551413,0.17076905,0.8041461,-0.39949176,0.4057012
0.92306936,-2.890544,-14.918021,0.38193277,0.7767669,0.104583174,0.48971727
0.9608119,-0.116855495,-14.551247,0.17081046,0.80399823,-0.39968356,0.40578777
0.9305151,-2.9465375,-14.925714,0.38198715,0.7767139,0.10405362,0.48987168
0.9608199,-0.11663305,-14.5510845,0.17074795,0.8039417,-0.39979184,0.40581933
0.9320042,-2.9961848,-14.927251,0.38200462,0.77674484,0.10335957,0.48995596
0.9612123,-0.1166073,-14.551119,0.17078862,0.8037443,-0.39998183,0.40600613
0.9323021,-3.0445626,-14.927559,0.38200882,0.7767968,0.10271566,0.49000576
0.9614045,-0.116582066,-14.551152,0.17093222,0.8036157,-0.4000875,0.4060961
0.9246719,-3.1003764,-14.927621,0.38204598,0.7768827,0.10203325,0.48998314
0.9615933,-0.116557285,-14.551185,0.17094685,0.80354816,-0.40014473,0.40616727
0.9308356,-3.1499877,-14.927632,0.38212553,0.77687913,0.10132097,0.49007457
0.9618189,-0.11652768,-14.551224,0.17095114,0.80341065,-0.40031564,0.40626913
0.9320683,-3.1983583,-14.927635,0.3819764,0.7769766,0.10076115,0.49015167
0.96206534,-0.11675839,-14.551266,0.17110722,0.8032972,-0.40033558,0.40640804
0.9323149,-3.2541707,-14.935327,0.38198718,0.7770265,0.10013146,0.49019328
0.962338,-0.117013566,-14.551312,0.17131503,0.8032297,-0.40031847,0.4064705
0.9246745,-3.3037817,-14.936864,0.3820622,0.77711046,0.09947772,0.49013478
0.9626396,-0.11729586,-14.551364,0.1713865,0.8031785,-0.4003596,0.40650108
0.89361995,-3.6786423,-14.952613,0.38177133,0.77788216,0.09812083,0.48941034
0.96330154,-0.117510654,-14.551072,0.1715577,0.8029351,-0.4005493,0.40672272
0.8861767,-3.7885408,-14.955701,0.38167602,0.77832115,0.097453065,0.48891973
0.96363646,-0.11741427,-14.550719,0.17154866,0.80282974,-0.4006851,0.4068009
0.87516266,-3.899503,-14.96567,0.38153923,0.7789842,0.096359745,0.48818675
0.96432155,-0.116734736,-14.549998,0.17138745,0.80266625,-0.40093917,0.40694118
0.87479556,-3.9941964,-14.9660015,0.3816475,0.7791198,0.09591824,0.48797265
0.9653057,-0.116649896,-14.549581,0.17144501,0.80254257,-0.40101337,0.4070878
0.87472206,-4.0592732,-14.966068,0.38183168,0.7791732,0.09546164,0.48783284
0.9656623,-0.116565615,-14.549166,0.17151064,0.8024657,-0.40100938,0.40721563
0.8747074,-4.1107373,-14.966082,0.38196152,0.77924,0.09496311,0.4877218
0.9660074,-0.11712653,-14.548763,0.17167196,0.8024,-0.4009857,0.40730023
0.86701477,-4.1594787,-14.973775,0.38202164,0.7793611,0.0944701,0.48757687
0.9663319,-0.11830132,-14.549033,0.17190607,0.8023365,-0.4008671,0.40744326
0.86547625,-4.2076755,-14.975313,0.3820703,0.77944493,0.093979865,0.4874995
0.96664715,-0.1187684,-14.549294,0.17198022,0.8022985,-0.40082082,0.40753233
0.8651686,-4.2480736,-14.97562,0.38189772,0.7795956,0.093442194,0.48749712
0.9669481,-0.11852185,-14.548852,0.17197938,0.80229706,-0.40077984,0.40757588
0.865107,-4.3022914,-14.975682,0.38169047,0.77972823,0.09297853,0.487536
0.9672353,-0.11828651,-14.5484295,0.17206295,0.80223596,-0.4007856,0.40765518
0.8650947,-4.343894,-14.983384,0.38150156,0.77985865,0.092327915,0.48759896
0.9683474,-0.11803879,-14.547985,0.17203821,0.8021187,-0.40089747,0.40778625
0.8650922,-4.3983526,-14.984924,0.38131005,0.77992576,0.09186618,0.4877285
0.96855956,-0.117808126,-14.547571,0.17198059,0.80210763,-0.40091336,0.40781692
0.86509174,-4.440003,-14.985232,0.3811534,0.7799847,0.091236435,0.4878749
0.96969485,-0.11849146,-14.547149,0.1720383,0.80198574,-0.4009244,0.4080212
0.8650916,-4.502161,-14.985294,0.3811075,0.77997935,0.09067998,0.48802307
0.9707918,-0.120133355,-14.547722,0.17216927,0.801841,-0.40092587,0.40824884
0.8650916,-4.5530415,-14.992996,0.38101256,0.77990526,0.089996256,0.4883421
0.9718456,-0.120660424,-14.548272,0.1722951,0.80174446,-0.40097418,0.40833795
0.8650916,-4.6401143,-14.994536,0.38089618,0.77989274,0.08892897,0.48864833
0.9717397,-0.1201088,-14.5487385,0.17228465,0.8017003,-0.40102458,0.40837958
0.87278134,-4.6959777,-15.002534,0.38067117,0.7799091,0.0878402,0.48899445
0.97164935,-0.11963825,-14.549136,0.1723666,0.8016597,-0.40109277,0.4083578
0.86662954,-4.745599,-15.011825,0.38042235,0.7800566,0.086665325,0.48916218
0.97157,-0.120150074,-14.549486,0.17246662,0.80157256,-0.40111881,0.40846103
0.8653992,-4.801661,-15.005992,0.3804506,0.7799902,0.085980184,0.48936707
0.97149986,-0.120602936,-14.549794,0.17255989,0.8015194,-0.40121186,0.40843466
0.86515313,-4.8590117,-15.012515,0.38046214,0.7799174,0.08523864,0.48960382
0.9724112,-0.121047,-14.550097,0.17265414,0.8014549,-0.40124696,0.4084869
0.87432176,-4.963515,-15.01408,0.38038042,0.7799017,0.08391156,0.48992154
0.973086,-0.11997318,-14.550599,0.17265075,0.8013377,-0.40154448,0.40842587
0.87462735,-5.014418,-15.021822,0.38032094,0.77996475,0.08325811,0.48997873
0.9738665,-0.11948185,-14.550829,0.17265005,0.8012475,-0.40173683,0.40841413
0.88237816,-5.063047,-15.023371,0.3801907,0.77999926,0.08268589,0.49012175
0.9745946,-0.11902351,-14.5510435,0.17275278,0.80114424,-0.40191656,0.40839633
0.8839283,-5.118911,-15.023681,0.38018584,0.77999175,0.08214601,0.4902283
0.9741978,-0.11964819,-14.551225,0.17309399,0.8011047,-0.40193242,0.4083137
0.88423836,-5.1685324,-15.023743,0.380013,0.7801667,0.08155187,0.49018314
0.97386056,-0.12017916,-14.551378,0.17332816,0.80099803,-0.4020256,0.408332
0.8843004,-5.2245946,-15.031445,0.37989402,0.78035146,0.08096913,0.49007767
0.97357213,-0.12063313,-14.55151,0.17345375,0.800856,-0.40221497,0.40837073
0.8766231,-5.281945,-15.032985,0.37985483,0.78066313,0.08039932,0.48970538
0.9733242,-0.120155916,-14.551622,0.17343268,0.8007688,-0.4024046,0.40836388
0.8750876,-5.3241744,-15.040982,0.37933084,0.7811943,0.07961391,0.48939264
0.97397584,-0.11971523,-14.551726,0.17335705,0.8006384,-0.40256822,0.40849042
0.88247025,-5.3787584,-15.042582,0.3788325,0.7815364,0.0790766,0.48931965
0.97459704,-0.119295135,-14.5518265,0.17340836,0.8004704,-0.40273216,0.40863612
0.87625706,-5.4358134,-15.042902,0.3787094,0.78181267,0.078415245,0.4890801
0.97516376,-0.11797911,-14.551918,0.17332773,0.8001971,-0.40303472,0.40890726
0.87501436,-5.57026,-15.050656,0.3781308,0.78234386,0.077228814,0.4888671
0.9756937,-0.11868045,-14.552003,0.17367703,0.7996594,-0.4034179,0.40943277
0.8747659,-5.6509767,-15.052208,0.3778293,0.7826938,0.07649753,0.48865506
0.9772999,-0.120458245,-14.552088,0.17418738,0.7991188,-0.40369472,0.4099982
0.87471616,-5.7055693,-15.060207,0.3774848,0.7830121,0.07580494,0.4885192
0.9766117,-0.12195819,-14.552159,0.17457944,0.79880685,-0.40390354,0.41023344
0.87470627,-5.770315,-15.061807,0.3774062,0.783216,0.07522068,0.48834333
0.9770095,-0.12326952,-14.552223,0.1749111,0.7984323,-0.40415713,0.41057166
0.87470424,-5.821713,-15.069816,0.37723556,0.7834462,0.074705206,0.48818502
0.97845733,-0.12238966,-14.552283,0.17476214,0.79801995,-0.40469703,0.41090482
0.86701417,-5.8858204,-15.071419,0.37727746,0.78368294,0.0742224,0.48784626
0.9786723,-0.12162458,-14.552336,0.17487653,0.7977555,-0.40503344,0.41103816
0.88085556,-5.937091,-15.079428,0.3772028,0.7837628,0.073593445,0.4878709
0.9799945,-0.1208949,-14.552385,0.17475663,0.79737943,-0.4054908,0.4113677
0.8759341,-6.001172,-15.08103,0.37739447,0.7837976,0.07305198,0.48774803
0.9812346,-0.12021046,-14.552432,0.17479107,0.7970709,-0.4058614,0.4115855
0.8749499,-6.060127,-15.08135,0.37720683,0.7840584,0.07246426,0.4875617
0.982345,-0.11838681,-14.552474,0.1746652,0.7967407,-0.4064376,0.41170976
0.87475294,-6.110367,-15.089105,0.3769426,0.7843076,0.07161324,0.487491
0.98336506,-0.11798415,-14.552513,0.17485368,0.79644924,-0.40669852,0.41193593
0.8747136,-6.166553,-15.090656,0.3768267,0.7845468,0.07085189,0.48730698
0.9842882,-0.11761974,-14.552548,0.17512122,0.7962003,-0.40691984,0.412085
0.88239545,-6.2239285,-15.098656,0.3765057,0.7847912,0.069861956,0.48730448
0.9851032,-0.11865777,-14.552579,0.17532822,0.79609215,-0.40703443,0.41209278
0.8762421,-6.58144,-15.115634,0.37615427,0.78554577,0.06725929,0.48672578
0.98734874,-0.11962953,-14.552607,0.17579108,0.7960151,-0.4070213,0.41205734
0.87501144,-6.6837006,-15.12672,0.37559527,0.7861187,0.06576841,0.48643616
0.98776823,-0.12045708,-14.552631,0.17610377,0.7960529,-0.4069425,0.41192853
0.86707556,-6.742602,-15.128938,0.3752681,0.7867082,0.06467649,0.48588166
0.9881216,-0.11966527,-14.552652,0.1761616,0.7961056,-0.4069793,0.4117654
0.8654884,-6.7928305,-15.137071,0.37503293,0.787097,0.06354813,0.48558244
0.98841983,-0.11899692,-14.5526705,0.17624207,0.79619354,-0.4069052,0.41163427
0.8497916,-6.841325,-15.138697,0.37512615,0.78746563,0.063270025,0.4849487
0.98867065,-0.11991439,-14.552684,0.17638218,0.79628617,-0.40684196,0.41145766
0.8552519,-6.92986,-15.146777,0.37520462,0.787905,0.062376242,0.4842897
0.9906328,-0.118587404,-14.552707,0.17619835,0.7963953,-0.4067191,0.41144666
0.8477443,-6.9763865,-15.140638,0.3752638,0.78814405,0.062350363,0.48385793
0.9905398,-0.11807079,-14.552716,0.1761943,0.7964552,-0.40661025,0.41143999
0.838553,-7.0010715,-15.1470995,0.37488356,0.78862554,0.06206707,0.48340443
0.9890104,-0.117658205,-14.552723,0.17626001,0.79657465,-0.4064761,0.4113131
0.8367148,-7.029077,-15.156081,0.37453285,0.78910226,0.061501477,0.48297042
0.9891598,-0.1173256,-14.552729,0.17625748,0.79658115,-0.40636113,0.41141513
0.8363471,-7.0654373,-15.157878,0.3744065,0.7894211,0.061186317,0.48258725
0.98928136,-0.11836838,-14.552733,0.17632638,0.7965537,-0.40621787,0.4115803
0.8285839,-7.095778,-15.1582365,0.37400913,0.7899205,0.061244305,0.4820706
0.98813343,-0.11797601,-14.552737,0.1763562,0.79658747,-0.40610304,0.41161534
0.81934154,-7.132605,-15.15831,0.37390697,0.7902114,0.06151556,0.4816382
0.9883697,-0.117651656,-14.55274,0.17630157,0.7965385,-0.4060499,0.41178596
0.81749314,-7.1553497,-15.158323,0.37374437,0.79053515,0.06165078,0.48121578
0.98856974,-0.117376976,-14.552743,0.17627108,0.79656714,-0.40596238,0.41182983
0.8094337,-7.182968,-15.158326,0.37368885,0.79074866,0.06181501,0.48088688
0.9887474,-0.11713298,-14.552745,0.1762741,0.7965675,-0.4058623,0.41192663
0.8155115,-7.1884913,-15.166018,0.37319273,0.79105407,0.061670754,0.48078838
0.988905,-0.11691663,-14.552748,0.17625262,0.796602,-0.4057517,0.41197795
0.8167271,-7.2357345,-15.159865,0.37358698,0.79080486,0.061973676,0.48085323
0.9879313,-0.11673597,-14.55275,0.17641118,0.79667956,-0.40557286,0.4119363
0.80928046,-7.2451835,-15.166326,0.37358692,0.79077363,0.061882805,0.48091626
0.9881627,-0.11658408,-14.552752,0.17641668,0.7966606,-0.40553874,0.41200426
0.8077912,-7.2778316,-15.167618,0.37385148,0.79045606,0.061817687,0.48124096
0.98836017,-0.11746045,-14.5527525,0.17648104,0.7966886,-0.40545568,0.41200426
0.7998036,-7.3074307,-15.167875,0.37412435,0.7901806,0.06163123,0.4815051
0.9885351,-0.11823717,-14.552753,0.17650454,0.7967091,-0.40541556,0.41199386
0.8058958,-7.32873,-15.167928,0.3742371,0.78985745,0.061417785,0.48197484
0.98869133,-0.11893028,-14.552754,0.1765805,0.79672724,-0.40533707,0.41200352
0.80711424,-7.3560586,-15.167938,0.37449595,0.7894199,0.06079436,0.48256916
0.9878826,-0.11952083,-14.552755,0.17666267,0.79677963,-0.40526018,0.41194266
0.8150476,-7.384594,-15.175629,0.37451997,0.7890196,0.06019186,0.48328036
0.98808426,-0.12002687,-14.552757,0.17674112,0.79675126,-0.40523577,0.411988
0.824324,-7.4133697,-15.177167,0.37452492,0.7885618,0.059593778,0.4840971
0.98826426,-0.120478466,-14.552758,0.17685103,0.79677844,-0.40516138,0.41196135
0.82617927,-7.4421945,-15.185164,0.37461346,0.7881431,0.05882667,0.48480383
0.9875833,-0.1217045,-14.552758,0.17699575,0.7968144,-0.4050285,0.4119603
0.8342401,-7.463339,-15.186764,0.37460813,0.7877503,0.05791802,0.4855551
0.98779094,-0.1227881,-14.552758,0.17716534,0.79681325,-0.40492153,0.41199484
0.8435419,-7.490636,-15.187084,0.37490964,0.7871973,0.057121646,0.48631313
0.98799163,-0.12383517,-14.552758,0.17725377,0.7968094,-0.40484574,0.41203883
0.8454023,-7.5037856,-15.187147,0.37487343,0.78706086,0.056420922,0.4866435
0.9873538,-0.12474149,-14.55357,0.17739694,0.79680574,-0.40476617,0.41206238
0.84577435,-7.5294847,-15.1871605,0.37521905,0.786764,0.055894237,0.48691776
0.9875821,-0.12475979,-14.553502,0.17738743,0.79676896,-0.40482834,0.41207638
0.84584874,-7.5423145,-15.187162,0.37551036,0.786628,0.055480428,0.48696026
0.9877952,-0.124776885,-14.553439,0.17742856,0.7967151,-0.4048981,0.41209438
0.85355335,-7.55257,-15.194853,0.37576085,0.7865501,0.055173554,0.48692778
0.9879801,-0.124003045,-14.553384,0.17734689,0.79665905,-0.40496984,0.4121673
0.84740454,-7.5623107,-15.188703,0.37599868,0.7865713,0.055426024,0.48668122
0.98894286,-0.12328954,-14.553332,0.17724623,0.7965257,-0.40522274,0.4122197
0.8461748,-7.556569,-15.195161,0.3758807,0.78685284,0.055456325,0.48631367
0.9882769,-0.122667566,-14.5532875,0.17717879,0.79650736,-0.40530547,0.41220292
0.8459288,-7.5631104,-15.188764,0.3756375,0.78720874,0.05589552,0.48587525
0.98840874,-0.12212296,-14.553248,0.17714159,0.7964365,-0.4054382,0.41222525
0.83818996,-7.5721083,-15.187484,0.37534967,0.7877414,0.056461222,0.48516828
0.98852473,-0.12232326,-14.553215,0.17712836,0.79635894,-0.40551776,0.41230252
0.8366422,-7.5662184,-15.187228,0.3748108,0.7882559,0.056659903,0.48472604
0.9886271,-0.121854864,-14.5531845,0.17711101,0.796269,-0.40560696,0.41239592
0.8424225,-7.5632668,-15.187166,0.3733891,0.7893675,0.05673239,0.4840052
0.98879844,-0.12107055,-14.553134,0.17706165,0.7961572,-0.40567937,0.41256183
0.8374887,-7.5644503,-15.187164,0.37256458,0.78984416,0.05643895,0.4838973
0.9888725,-0.12186949,-14.553111,0.17722172,0.796096,-0.4056265,0.41266307
0.8288122,-7.5416174,-15.187164,0.37156048,0.79046583,0.05587707,0.48371944
0.9889436,-0.12205591,-14.55309,0.17729175,0.7960837,-0.40557748,0.41270486
0.8270769,-7.5447407,-15.187164,0.37066203,0.7909452,0.05527588,0.4836942
0.98901165,-0.12223455,-14.55307,0.17736946,0.79610974,-0.4054666,0.41273028
0.82672983,-7.537676,-15.187164,0.36970043,0.79141814,0.054557677,0.483738
0.9890724,-0.12183165,-14.55249,0.17729557,0.7961239,-0.40546292,0.4127382
0.8343501,-7.5362625,-15.187164,0.36865184,0.7918609,0.053967193,0.48387986
0.9891266,-0.121471286,-14.5525055,0.17726593,0.7961663,-0.4054097,0.41272143
0.8358742,-7.5436697,-15.187164,0.36788887,0.79215586,0.05350143,0.48402944
0.989178,-0.122200705,-14.55252,0.17738654,0.7961801,-0.40529382,0.41275683
0.836179,-7.5374613,-15.187164,0.36703843,0.7925327,0.052976944,0.4841159
0.9892285,-0.12291646,-14.552534,0.1774677,0.7962089,-0.40518224,0.412776
0.8133659,-7.53623,-15.187164,0.36534357,0.7937747,0.052851226,0.48337635
0.9887452,-0.123028666,-14.5525465,0.17745344,0.7963423,-0.40497625,0.41272697
0.82384026,-7.5435605,-15.187164,0.3643476,0.7944668,0.052880906,0.48298758
0.9883113,-0.123129405,-14.552559,0.17742355,0.7964627,-0.40484428,0.41263685
0.8260176,-7.5376163,-15.187164,0.36371487,0.79500043,0.05293845,0.48257986
0.9879207,-0.12274323,-14.552569,0.17738636,0.79663056,-0.4047073,0.41246322
0.82649267,-7.529019,-15.187164,0.36299318,0.79552764,0.052802693,0.48226932
0.98756796,-0.12239456,-14.552579,0.17733942,0.79673797,-0.40458354,0.4123974
0.8193922,-7.5269766,-15.187164,0.36262006,0.7959933,0.053021222,0.48175722
0.98724866,-0.12250932,-14.552587,0.17732872,0.7968418,-0.4044145,0.41236725
0.8248404,-7.540911,-15.187164,0.3626134,0.79615194,0.053420447,0.4814561
0.9873678,-0.12302234,-14.552594,0.17737274,0.79686344,-0.4043201,0.41239896
0.81915885,-7.530279,-15.187164,0.362525,0.79641086,0.053647712,0.48106903
0.9874762,-0.12310055,-14.552601,0.17734475,0.796874,-0.40426645,0.41244316
0.8106686,-7.5343504,-15.187164,0.36257046,0.7966321,0.053880323,0.4806422
0.987206,-0.12317185,-14.552607,0.17731081,0.79690886,-0.40422422,0.41243184
0.8152475,-7.535472,-15.187164,0.36256143,0.7968279,0.05406229,0.48030388
0.98695916,-0.12288642,-14.552612,0.1772567,0.7969628,-0.40417013,0.41240388
0.816505,-7.529003,-15.187164,0.36242846,0.79700106,0.054147813,0.48010725
0.9870662,-0.12262516,-14.552617,0.17720103,0.7969787,-0.40414461,0.412422
0.8235518,-7.527122,-15.187164,0.36230487,0.7970977,0.054289572,0.48002422
0.98684806,-0.12238555,-14.552622,0.1771422,0.797003,-0.4041208,0.41242382
0.8190404,-7.533201,-15.180513,0.3622947,0.7972396,0.054508574,0.4797713
0.98694813,-0.122465976,-14.552627,0.17712206,0.7969928,-0.40409458,0.41247788
0.8242985,-7.5417223,-15.178465,0.36242047,0.7971816,0.05467973,0.47975305
0.9870402,-0.12254,-14.55263,0.17708366,0.7969764,-0.40409052,0.41253
0.8258969,-7.5377593,-15.177843,0.36250696,0.79722714,0.054718968,0.47960755
0.98712516,-0.12287948,-14.552634,0.17706278,0.79696685,-0.40404427,0.4126026
0.82640654,-7.543061,-15.177645,0.36267596,0.7971429,0.054817803,0.4796086
0.98720354,-0.123192884,-14.552637,0.17704913,0.7969482,-0.4040083,0.41267973
0.82656527,-7.538262,-15.177583,0.3627689,0.7971402,0.05484421,0.47953975
0.98727673,-0.12348552,-14.552641,0.17702149,0.7969188,-0.40398604,0.4127702
0.82661724,-7.5366926,-15.177563,0.36282733,0.7971054,0.054700095,0.47956997
0.9873512,-0.12352502,-14.552386,0.17698008,0.7968998,-0.403971,0.41283926
0.8266343,-7.536176,-15.183895,0.36298105,0.79698634,0.054711092,0.47965026
0.98717487,-0.12331647,-14.552151,0.17693743,0.7969117,-0.40395576,0.41284937
0.82664007,-7.5423384,-15.179712,0.36321342,0.79684037,0.054775167,0.47970948
0.9872445,-0.12312339,-14.551932,0.1768977,0.7969127,-0.40394226,0.4128777
0.83283323,-7.538197,-15.178321,0.3634317,0.796703,0.054764755,0.47977352
0.987309,-0.12316561,-14.55173,0.17686236,0.79691356,-0.40393028,0.41290292
0.828891,-7.53674,-15.177832,0.36366037,0.7965467,0.05470063,0.47986713
0.98736894,-0.12299465,-14.551753,0.17681998,0.7969195,-0.4039265,0.41291323
0.8335327,-7.536216,-15.177655,0.3639071,0.7963671,0.054661598,0.47998253
0.98742455,-0.123035416,-14.551774,0.17679022,0.7969213,-0.40392268,0.41292644
0.83525294,-7.5420957,-15.177589,0.36425334,0.79612696,0.05473746,0.4801096
0.9874807,-0.1230765,-14.551795,0.17678516,0.7969281,-0.40390432,0.41293347
0.8298072,-7.5503416,-15.177567,0.36466128,0.7958958,0.05480703,0.4801752
0.98784864,-0.12342368,-14.551825,0.17678995,0.7969123,-0.40390176,0.4129643
0.8295155,-7.5404916,-15.177554,0.36523676,0.7955705,0.054700743,0.48028907
0.987677,-0.12385114,-14.5518875,0.17675754,0.79694015,-0.40388268,0.4129432
0.83354485,-7.543499,-15.177553,0.36551964,0.79539394,0.05466225,0.4803706
0.9877518,-0.123582914,-14.551916,0.17669964,0.79694813,-0.40393487,0.41290155
0.8351718,-7.5504823,-15.177552,0.3657162,0.7952593,0.05458743,0.48045245
0.9878206,-0.12333613,-14.551653,0.17663251,0.7969547,-0.4039897,0.41286397
0.83016175,-7.5475683,-15.177552,0.36582732,0.7951676,0.054544166,0.48052463
0.9878841,-0.123108715,-14.551412,0.17659488,0.79695183,-0.40404093,0.41283545
0.8281291,-7.5463862,-15.1831045,0.36587772,0.79510546,0.054486874,0.4805956
0.9879426,-0.122898825,-14.551188,0.17655176,0.79696083,-0.40407613,0.41280192
0.82729936,-7.5405364,-15.185371,0.36584997,0.795098,0.054398518,0.480639
0.9877498,-0.12270481,-14.551229,0.17653589,0.79697007,-0.40410483,0.4127628
0.8269409,-7.5380087,-15.1811,0.3658255,0.7951086,0.05434919,0.4806457
0.9878059,-0.12275978,-14.551266,0.17651206,0.79697096,-0.40413943,0.41273737
0.82677984,-7.536874,-15.179182,0.3657779,0.7951218,0.054313373,0.4806641
0.98763514,-0.12281073,-14.551301,0.17649817,0.7969791,-0.40417057,0.41269708

