ICVP Direct Stim Program 4.0.0+v4.0.0 - RelativeLocations
Updated at: 2022-08-22--16-08-16
Subject ID: CKT
Tester ID: kstipp
Direct Stimulation Input from the UI

UserID ; Time ; Electrodes ; Frequency (Hz) ; Cathodic Phase Duration (us) ; Train Length (ms) ; Duty On (ms); Duty Off (ms) ; Inter-train Length (ms) ; Amplitude (uA) ; Sent to Gateway ; Response ; Response Latency (ms) ; Response Duration (ms) ; Comments
kstipp ; 2022-08-22--16-08-16 ; 1502-1503-1506-1507 , 1502-1503-1506-1507-5603-5602-5606-5607 ; 200 ; 200 ; 500 ; 500 ; 0 ; 0 ; 40 ; True ;  ;  ;  ; moved right, second was pencil points, unsure about the first - too fast

Position t,Position u,Position v,Orientation w,Orientation x,Orientation y,Orientation z
0.7467316,-1.4572225,-14.936856,0.35568774,0.8155741,0.094859324,0.44646034
0.92609596,-0.123515405,-14.581311,0.20440753,0.79411304,-0.39580566,0.41344893
0.74724925,-1.456228,-14.936924,0.3557879,0.8154718,0.09452207,0.44663894
0.92845106,-0.12230474,-14.581353,0.2042336,0.793744,-0.39629072,0.41377866
0.74941224,-1.4570882,-14.936981,0.35582402,0.81527054,0.09439117,0.44700515
0.9290234,-0.12129006,-14.581389,0.20421037,0.7934465,-0.39668557,0.4139824
0.7478377,-1.4561282,-14.937027,0.35574043,0.81533265,0.0942174,0.44699514
0.9310268,-0.121856794,-14.581423,0.20439012,0.7930534,-0.39691758,0.4144242
0.7481459,-1.4553701,-14.937064,0.3556782,0.81523365,0.09415677,0.4472378
0.93122977,-0.12087776,-14.5814495,0.20423092,0.79284334,-0.39724156,0.4145943
0.75001323,-1.456315,-14.937095,0.35584158,0.815091,0.09400111,0.4474005
0.9313984,-0.12006423,-14.581471,0.20450285,0.792607,-0.39738867,0.41477108
0.7499704,-1.4570726,-14.937119,0.35595304,0.81501526,0.093988635,0.44745246
0.93154544,-0.12224476,-14.582936,0.2050893,0.79217887,-0.39746544,0.4152256
0.7515696,-1.4561117,-14.937141,0.35590345,0.8150403,0.09386298,0.44747278
0.9316726,-0.12265994,-14.584203,0.20545194,0.79189587,-0.3975853,0.4154713
0.75126624,-1.4553332,-14.937159,0.35581684,0.8152241,0.09373188,0.4472341
0.93178207,-0.12301732,-14.585293,0.2056808,0.7916232,-0.39757988,0.41588274
0.75102603,-1.4562356,-14.937173,0.35597426,0.81525993,0.09367407,0.44705576
0.93346626,-0.123337485,-14.586269,0.20567651,0.7913369,-0.39771977,0.41629583
0.7493908,-1.4555143,-14.937184,0.35592356,0.81546456,0.093406186,0.44677892
0.93329287,-0.12206617,-14.587055,0.20566124,0.7913123,-0.39764696,0.41641977
0.74944144,-1.4549321,-14.937194,0.356004,0.8155512,0.09309917,0.44662067
0.93314725,-0.12405356,-14.587716,0.20599578,0.79120344,-0.39755127,0.4165524
0.7494828,-1.4544568,-14.9372015,0.35607445,0.8156642,0.09282066,0.44641608
0.93302983,-0.12272732,-14.588248,0.20604971,0.7912301,-0.39750916,0.41651538
0.7495168,-1.4553064,-14.937207,0.3561702,0.8157704,0.092700556,0.4461705
0.9344598,-0.12308333,-14.588721,0.20603156,0.79110974,-0.39752468,0.41673794
0.74954623,-1.4548086,-14.937213,0.3562798,0.81583816,0.092563964,0.44598737
0.93414295,-0.12190651,-14.589101,0.20602113,0.7911661,-0.397521,0.4166396
0.74957067,-1.4555695,-14.937218,0.3564359,0.8159233,0.09240109,0.4457408
0.9338767,-0.122366466,-14.589418,0.20613994,0.7910704,-0.3975675,0.4167182
0.749591,-1.456204,-14.937221,0.35663852,0.81595916,0.09217345,0.44556013
0.9336535,-0.12418241,-14.589686,0.20631196,0.790887,-0.39760786,0.4169426
0.7476687,-1.455234,-14.937227,0.35684943,0.816174,0.09184081,0.4450662
0.934722,-0.12323012,-14.590095,0.20622233,0.79063666,-0.39787617,0.41720572
0.7469197,-1.4548562,-14.937229,0.35690665,0.8163295,0.09172132,0.44475973
0.93582565,-0.123492494,-14.590264,0.20648813,0.79049504,-0.39791596,0.41730458
0.7462788,-1.4545327,-14.937232,0.35688066,0.81641805,0.09179283,0.444603
0.93678945,-0.12372163,-14.590412,0.20662819,0.79051405,-0.39758807,0.41751173
0.7448652,-1.4542545,-14.937233,0.35696715,0.8165155,0.09178767,0.4443556
0.9376228,-0.12391975,-14.59054,0.20657367,0.7904904,-0.39753392,0.4176351
0.74364275,-1.4548331,-14.937234,0.35708472,0.81653494,0.09189798,0.44420263
0.93682396,-0.122614175,-14.590642,0.20628075,0.7907121,-0.39732382,0.4175601
0.7433587,-1.4545577,-14.937235,0.35712215,0.8165393,0.09191645,0.44416064
0.93618065,-0.12434361,-14.590724,0.20650353,0.79071075,-0.39710763,0.41765824
0.74237126,-1.4543171,-14.937236,0.3571429,0.8165637,0.09198439,0.4440851
0.93565786,-0.12178617,-14.590792,0.20609048,0.79085106,-0.39711222,0.41759235
0.7415053,-1.4548086,-14.937238,0.35717604,0.81655383,0.09208213,0.44405636
0.93648434,-0.12345508,-14.590846,0.20628075,0.7907468,-0.397046,0.41775852
0.74141014,-1.4545742,-14.937239,0.35712397,0.8165403,0.0921369,0.44411176
0.9359749,-0.122449316,-14.590892,0.20628038,0.79079306,-0.39703855,0.41767833
0.7406921,-1.4550009,-14.93724,0.3571631,0.8164965,0.09224407,0.4441386
0.93669385,-0.12389826,-14.590931,0.2065214,0.79063404,-0.39705464,0.41784507
0.7406571,-1.4553794,-14.937241,0.35718405,0.81638265,0.09236167,0.44430658
0.93620354,-0.12292694,-14.590962,0.20636986,0.7906206,-0.39715177,0.41785288
0.7406259,-1.4557166,-14.937241,0.35718197,0.81632996,0.09247137,0.44438216
0.93685895,-0.12533513,-14.590991,0.20664597,0.790406,-0.39716184,0.41811293
0.74059814,-1.4554743,-14.937241,0.35716477,0.81626,0.09251236,0.44451597
0.93742347,-0.124235764,-14.591016,0.20637536,0.79033536,-0.39737368,0.4181787
0.7405732,-1.455257,-14.937241,0.3571296,0.816256,0.09251598,0.44455075
0.93689275,-0.12532239,-14.591037,0.20652656,0.79028237,-0.397263,0.41830948
0.74055076,-1.4555523,-14.937241,0.3571619,0.8161636,0.09257494,0.44468218
0.9374131,-0.12430367,-14.591054,0.20626886,0.79024494,-0.39734036,0.4184338
0.74053055,-1.4558185,-14.937241,0.35718313,0.8160934,0.09258348,0.44479227
0.93692183,-0.12530501,-14.591069,0.20646618,0.7901451,-0.39728323,0.41857925
0.74051225,-1.4556165,-14.937241,0.3570985,0.81606764,0.09259083,0.44490588
0.9374017,-0.12436181,-14.591084,0.20627801,0.7901779,-0.39739403,0.41850477
0.7404957,-1.4558538,-14.937241,0.35716277,0.81601566,0.09249576,0.44496933
0.93785286,-0.12536581,-14.591096,0.20643674,0.7900518,-0.39740434,0.4186548
0.7408802,-1.4560696,-14.937241,0.35717013,0.815949,0.09247028,0.44509092
0.9382458,-0.12441389,-14.591107,0.20625065,0.7901022,-0.39741993,0.41863665
0.7408507,-1.456266,-14.937241,0.35712662,0.81593144,0.09247104,0.44515792
0.9386125,-0.12540896,-14.591118,0.20646775,0.789986,-0.3973091,0.41885397
0.7408238,-1.4564452,-14.937241,0.35707366,0.8159056,0.09244947,0.4452523
0.938949,-0.12536399,-14.591126,0.2063322,0.7899656,-0.39731544,0.41895324
0.7407992,-1.4562666,-14.937241,0.35697645,0.8159322,0.09246457,0.4452783
0.93832666,-0.12623572,-14.591135,0.20641717,0.78995526,-0.39717814,0.41906124
0.7411021,-1.456103,-14.937241,0.35690644,0.8159177,0.09237747,0.44537908
0.93865603,-0.12525605,-14.591142,0.20613502,0.789971,-0.3972496,0.4191028
0.7413801,-1.4559528,-14.937241,0.35675842,0.81588846,0.09237285,0.44555223
0.9389629,-0.12611361,-14.591149,0.20626199,0.7899522,-0.3971495,0.4191703
0.74163574,-1.4558146,-14.937241,0.3566413,0.8158865,0.092317596,0.44566104
0.9401517,-0.12510072,-14.591155,0.2060136,0.7898954,-0.39728495,0.4192712
0.74159217,-1.4556874,-14.937241,0.35652417,0.815838,0.092430525,0.44582015
0.94032633,-0.12508711,-14.591161,0.2060107,0.7899246,-0.39729878,0.4192045
0.741552,-1.4555701,-14.937241,0.35638243,0.81582105,0.092438444,0.4459628
0.93960804,-0.12594388,-14.591166,0.20609187,0.7900573,-0.39705527,0.4191452
0.74176663,-1.4552099,-14.937241,0.3561934,0.8158379,0.092422366,0.44608632
0.93981236,-0.12503418,-14.591169,0.20593004,0.7901291,-0.3970834,0.41906273
0.741966,-1.4553556,-14.937241,0.35611275,0.8157855,0.09253338,0.4462235
0.93920606,-0.12581174,-14.591172,0.20602456,0.79020864,-0.39694536,0.4189972
0.74191964,-1.4552565,-14.937241,0.35601088,0.81575733,0.09266641,0.44632864
0.938677,-0.12500097,-14.591176,0.20587967,0.7904281,-0.3967795,0.41881147
0.7421566,-1.4551406,-14.937241,0.3559436,0.81571096,0.0927639,0.44644693
0.93892074,-0.12499778,-14.591179,0.20577712,0.7904644,-0.39675838,0.41881338
0.742095,-1.4550277,-14.937241,0.3558252,0.81572735,0.092852466,0.4464928
0.9384632,-0.124322966,-14.591181,0.20555556,0.7906949,-0.39667994,0.41856137
0.74236846,-1.4548992,-14.937241,0.3556812,0.8157268,0.0929411,0.44659013
0.9380589,-0.12500353,-14.591184,0.20555432,0.7908505,-0.39653596,0.41840428
0.7426732,-1.4547559,-14.937241,0.35562003,0.8156766,0.09302036,0.44671395
0.9377004,-0.12378766,-14.590579,0.20529272,0.79104173,-0.39646703,0.41823664
0.7425697,-1.4546205,-14.937241,0.35555094,0.8156872,0.0931745,0.4467176
0.9379574,-0.12443396,-14.590616,0.205307,0.7911545,-0.3963363,0.4181403
0.74247104,-1.4544914,-14.937241,0.35549796,0.8156747,0.09334549,0.4467468
0.9376396,-0.12391642,-14.590102,0.2051859,0.7913319,-0.39621925,0.41797492
0.7428057,-1.4543506,-14.937241,0.3554145,0.8156578,0.093468234,0.44681844
0.93735486,-0.12449274,-14.590162,0.20522335,0.7914528,-0.39606386,0.41787478
0.7431643,-1.4541998,-14.937241,0.3553526,0.81561315,0.09356819,0.44692826
0.937593,-0.12352866,-14.589723,0.20502938,0.7915809,-0.3960086,0.4177798
0.7434938,-1.4545424,-14.937241,0.3553505,0.8155688,0.09373551,0.44697577
0.9373383,-0.12406772,-14.589795,0.2050831,0.79164845,-0.3958671,0.41775942
0.7433321,-1.4543927,-14.937241,0.3552882,0.81558377,0.09380863,0.4469826
0.93710816,-0.123663165,-14.589861,0.20510265,0.79172605,-0.3957779,0.41768733
0.7431859,-1.4546967,-14.937241,0.35530457,0.8155399,0.09392915,0.44702435
0.93689966,-0.12414374,-14.589921,0.20522097,0.7917683,-0.39564058,0.41767922
0.7434838,-1.4545484,-14.937241,0.35524884,0.81552553,0.09398183,0.44708374
0.93630797,-0.1233731,-14.589974,0.2051608,0.7918734,-0.39556235,0.4175836
0.74333775,-1.4544126,-14.937241,0.35516155,0.81556404,0.094002776,0.4470784
0.9361516,-0.12381836,-14.590024,0.20524363,0.7919271,-0.39541006,0.4175853
0.74318653,-1.4538183,-14.937241,0.3550347,0.81562626,0.09396642,0.4470733
0.9356458,-0.12349827,-14.590069,0.2052053,0.7920012,-0.3953487,0.41752172
0.743046,-1.4537084,-14.937241,0.35501775,0.8156661,0.09394141,0.44701928
0.9355285,-0.12389562,-14.59011,0.20525292,0.7920193,-0.39522532,0.41758078
0.74291456,-1.4536057,-14.937241,0.35503584,0.81568146,0.09391653,0.44698218
0.9357488,-0.123604104,-14.590147,0.2051868,0.7920465,-0.39518464,0.41760024
0.74325544,-1.4534972,-14.937241,0.35503152,0.8156793,0.09390728,0.44699138
0.9359509,-0.12364795,-14.590181,0.2051732,0.7920358,-0.39512703,0.41768137
0.7431038,-1.4533968,-14.937241,0.3550395,0.8156928,0.09389547,0.44696298
0.9358409,-0.12368826,-14.590213,0.2051989,0.7920363,-0.39505967,0.41773173
0.74350506,-1.4526975,-14.937241,0.35497105,0.8157269,0.09386546,0.44696146
0.93573964,-0.12344438,-14.590242,0.20519109,0.7920591,-0.39500746,0.41774172
0.74386317,-1.4531764,-14.937241,0.3549757,0.815724,0.09387114,0.44696176
0.9356462,-0.12375334,-14.590269,0.20523804,0.7920526,-0.39493564,0.41779885
0.74426,-1.4524103,-14.93789,0.35485935,0.8157814,0.09385266,0.4469533
0.9355599,-0.12353153,-14.590294,0.20520931,0.7920624,-0.39491856,0.41781062
0.7439956,-1.4523475,-14.937849,0.35483593,0.8158141,0.0938666,0.44690943
0.93523926,-0.12356727,-14.590318,0.20525776,0.7920968,-0.39486116,0.41777575
0.7437605,-1.4522918,-14.937813,0.3547636,0.8158855,0.09382938,0.44684425
0.9351711,-0.12360038,-14.590339,0.2052899,0.79211044,-0.39481983,0.4177732
0.7435508,-1.452798,-14.937779,0.35475928,0.81592983,0.09386097,0.4467601
0.93510795,-0.123631075,-14.590359,0.20532738,0.7921324,-0.39477268,0.41775772
0.7438911,-1.453251,-14.93775,0.3547686,0.8159652,0.0938847,0.44668305
0.9348427,-0.12365958,-14.590377,0.20535399,0.7921545,-0.39474237,0.41773146
0.743695,-1.4531561,-14.937724,0.3547523,0.8160363,0.09389885,0.4465632
0.93479234,-0.12368608,-14.590395,0.20534426,0.7921666,-0.39473966,0.41771588
0.7439951,-1.4535471,-14.937701,0.3548036,0.81606895,0.09392232,0.44645768
0.9349363,-0.12390376,-14.590411,0.20535551,0.79215854,-0.3947475,0.4177181
0.74381316,-1.4534476,-14.93768,0.35483962,0.8161481,0.0939156,0.44628584
0.9346928,-0.1237326,-14.590427,0.2053412,0.7922003,-0.39472649,0.41766587
0.7436485,-1.4533573,-14.937661,0.35482502,0.8162377,0.09390985,0.44613478
0.9346464,-0.12414158,-14.590443,0.20539059,0.79219764,-0.39471623,0.41765627
0.74390775,-1.4532756,-14.937643,0.3548242,0.8163175,0.09388047,0.44599566
0.93460107,-0.12377341,-14.590458,0.20534706,0.79221666,-0.39474487,0.41761446
0.7437554,-1.453201,-14.937627,0.35482413,0.8164095,0.09387343,0.4458287
0.9343643,-0.12398934,-14.590473,0.20538345,0.79223335,-0.39472213,0.41758636
0.7436164,-1.4531331,-14.937613,0.35485244,0.81648344,0.09385185,0.4456753
0.9343246,-0.12381647,-14.590488,0.20535663,0.7922422,-0.39473528,0.41757023
0.7434895,-1.4530711,-14.9376,0.35487702,0.81654984,0.093845226,0.44553545
0.93409336,-0.12403154,-14.590503,0.2053904,0.7922499,-0.39472085,0.41755262
0.74304044,-1.4530143,-14.937589,0.354901,0.8166309,0.09382359,0.44537234
0.9338668,-0.12385782,-14.590517,0.20537136,0.7922668,-0.39472994,0.41752163
0.74294484,-1.4529623,-14.937576,0.35494122,0.8166881,0.093779944,0.44524446
0.9336447,-0.12387982,-14.59053,0.20538017,0.792275,-0.39472225,0.41750896
0.742857,-1.4529145,-14.937566,0.35496816,0.8167481,0.09373925,0.4451216
0.9336194,-0.123709135,-14.590545,0.20535477,0.7922845,-0.39472553,0.4175003
0.74277616,-1.4528704,-14.937556,0.35501567,0.8167975,0.09370107,0.44500104
0.93337643,-0.12373709,-14.59056,0.20535873,0.79229873,-0.39470714,0.4174887
0.74270165,-1.4528298,-14.937549,0.35506213,0.81688976,0.09364719,0.44480598
0.9330924,-0.123769745,-14.590578,0.20536129,0.7923287,-0.39466017,0.41747487
0.7423754,-1.4527924,-14.93754,0.3551013,0.8170088,0.093599364,0.44456604
0.93276775,-0.12380708,-14.590598,0.20537227,0.79236054,-0.39461544,0.4174514
0.74207366,-1.4527578,-14.937533,0.35513294,0.8171592,0.09352701,0.4442795
0.93240446,-0.12384887,-14.59062,0.20537059,0.7924012,-0.39455596,0.41743135
0.7417674,-1.4527225,-14.937526,0.35518995,0.8172824,0.09345996,0.44402134
0.93200576,-0.12389472,-14.590645,0.20538025,0.7924496,-0.39448273,0.41740382
0.74134636,-1.4523143,-14.937515,0.35517275,0.8174583,0.09344633,0.443714
0.93157625,-0.12394412,-14.590671,0.20536397,0.79250723,-0.39440528,0.41737574
0.7408113,-1.4517955,-14.937503,0.35517392,0.8176113,0.093347244,0.44345197
0.9305234,-0.12400204,-14.590701,0.2053641,0.79257715,-0.39430374,0.4173389
0.7407726,-1.4512252,-14.937489,0.35521793,0.8177009,0.09326741,0.44326812
0.9300423,-0.12406129,-14.590733,0.20531847,0.7926444,-0.3942321,0.41730127
0.7401538,-1.4512376,-14.937474,0.35527277,0.8177921,0.093247145,0.44306022
0.93017983,-0.123547934,-14.590761,0.2052237,0.79269314,-0.394212,0.41727424
0.7394518,-1.4505512,-14.937458,0.3552639,0.8178904,0.09319814,0.4428962
0.93030274,-0.12308897,-14.590787,0.20515014,0.7927336,-0.39419815,0.41724667
0.7395002,-1.4506137,-14.937443,0.35531458,0.8179331,0.09311842,0.4427935
0.93092394,-0.12318831,-14.590809,0.20509775,0.7927385,-0.39420193,0.41725945
0.73954403,-1.4506702,-14.937429,0.35528526,0.81802005,0.093039535,0.44267288
0.9309973,-0.12279226,-14.590344,0.20499755,0.7927866,-0.39419088,0.41722772
0.73958385,-1.4507216,-14.937418,0.35534614,0.81807995,0.09293255,0.44253573
0.9310634,-0.12289614,-14.590386,0.20492184,0.7928238,-0.39416564,0.4172181
0.7389409,-1.4507719,-14.937407,0.35538656,0.8181929,0.09282361,0.44231725
0.93112326,-0.12211395,-14.589987,0.20479499,0.79287714,-0.39414054,0.41720277
0.7390228,-1.4508172,-14.937396,0.35540166,0.8182372,0.09275326,0.44223794
0.93117756,-0.12182091,-14.589623,0.20470227,0.7928854,-0.39413875,0.41723418
0.7390953,-1.4514843,-14.9373865,0.35551736,0.81820637,0.0927039,0.44221234
0.9312269,-0.121949926,-14.589689,0.20466977,0.7928671,-0.3941428,0.417281
0.7385229,-1.4508392,-14.937377,0.3553569,0.8183321,0.09258316,0.44213408
0.93127185,-0.12131627,-14.589374,0.20459153,0.79285127,-0.39419633,0.4172991
0.7386261,-1.4508771,-14.937368,0.35535252,0.81835264,0.09244991,0.44212747
0.93131286,-0.12145144,-14.589442,0.20458293,0.7928169,-0.3942125,0.41735336
0.7387191,-1.4509113,-14.937362,0.35532495,0.8183447,0.09241821,0.44217086
0.9310114,-0.12191406,-14.589504,0.20462506,0.7927844,-0.3942199,0.41738734
0.7381108,-1.4502364,-14.937353,0.3552749,0.8183345,0.092393756,0.44223502
0.9310571,-0.12137198,-14.589239,0.20454837,0.79275143,-0.39430356,0.41740856
0.7382534,-1.4503206,-14.937346,0.3553253,0.81825835,0.092374854,0.4423394
0.9310991,-0.1214861,-14.589302,0.20456007,0.79269356,-0.39434674,0.417472
0.73837936,-1.450395,-14.93734,0.35538617,0.8182199,0.09229572,0.4423782
0.9311378,-0.12188169,-14.58936,0.20460524,0.7926072,-0.39440045,0.41756302
0.73850393,-1.4497863,-14.937334,0.35533583,0.8182313,0.09211119,0.442436
0.9311733,-0.121693954,-14.589413,0.20459786,0.7924872,-0.39455724,0.41764635
0.73861384,-1.4498972,-14.937327,0.35534042,0.8182333,0.09205265,0.44244075
0.9314684,-0.12152072,-14.589462,0.20458432,0.792361,-0.3947165,0.4177418
0.7387232,-1.4493159,-14.937322,0.35530394,0.81825453,0.09192609,0.44245717
0.9317412,-0.12111146,-14.589508,0.20454876,0.7922555,-0.39486542,0.41781858
0.73881966,-1.4494605,-14.937317,0.35536295,0.81824625,0.09183163,0.44244477
0.9319935,-0.12120618,-14.58955,0.20458291,0.7921303,-0.39498788,0.41792354
0.73824936,-1.4495959,-14.937312,0.35536855,0.8183002,0.091804735,0.44234607
0.9322274,-0.121069066,-14.589589,0.20459633,0.7920185,-0.39510176,0.41802126
0.73770136,-1.4497261,-14.937308,0.35537395,0.81836957,0.09180428,0.44221327
0.9324443,-0.120941855,-14.589625,0.20461366,0.7919032,-0.3952253,0.41811436
0.73786527,-1.4498409,-14.9373045,0.35544607,0.8183983,0.09175274,0.4421129
0.9328488,-0.12102664,-14.589659,0.20469952,0.79171324,-0.39537245,0.41829282
0.73801047,-1.4499427,-14.937301,0.35544875,0.81843525,0.09169857,0.4420536
0.9330321,-0.121298306,-14.589691,0.20485902,0.79154116,-0.39545575,0.41846165
0.738148,-1.4494168,-14.937297,0.35542634,0.8184985,0.09171834,0.44195038
0.93321127,-0.121179245,-14.589722,0.20494859,0.7913775,-0.39559525,0.41859552
0.7382701,-1.4495407,-14.937294,0.35545504,0.81854874,0.091770105,0.44182342
0.9331945,-0.12106258,-14.58975,0.20503604,0.7912437,-0.39569387,0.41871244
0.73779106,-1.4496576,-14.937291,0.3555173,0.81859493,0.091782756,0.4416852
0.9333704,-0.12133273,-14.58978,0.20516934,0.7910879,-0.39574125,0.4188967
0.73732203,-1.449772,-14.937289,0.35555536,0.81865644,0.09178674,0.44153973
0.9335427,-0.12159746,-14.589808,0.20531844,0.79094017,-0.39579722,0.41904962
0.73749435,-1.4498738,-14.937286,0.35554028,0.8187226,0.091770485,0.44143257
0.9339039,-0.121472426,-14.589836,0.20532922,0.7907701,-0.39594144,0.41922903
0.7370611,-1.4499706,-14.937284,0.35557547,0.818767,0.09173824,0.4413286
0.9338733,-0.121349886,-14.589863,0.20533416,0.79071814,-0.3959701,0.41929758
0.73663116,-1.4500667,-14.937282,0.3555768,0.8188355,0.09171887,0.44120437
0.9340356,-0.121422045,-14.5898905,0.20533839,0.79065835,-0.39600426,0.4193759
0.7361624,-1.4494339,-14.93728,0.35551006,0.81892544,0.09164886,0.44110575
0.9341946,-0.12130051,-14.589917,0.20530969,0.7906218,-0.3960297,0.41943493
0.7357152,-1.4495924,-14.937278,0.35545698,0.818972,0.091683075,0.44105497
0.93435055,-0.12118141,-14.589943,0.20528957,0.7905939,-0.39609295,0.4194376
0.73525083,-1.4488972,-14.937275,0.3554354,0.8190141,0.09161976,0.44100738
0.9343111,-0.12106469,-14.589969,0.20533301,0.7906045,-0.3960267,0.41945902
0.7347826,-1.4481965,-14.937273,0.35532287,0.81909233,0.09159187,0.44095856
0.9342724,-0.12095031,-14.5899935,0.20532872,0.7906439,-0.39595056,0.41945878
0.73436296,-1.448515,-14.93727,0.35525864,0.8191039,0.09165232,0.4409762
0.9342345,-0.121222705,-14.590018,0.20539638,0.7906799,-0.39582157,0.41947943
0.733985,-1.4488019,-14.937268,0.3551312,0.8191347,0.09175533,0.44100028
0.9343896,-0.121297404,-14.590041,0.20540033,0.7906691,-0.39576888,0.41954753
0.7336436,-1.4490613,-14.937265,0.35509795,0.81913626,0.09180332,0.4410142
0.9345416,-0.121178366,-14.590065,0.20533684,0.7906754,-0.39571905,0.41961366
0.7333345,-1.4492959,-14.937264,0.3550658,0.81913644,0.09187724,0.4410244
0.934306,-0.12086947,-14.590089,0.20526955,0.79078585,-0.39560026,0.41955054
0.7339741,-1.4494969,-14.9372635,0.3550182,0.8190843,0.091950916,0.441144
0.93426746,-0.120758995,-14.590111,0.20519869,0.7908652,-0.3954904,0.4195393
0.7336656,-1.4496697,-14.937263,0.35507092,0.8190722,0.09192374,0.4411297
0.9344219,-0.12103522,-14.590133,0.20520389,0.7908848,-0.3953561,0.4196263
0.7342148,-1.4490033,-14.937261,0.35505772,0.819095,0.09185624,0.44111186
0.9345733,-0.121113665,-14.590155,0.20518096,0.7909074,-0.39526,0.41968533
0.73469216,-1.4491991,-14.93726,0.3551151,0.81911314,0.09179444,0.44104514
0.93452936,-0.12119054,-14.590176,0.20519081,0.7909757,-0.3950956,0.4197067
0.73510915,-1.4493701,-14.937259,0.35509306,0.8191464,0.09176099,0.441008
0.9346785,-0.12145812,-14.590197,0.2052236,0.7909614,-0.39499658,0.41981086
0.73477525,-1.4495201,-14.937258,0.35516423,0.81918573,0.091715135,0.44088718
0.9346324,-0.121143624,-14.590217,0.2050987,0.79101443,-0.39494473,0.41982064
0.7351458,-1.4489876,-14.937258,0.35519922,0.8192083,0.09164147,0.44083232
0.93458736,-0.12102766,-14.590237,0.20507178,0.7910376,-0.39485207,0.41987723
0.73484206,-1.4485167,-14.937258,0.35517034,0.81929386,0.09157988,0.44070944
0.93454313,-0.12110627,-14.590257,0.20506749,0.7910601,-0.3947461,0.41993678
0.73457015,-1.4487002,-14.937258,0.35527426,0.81928676,0.09152472,0.44065028
0.9344998,-0.12137553,-14.590275,0.20509133,0.7910734,-0.3946115,0.42002666
0.7343132,-1.4488735,-14.937258,0.35534197,0.8192503,0.0915129,0.440666
0.9344573,-0.121447176,-14.590294,0.20506845,0.7910773,-0.39450562,0.4201297
0.73404264,-1.4483701,-14.937258,0.3553278,0.8192379,0.091539405,0.44069505
0.93441576,-0.1211329,-14.590313,0.20499238,0.7910872,-0.39447433,0.42017764
0.7337926,-1.4485875,-14.937258,0.3553417,0.8192427,0.09149507,0.440684
0.934375,-0.1212094,-14.59033,0.2050276,0.7910536,-0.39440423,0.4202895
0.73353624,-1.448057,-14.937256,0.35527438,0.81928885,0.091386825,0.44067505
0.934335,-0.121284366,-14.590348,0.20504943,0.7910257,-0.3943498,0.42038244
0.73327845,-1.4475236,-14.937255,0.3552928,0.8193194,0.091316506,0.44061786
0.93448806,-0.12116558,-14.590365,0.20500143,0.79098094,-0.39434865,0.4204912
0.73300624,-1.4460113,-14.937255,0.35516512,0.8194022,0.09119765,0.4405915
0.9344458,-0.12124143,-14.590382,0.20496963,0.7909596,-0.39432395,0.4205699
0.7327465,-1.4455731,-14.937254,0.35516343,0.81939983,0.09111636,0.4406141
0.93459666,-0.12131575,-14.590398,0.2049655,0.7908833,-0.3943349,0.4207051
0.7325255,-1.446155,-14.937254,0.35516718,0.8194079,0.0910387,0.44061223
0.9347445,-0.121388584,-14.590415,0.20497905,0.7908051,-0.39434472,0.42083633
0.73324335,-1.4466527,-14.937254,0.3551351,0.81935006,0.0910623,0.44074067
0.93469715,-0.12145997,-14.590431,0.20504019,0.7907352,-0.3943486,0.42093423
0.73299944,-1.4462194,-14.937254,0.35509878,0.8193491,0.0910635,0.44077146
0.9346507,-0.121337675,-14.590446,0.20495795,0.7907174,-0.39437973,0.42097846
0.73278844,-1.4466633,-14.937254,0.3551399,0.81929606,0.0909796,0.44085416
0.93460524,-0.12121783,-14.590462,0.20489053,0.79067284,-0.39441982,0.42105746
0.7333826,-1.4462714,-14.937254,0.35497582,0.8192854,0.09081298,0.44104043
0.93475294,-0.12110039,-14.590477,0.20486403,0.7906417,-0.3943396,0.42120394
0.7339014,-1.4451905,-14.937254,0.35476458,0.81930155,0.09063302,0.44121727
0.93470544,-0.12156202,-14.590492,0.2049774,0.79060715,-0.39412406,0.42141548
0.73435634,-1.4449445,-14.937254,0.35461825,0.81926924,0.09049802,0.4414227
0.93485105,-0.12162993,-14.590507,0.20489645,0.79059017,-0.39399233,0.4216097
0.73475707,-1.4447278,-14.937254,0.35458198,0.8192083,0.09044507,0.44157568
0.9349938,-0.12169649,-14.59052,0.20479436,0.7905759,-0.3939015,0.42177084
0.7351113,-1.4445362,-14.937254,0.35446602,0.81917053,0.0903731,0.4417536
0.93514365,-0.12176633,-14.590535,0.20469661,0.7905511,-0.39386344,0.4219003
0.73543155,-1.444363,-14.937254,0.3543868,0.81911343,0.09036869,0.44192398
0.9350873,-0.12183126,-14.590549,0.20461,0.7905884,-0.39371225,0.42201373
0.7357164,-1.4447911,-14.937254,0.3543131,0.81905717,0.09039081,0.44208282
0.93503314,-0.12170154,-14.590563,0.20447622,0.7906147,-0.3936468,0.42209026
0.73597056,-1.4446201,-14.937254,0.35424417,0.8189952,0.09033522,0.4422642
0.93498,-0.121766664,-14.590575,0.20437428,0.7906547,-0.393589,0.4221185
0.7361981,-1.444467,-14.937254,0.3541064,0.8189809,0.09027189,0.44241384
0.9351254,-0.12203229,-14.590589,0.20430139,0.7906746,-0.39349392,0.42220512
0.7364025,-1.4443295,-14.937753,0.3540283,0.8189537,0.0902184,0.44253764
0.9350704,-0.12189856,-14.590601,0.20412818,0.79072875,-0.39345738,0.42222154
0.7365866,-1.4446799,-14.937728,0.3539853,0.8188927,0.090205915,0.44268742
0.9352088,-0.12157525,-14.590613,0.20389175,0.7908039,-0.39343935,0.42221183
0.7367528,-1.4445459,-14.938156,0.35390377,0.81886744,0.0901004,0.44282082
0.93535954,-0.1218643,-14.590626,0.20400667,0.7907711,-0.3932769,0.42236906
0.7369106,-1.4444185,-14.938562,0.35384235,0.81883764,0.090068854,0.44293147
0.9355233,-0.121703304,-14.59064,0.2039118,0.7907959,-0.3932239,0.42241785
0.73707545,-1.4442856,-14.938987,0.35374582,0.81882155,0.09001818,0.44304848
0.9354494,-0.12155414,-14.590652,0.2037668,0.79087913,-0.39310145,0.4224461
0.7367115,-1.4441487,-14.9394245,0.3536541,0.81881595,0.089901745,0.44315577
0.93537915,-0.12163199,-14.590885,0.2037919,0.79091877,-0.3928834,0.42256248
0.7369496,-1.4433179,-14.939942,0.35350403,0.8188103,0.08972707,0.44332132
0.9353139,-0.12170426,-14.590892,0.20381886,0.79089886,-0.39279252,0.42267123
0.7364788,-1.4432081,-14.940449,0.35342848,0.8188063,0.0895878,0.44341695
0.9352532,-0.12137454,-14.590899,0.2036841,0.7909542,-0.3926821,0.4227353
0.73675996,-1.4431014,-14.940942,0.35337836,0.81878155,0.08944738,0.44353092
0.93519455,-0.12144763,-14.591103,0.20378739,0.79095167,-0.39255133,0.42281175
0.73700655,-1.44371,-14.941375,0.3533845,0.8186823,0.089319855,0.44373497
0.9351328,-0.12173501,-14.591314,0.20399944,0.7909068,-0.39236584,0.4229654
0.73726046,-1.4427761,-14.94182,0.35323063,0.8187186,0.08916281,0.44382215
0.93507546,-0.12160207,-14.591312,0.20384796,0.79088247,-0.39235163,0.42309713
0.7375042,-1.4426949,-14.942247,0.35317567,0.8186571,0.08904393,0.44400308
0.93501335,-0.12145816,-14.591531,0.20374325,0.7908402,-0.39235747,0.42322126
0.7377366,-1.4426175,-14.942656,0.35308832,0.8186552,0.08896005,0.44409293
0.9349461,-0.1217924,-14.591767,0.20381598,0.7907708,-0.39229247,0.42337608
0.7379567,-1.4425442,-14.943042,0.35303283,0.81863606,0.08886001,0.44419217
0.93487054,-0.12216799,-14.592033,0.20390645,0.7906882,-0.3922798,0.42349854
0.7381639,-1.4424752,-14.943405,0.35302356,0.81857187,0.08874059,0.44434175
0.93480086,-0.12197747,-14.5920105,0.20380163,0.79061407,-0.3924078,0.42356873
0.73835754,-1.4424107,-14.943745,0.35293245,0.81858116,0.08855089,0.44443485
0.93499964,-0.12205986,-14.591989,0.20385538,0.79042757,-0.39253432,0.42377383
0.7385511,-1.4412992,-14.944084,0.3528839,0.8185417,0.08839516,0.44457716
0.9349303,-0.12213645,-14.591969,0.20393673,0.790266,-0.39268577,0.42389554
0.73873913,-1.4402187,-14.944413,0.35288027,0.8184994,0.088215254,0.44469368
0.93516064,-0.12222851,-14.592257,0.20400663,0.79005075,-0.3928753,0.4240875
0.73891747,-1.4391944,-14.944727,0.35288277,0.818497,0.08798001,0.4447425
0.9353908,-0.12232049,-14.592221,0.20408945,0.78989947,-0.39294833,0.4242618
0.7403801,-1.4382507,-14.945015,0.35289994,0.81846166,0.08786047,0.44481757
0.9352943,-0.12209717,-14.592189,0.20402898,0.7898145,-0.3930898,0.42431793
0.7415915,-1.4387122,-14.945253,0.35299844,0.8183847,0.08774769,0.44490334
0.9359517,-0.122600004,-14.592537,0.20419665,0.7895616,-0.39319086,0.42461407
0.7414111,-1.4390968,-14.945453,0.35311437,0.81832016,0.08769785,0.44494
0.9367373,-0.122718364,-14.592954,0.20418538,0.7893593,-0.39340895,0.42479378
0.74241716,-1.4394255,-14.945623,0.35324684,0.81825274,0.087534495,0.4449909
0.93752337,-0.12232843,-14.592862,0.20410785,0.7892267,-0.39363477,0.42486808
0.74328876,-1.4397101,-14.94577,0.35330456,0.8181445,0.08757419,0.44513637
0.9372487,-0.12246872,-14.5932865,0.20430468,0.7891218,-0.39365676,0.42494804
0.74290305,-1.4387928,-14.945904,0.35327297,0.8181603,0.08743173,0.4451603
0.93752235,-0.12205751,-14.593722,0.2043368,0.78900903,-0.39374787,0.4250576
0.7425814,-1.4391444,-14.946015,0.3533518,0.8181183,0.08741243,0.44517884
0.9378065,-0.122242026,-14.594174,0.20446734,0.78883916,-0.39384237,0.42522246
0.7423113,-1.4394395,-14.946109,0.35344496,0.81803995,0.08742454,0.44524637
0.9380966,-0.12309724,-14.594635,0.20467786,0.7886418,-0.3938651,0.42546618
0.742064,-1.438618,-14.946195,0.35337588,0.8180304,0.08738654,0.4453262
0.938378,-0.1225369,-14.595082,0.20452628,0.7886097,-0.3939758,0.4254961
0.7429065,-1.438969,-14.946267,0.3533912,0.8179224,0.08748302,0.44549355
0.9394563,-0.12273431,-14.595551,0.20443675,0.7884479,-0.3941902,0.42564043
0.7436191,-1.4402674,-14.946329,0.35353893,0.8177338,0.08757348,0.4457046
0.93967324,-0.12374844,-14.596002,0.2045704,0.788345,-0.39419746,0.4257601
0.7432741,-1.4394698,-14.9463825,0.35343894,0.81770456,0.08760845,0.4458307
0.9398617,-0.123064436,-14.595613,0.20441388,0.788295,-0.3943518,0.42578492
0.7429789,-1.4396907,-14.946427,0.3533826,0.8176663,0.08757911,0.44595137
0.9400262,-0.122467525,-14.595272,0.2043938,0.78828436,-0.3944387,0.42573357
0.7435834,-1.4398807,-14.9464655,0.35333067,0.8176086,0.087613516,0.4460915
0.9401764,-0.124130145,-14.595697,0.20466287,0.78817403,-0.39438206,0.42586115
0.74417824,-1.43914,-14.946505,0.35322538,0.81755126,0.08767334,0.44626826
0.9403217,-0.12419646,-14.5961075,0.20464249,0.7880967,-0.39449185,0.42591226
0.7438073,-1.4393857,-14.946537,0.35318926,0.8175147,0.087788165,0.44634107
0.9404485,-0.12352271,-14.595735,0.20449398,0.7880602,-0.39468715,0.42587036
0.7443301,-1.4395999,-14.946566,0.35319147,0.81742734,0.08781675,0.4464937
0.94056606,-0.12363226,-14.596123,0.20453778,0.78800654,-0.3947917,0.42585167
0.7448045,-1.4397942,-14.946591,0.35313392,0.8171489,0.08788087,0.4470359
0.9414221,-0.12373508,-14.595741,0.20457247,0.78764004,-0.39522672,0.4261093
0.7452373,-1.4399716,-14.946614,0.35313517,0.81689477,0.08797408,0.44748083
0.9422411,-0.12460687,-14.595377,0.20459288,0.7873646,-0.3955338,0.4263236
0.7464201,-1.4409314,-14.946636,0.35317063,0.81659114,0.088056326,0.44799063
0.94222003,-0.12543707,-14.595831,0.20463975,0.7871607,-0.3957627,0.42646506
0.7467168,-1.4401532,-14.946655,0.352971,0.8164349,0.08802369,0.44843888
0.9429754,-0.12462446,-14.595459,0.2044713,0.78695625,-0.39605543,0.42665157
0.7470037,-1.4394007,-14.946675,0.35278985,0.8163032,0.08802218,0.4488214
0.94365877,-0.1238893,-14.595122,0.20438802,0.7867667,-0.39631194,0.42680275
0.7481265,-1.4404941,-14.946692,0.3528597,0.81607556,0.0881438,0.4491564
0.9443509,-0.12482004,-14.595619,0.20457007,0.7866226,-0.3963391,0.42695597
0.7492793,-1.4396436,-14.94671,0.35270742,0.81596744,0.088065915,0.44948766
0.9449919,-0.12483221,-14.59523,0.20457847,0.78648835,-0.39643243,0.4271126
0.7493263,-1.4398626,-14.946725,0.35262164,0.8158781,0.08818957,0.44969276
0.9455632,-0.124012165,-14.594883,0.20446295,0.7864231,-0.39656675,0.42716348
0.75039613,-1.4400712,-14.946739,0.35255173,0.81570274,0.0883248,0.4500391
0.9452606,-0.124905765,-14.595386,0.20459694,0.78637516,-0.39653522,0.42721662
0.7513337,-1.4412597,-14.946752,0.3526869,0.8154284,0.088413365,0.45041278
0.94682616,-0.1258542,-14.59592,0.20464,0.7861853,-0.39649338,0.42758408
0.75117266,-1.4413165,-14.946762,0.35258505,0.81528705,0.08862124,0.45070723
0.94729507,-0.1248222,-14.596401,0.20453523,0.7860881,-0.39662418,0.42769167
0.7520581,-1.4413708,-14.946773,0.35244024,0.815172,0.08874351,0.45100456
0.9477137,-0.12483537,-14.595897,0.20451933,0.7860352,-0.39672711,0.42770118
0.7518187,-1.4414173,-14.946782,0.35235563,0.8150975,0.088847995,0.4511847
0.94810957,-0.12582687,-14.596398,0.20459524,0.7859217,-0.396735,0.42786607
0.75264835,-1.4414617,-14.946791,0.3523334,0.8149322,0.089107305,0.45144942
0.9484773,-0.1257353,-14.596865,0.20462385,0.7857985,-0.39695767,0.42787203
0.7541483,-1.4415416,-14.946806,0.35219884,0.81475693,0.089438885,0.45180526
0.9490617,-0.124720946,-14.595807,0.20451806,0.78568375,-0.39732918,0.4277884
0.75480783,-1.4415767,-14.946813,0.3522995,0.81468296,0.08960846,0.4518263
0.9493154,-0.12570524,-14.596309,0.204633,0.7856358,-0.39735508,0.42779738
0.75537115,-1.4427967,-14.946818,0.35238448,0.81458914,0.08975218,0.45190084
0.9495516,-0.12662108,-14.596775,0.20468318,0.78555745,-0.39743248,0.42784548
0.75588185,-1.4426715,-14.946825,0.35238138,0.81457937,0.089904085,0.45189077
0.949756,-0.12645514,-14.59622,0.20465314,0.7854626,-0.39765,0.42783183
0.7576906,-1.4438821,-14.94683,0.35249412,0.8144204,0.09004752,0.45206058
0.9509042,-0.12534179,-14.595718,0.2043887,0.78545463,-0.3979026,0.4277381
0.7579234,-1.443594,-14.946834,0.35255584,0.81437004,0.090104476,0.4520919
0.95097476,-0.1253029,-14.596235,0.20442681,0.7854812,-0.39793476,0.42764118
0.75960195,-1.4433244,-14.946837,0.35250175,0.8142528,0.09021811,0.45232248
0.9520242,-0.12428221,-14.59572,0.20419869,0.7853877,-0.39819482,0.4276799
0.7595668,-1.4444947,-14.946841,0.35262752,0.8141363,0.09018107,0.45244157
0.951983,-0.12341196,-14.595282,0.20405272,0.78545684,-0.39824617,0.42757478
0.7595371,-1.4441143,-14.946843,0.35247186,0.81416297,0.09003753,0.4525434
0.9510584,-0.12355495,-14.594905,0.20404512,0.7855161,-0.3982172,0.42749643
0.75951195,-1.443792,-14.946846,0.3524231,0.81414056,0.08994425,0.4526403
0.9511061,-0.12367824,-14.59458,0.20397633,0.7855205,-0.39821678,0.42752153
0.7607106,-1.4432479,-14.946851,0.35227406,0.8141229,0.08959298,0.45285767
0.95196563,-0.12314309,-14.594048,0.20374477,0.7855864,-0.3982132,0.42751417
0.7620034,-1.4430242,-14.946852,0.35231236,0.81407726,0.089422636,0.45294365
0.9527618,-0.12247169,-14.593803,0.20356965,0.78563195,-0.39819324,0.4275325
0.7616088,-1.4428444,-14.946853,0.3522151,0.8141468,0.089226425,0.45293275
0.9526669,-0.12110252,-14.593591,0.20337702,0.7857584,-0.3981598,0.42742306
0.76273656,-1.4441599,-14.946854,0.35240075,0.8140096,0.0892998,0.45302063
0.952584,-0.1214021,-14.593406,0.20334254,0.78580326,-0.39808264,0.42742875
0.7637372,-1.4437842,-14.946856,0.35233948,0.81399,0.08913138,0.45313665
0.9532924,-0.121694006,-14.5932255,0.2031654,0.7858372,-0.3980898,0.42744392
0.76461,-1.4434565,-14.9468565,0.35225216,0.81397897,0.089100264,0.4532305
0.95316046,-0.12044918,-14.593069,0.20283756,0.7859918,-0.39807478,0.4273293
0.7653605,-1.4431748,-14.946857,0.35215473,0.8140065,0.08898914,0.45327863
0.9530442,-0.12006856,-14.59293,0.20260526,0.7861031,-0.3979674,0.42733482
0.76597613,-1.444583,-14.946858,0.3523179,0.81395453,0.089050025,0.4532332
0.9529395,-0.11972615,-14.592806,0.20239276,0.7862124,-0.39793092,0.42726853
0.76490384,-1.4441353,-14.946858,0.35237378,0.81401813,0.08905955,0.4530737
0.9535922,-0.11938058,-14.59268,0.20220815,0.7862426,-0.39794564,0.4272865
0.7655298,-1.4452585,-14.946858,0.35237545,0.8140189,0.08917417,0.4530484
0.953443,-0.11979853,-14.59257,0.20214541,0.7863288,-0.3978418,0.42725432
0.7646273,-1.4447556,-14.946858,0.35242608,0.814052,0.089145556,0.45295513
0.95331186,-0.11811283,-14.591788,0.20193014,0.7864432,-0.39785492,0.42713332
0.7638953,-1.4443477,-14.946858,0.35254487,0.8140943,0.089062124,0.45280308
0.9531961,-0.119225904,-14.59175,0.20197922,0.7864611,-0.39780432,0.42712423
0.76329654,-1.4440141,-14.946858,0.35250905,0.8141636,0.08898829,0.45272082
0.9530936,-0.11897657,-14.591716,0.2019679,0.78649724,-0.39779887,0.4270681
0.7628028,-1.4437389,-14.946858,0.35255155,0.81422836,0.08895216,0.45257843
0.95300245,-0.11875493,-14.591685,0.20197229,0.7864986,-0.39782202,0.42704198
0.76239246,-1.4446552,-14.946858,0.35266015,0.8142513,0.08892466,0.45245785
0.9529212,-0.11855723,-14.591659,0.20194553,0.7865037,-0.39784217,0.4270266
0.76204914,-1.4443343,-14.946858,0.3527265,0.81426954,0.088875435,0.45238298
0.9523189,-0.11785077,-14.591634,0.20185663,0.78655195,-0.39787653,0.42694774
0.7627932,-1.4450972,-14.946858,0.35288984,0.81412065,0.08896068,0.45250663
0.9522813,-0.11822271,-14.591612,0.20186672,0.78646666,-0.39802307,0.4269635
0.763424,-1.4457442,-14.946858,0.35303834,0.8140251,0.08901215,0.4525527
0.9517696,-0.11903546,-14.591592,0.20193969,0.7863739,-0.39812547,0.42700422
0.7630295,-1.4453634,-14.946858,0.35317525,0.8139883,0.08898986,0.45251647
0.9522156,-0.11931518,-14.591574,0.20186378,0.7862192,-0.39838746,0.4270806
0.76269114,-1.4459226,-14.946858,0.3532994,0.8139381,0.089027554,0.4525025
0.952188,-0.119568355,-14.5915575,0.20179482,0.78608227,-0.39866433,0.427107
0.76324093,-1.4464049,-14.946858,0.35341185,0.8139,0.08899211,0.45249015
0.9525727,-0.11897861,-14.591133,0.20159744,0.7859293,-0.3990222,0.42714745
0.762918,-1.4460235,-14.946858,0.35346165,0.81390196,0.08893414,0.45245916
0.95253336,-0.11922074,-14.591136,0.2016344,0.7858053,-0.3991944,0.4271973
0.76263666,-1.4456913,-14.946858,0.3534983,0.81393445,0.088843055,0.45238996
0.9524975,-0.119071655,-14.590769,0.20157272,0.78572214,-0.39938182,0.42720428
0.76239055,-1.4454006,-14.946858,0.353552,0.81394094,0.088779196,0.45234886
0.9528648,-0.11891461,-14.590383,0.2014675,0.7855974,-0.39962605,0.42725483
0.7621743,-1.4451452,-14.946858,0.35362837,0.8139595,0.08870093,0.4522712
0.9532544,-0.119196676,-14.589973,0.20152307,0.78546566,-0.399774,0.42733234
0.7619835,-1.4449201,-14.946207,0.35371253,0.8139948,0.088564105,0.45216852
0.95432,-0.11838016,-14.589465,0.20138098,0.7853207,-0.40004465,0.4274125
0.76181453,-1.4447204,-14.945631,0.35377368,0.8140369,0.08842596,0.45207182
0.9547641,-0.11880392,-14.588959,0.20141576,0.78520334,-0.40011445,0.4275465
0.76166433,-1.4445431,-14.945706,0.35381094,0.8140679,0.08831481,0.4520087
0.9552194,-0.118559755,-14.588439,0.2013025,0.7851409,-0.40023738,0.42759943
0.7615304,-1.4449432,-14.945215,0.3538752,0.81409246,0.08822279,0.45193207
0.9556786,-0.1183135,-14.587914,0.2013092,0.78509974,-0.40030023,0.427613
0.76194096,-1.4453012,-14.944775,0.35393962,0.81409377,0.08815339,0.4518928
0.9560814,-0.119496696,-14.588155,0.20136873,0.7849652,-0.40039244,0.4277455
0.7618056,-1.4451185,-14.944884,0.35397905,0.81412566,0.08802503,0.45182955
0.9564798,-0.11842813,-14.587646,0.20118581,0.7849568,-0.40051213,0.42773503
0.7616837,-1.4449543,-14.944983,0.35402533,0.81416476,0.08787664,0.45175168
0.9577585,-0.118153356,-14.587107,0.20110077,0.78483707,-0.40069345,0.42782488
0.76202846,-1.4448061,-14.945071,0.35410064,0.8141743,0.08772434,0.4517051
0.9580803,-0.117891826,-14.586595,0.20100051,0.78485197,-0.4006999,0.4278385
0.7623405,-1.4446719,-14.945152,0.3541271,0.8142297,0.08755415,0.45161748
0.9575069,-0.11766651,-14.586152,0.20095266,0.7849033,-0.40064958,0.427814
0.7626577,-1.4445353,-14.945235,0.35423225,0.81427205,0.08733173,0.45150182
0.95781845,-0.11827943,-14.586578,0.20113195,0.7848369,-0.40061888,0.4278804
0.76250774,-1.4444118,-14.945309,0.35426393,0.8143898,0.087143935,0.45130065
0.9581165,-0.11717803,-14.586142,0.20100468,0.7848306,-0.4006804,0.4278941
0.7623717,-1.4442999,-14.945375,0.35432586,0.81446177,0.086970426,0.45115572
0.95837516,-0.11782801,-14.586565,0.20111145,0.78481275,-0.4006442,0.4279105
0.76185375,-1.4441981,-14.9454365,0.35434714,0.81458443,0.08680267,0.4509498
0.95861095,-0.11762177,-14.586951,0.2010882,0.78481025,-0.400634,0.4279356
0.76175654,-1.4437308,-14.945492,0.354306,0.81469554,0.08664525,0.4508117
0.95883745,-0.11574974,-14.586485,0.20084159,0.78485435,-0.4006965,0.427912
0.7616677,-1.44366,-14.945542,0.35435486,0.81476194,0.086532205,0.4506748
0.9590339,-0.11651138,-14.586876,0.2009353,0.7848023,-0.40065232,0.4280047
0.7615865,-1.4435953,-14.945589,0.35437423,0.8148295,0.086363524,0.4505698
0.9592097,-0.11641731,-14.587226,0.20104064,0.7847831,-0.40057635,0.42806163
0.76151204,-1.4435359,-14.945631,0.35447034,0.8148311,0.08629591,0.4505043
0.95938057,-0.11468612,-14.586745,0.20091876,0.7848227,-0.40054643,0.42807424
0.7614437,-1.4434813,-14.94567,0.35443318,0.8148914,0.08624396,0.45043445
0.95952904,-0.11551845,-14.587107,0.20108026,0.7847485,-0.40047908,0.42819753
0.7613808,-1.4434313,-14.945706,0.35445565,0.81488115,0.08619958,0.45044386
0.95966935,-0.11390221,-14.586648,0.2009409,0.78476244,-0.40046668,0.428249
0.7615982,-1.443385,-14.94574,0.35450956,0.8148066,0.086173125,0.45054132
0.9597945,-0.11401927,-14.587018,0.20099774,0.7847606,-0.40038615,0.42830104
0.76153725,-1.443604,-14.945508,0.35456726,0.8147757,0.086194396,0.45054767
0.9599038,-0.11486206,-14.58734,0.20111038,0.7847363,-0.40026703,0.42840406
0.7614809,-1.4435577,-14.945543,0.35448804,0.81477946,0.08616023,0.45060974
0.9600067,-0.11338865,-14.586889,0.20099945,0.7847271,-0.400305,0.42843738
0.76142883,-1.4435151,-14.945577,0.3543843,0.81475586,0.086128324,0.45074007
0.9601059,-0.11275963,-14.586454,0.20097637,0.7847533,-0.40019125,0.42850646
0.7616048,-1.4434755,-14.945607,0.3543179,0.81472176,0.086119615,0.45085555
0.96019226,-0.11446216,-14.586826,0.20112152,0.7847384,-0.40005508,0.42859274
0.7618126,-1.4434288,-14.9456415,0.35428676,0.81468475,0.08608289,0.4509539
0.96026796,-0.11452767,-14.587152,0.20111743,0.78476006,-0.39995298,0.42865026
0.7617469,-1.4433856,-14.945416,0.3542758,0.81471395,0.086050875,0.45091593
0.96033454,-0.11526247,-14.587438,0.20119007,0.78477407,-0.3998255,0.42870948
0.7619664,-1.4433379,-14.94546,0.35418707,0.8147265,0.086060725,0.4509612
0.96039337,-0.11462471,-14.587048,0.20113227,0.7848348,-0.39978093,0.42866713
0.7618911,-1.443294,-14.9455,0.3541445,0.81474745,0.08600438,0.4509674
0.96105665,-0.11528169,-14.587313,0.20117079,0.78481317,-0.39972943,0.42873654
0.7618216,-1.4432536,-14.945538,0.3540978,0.8147787,0.08601213,0.45094615
0.96106625,-0.11528562,-14.587552,0.20119266,0.7848495,-0.39966214,0.4287225
0.7617575,-1.4432162,-14.945572,0.35401893,0.81482404,0.085984,0.45093146
0.96107507,-0.11528922,-14.587772,0.20120509,0.7848788,-0.39960307,0.42871818
0.76198274,-1.4431727,-14.945611,0.35392776,0.8148659,0.08595208,0.45093346
0.9610829,-0.115841314,-14.587968,0.20124002,0.7848898,-0.3995553,0.42872614
0.76224,-1.4431227,-14.945657,0.35390514,0.814906,0.085876204,0.45089325
0.9610904,-0.11471218,-14.587604,0.20115541,0.7849088,-0.39955604,0.4287304
0.7620325,-1.4426601,-14.945744,0.35384232,0.8151294,0.08564655,0.45058224
0.9606063,-0.11527254,-14.5879755,0.20126247,0.7849461,-0.3993626,0.42879203
0.7615846,-1.4426293,-14.9457855,0.3538422,0.81528676,0.08552516,0.45032072
0.9601642,-0.115747996,-14.588134,0.20135401,0.7849967,-0.39918193,0.42882475
0.7615075,-1.4426013,-14.945823,0.35384727,0.8154297,0.08540191,0.4500812
0.96021307,-0.11528094,-14.588277,0.20133573,0.78506976,-0.3990294,0.42884144
0.7614368,-1.4425757,-14.945857,0.35385075,0.8155227,0.08534761,0.4499203
0.9602574,-0.11570967,-14.5884075,0.20139737,0.7851146,-0.39886922,0.42887953
0.76137185,-1.4425521,-14.9458885,0.35381442,0.8156683,0.08528566,0.44969675
0.9602976,-0.11528977,-14.588526,0.20139295,0.7851744,-0.3987602,0.42887348
0.76131207,-1.4425304,-14.945918,0.3538859,0.81575936,0.085200675,0.44949138
0.95994985,-0.11567634,-14.588634,0.20147954,0.78520954,-0.39864382,0.42887676
0.7609858,-1.4425102,-14.945945,0.35393783,0.815894,0.08511612,0.44922182
0.9596327,-0.115663774,-14.588731,0.20153469,0.7852557,-0.39853263,0.42886966
0.7606555,-1.4422076,-14.9459715,0.35388032,0.81604147,0.085020795,0.4490174
0.95968974,-0.11565229,-14.58882,0.2015583,0.7852906,-0.39844608,0.42887497
0.7606169,-1.442196,-14.945998,0.35394934,0.81611574,0.0849286,0.4488454
0.9594124,-0.115971304,-14.588902,0.20161979,0.7853302,-0.39832923,0.42888215
0.7602896,-1.4421847,-14.946025,0.35392696,0.8162531,0.08485707,0.4486267
0.959158,-0.11563787,-14.588978,0.20161276,0.78538704,-0.39823854,0.4288655
0.7598608,-1.4417789,-14.946058,0.35380918,0.81639737,0.08477959,0.44847178
0.9589242,-0.11592622,-14.5890465,0.20165148,0.7854357,-0.3981132,0.42887473
0.75942403,-1.4417807,-14.946094,0.35381585,0.81647843,0.08476131,0.44832233
0.95870894,-0.115626626,-14.58911,0.20163085,0.78549504,-0.39803696,0.4288463
0.75897115,-1.4417824,-14.94613,0.353876,0.81652755,0.08485207,0.44816828
0.95877886,-0.11561878,-14.589169,0.201624,0.78553367,-0.39796567,0.42884502
0.7584219,-1.4412123,-14.946174,0.35385668,0.81661934,0.08486295,0.448014
0.9585884,-0.11586651,-14.589223,0.20166342,0.78558666,-0.39783332,0.42885226
0.7577943,-1.4405609,-14.946222,0.35377234,0.8167052,0.08487163,0.44792244
0.9586546,-0.11536892,-14.589273,0.20159005,0.78566873,-0.397749,0.42881444
0.75711185,-1.4398526,-14.946277,0.353743,0.8167495,0.08485335,0.44786838
0.95848566,-0.11559847,-14.58932,0.20165168,0.78573173,-0.39758387,0.4288233
0.7564003,-1.439114,-14.946333,0.3537441,0.81679523,0.08487667,0.44777977
0.9583291,-0.11559272,-14.589363,0.20167193,0.78581274,-0.39742768,0.4288101
0.75473064,-1.4393916,-14.946387,0.35384035,0.8168305,0.084882386,0.44763824
0.95818377,-0.11579506,-14.589403,0.20175609,0.78588533,-0.39724725,0.4288046
0.7542172,-1.4396417,-14.946436,0.3538986,0.81686044,0.08487421,0.44753906
0.9580486,-0.11598313,-14.58944,0.20183074,0.78597385,-0.39706624,0.42877498
0.7537539,-1.4398674,-14.946481,0.35393816,0.8168527,0.084887125,0.44751954
0.9581119,-0.11577814,-14.589476,0.20177998,0.7860237,-0.39699852,0.42877012
0.7533027,-1.439005,-14.946523,0.353912,0.81691366,0.084832296,0.44743937
0.95798165,-0.11596172,-14.589511,0.201875,0.78605586,-0.3968484,0.42880544
0.7529061,-1.4393189,-14.946561,0.3539499,0.81693983,0.08476815,0.44737372
0.95785403,-0.11594941,-14.589545,0.20189032,0.78607434,-0.39676085,0.42884535
0.752556,-1.4395959,-14.946593,0.35404766,0.8169386,0.08454613,0.44734076
0.9579212,-0.11632182,-14.589578,0.20197815,0.7860204,-0.3966849,0.42897314
0.75224596,-1.4398413,-14.946623,0.35419118,0.81689036,0.0844357,0.4473358
0.9577948,-0.11611005,-14.589611,0.20200123,0.78599805,-0.39668116,0.42900673
0.7519526,-1.4389452,-14.946651,0.35419536,0.81688935,0.08426048,0.44736755
0.9576709,-0.11590252,-14.589643,0.2020157,0.78591067,-0.3967405,0.42910504
0.7516985,-1.4392762,-14.946675,0.35436878,0.81683296,0.084131554,0.44735748
0.9577418,-0.11627586,-14.589867,0.20214799,0.78574675,-0.3967466,0.42933714
0.7514615,-1.4384181,-14.946698,0.35438746,0.81684345,0.08399507,0.44734922
0.95761895,-0.11606501,-14.589893,0.20215414,0.78568906,-0.39676887,0.42941922
0.75125986,-1.438818,-14.946716,0.35447255,0.8168655,0.0839443,0.44725093
0.9574986,-0.11624286,-14.590112,0.2022515,0.78554755,-0.39678782,0.42961484
0.7521641,-1.4391532,-14.946733,0.35454425,0.81682575,0.083870456,0.44728056
0.9575729,-0.116032675,-14.590135,0.20221964,0.7854306,-0.39691427,0.4297269
0.7519076,-1.4384162,-14.946747,0.35455158,0.81683964,0.08376328,0.44726947
0.9576457,-0.116211176,-14.590156,0.20234439,0.78525794,-0.39701852,0.4298873
0.7516885,-1.4387612,-14.946759,0.3547401,0.8168548,0.0835819,0.4471263
0.95771706,-0.11619386,-14.590177,0.20240872,0.7851034,-0.39716628,0.43000278
0.75149643,-1.4390635,-14.94677,0.35484168,0.8168971,0.08349365,0.44698483
0.957787,-0.116369136,-14.590198,0.20252773,0.78491694,-0.39728728,0.43017524
0.75131327,-1.4383459,-14.946779,0.35494462,0.816953,0.08327453,0.44684178
0.95785546,-0.11634866,-14.590218,0.20260856,0.78472954,-0.3974305,0.4303468
0.7509946,-1.43911,-14.946795,0.355189,0.81693447,0.08324257,0.4466874
0.95818067,-0.116689585,-14.590448,0.20290397,0.7843586,-0.39766574,0.43066636
0.75087047,-1.4384236,-14.946802,0.35514796,0.8169845,0.0830629,0.44666198
0.95824134,-0.11685495,-14.590464,0.2030271,0.78420293,-0.39776745,0.430798
0.7507643,-1.4387444,-14.946808,0.35518208,0.8170071,0.083089754,0.4465885
0.9580955,-0.117244005,-14.590692,0.20321028,0.7840569,-0.39783573,0.4309144
0.7496408,-1.4380535,-14.946815,0.35503468,0.817127,0.08307807,0.44648832
0.95816255,-0.117203124,-14.590703,0.20329241,0.783919,-0.39798036,0.43099296
0.748592,-1.4384689,-14.946818,0.3550733,0.8171503,0.08309268,0.44641227
0.9582552,-0.117730394,-14.591011,0.20347854,0.7837576,-0.39805418,0.4311304
0.74871975,-1.4377756,-14.946823,0.35503167,0.81714344,0.08305692,0.4464647
0.9583423,-0.11766016,-14.591017,0.20352569,0.78367925,-0.3981823,0.43113232
0.7488277,-1.438201,-14.946827,0.35514918,0.81707805,0.083119944,0.4464792
0.9584547,-0.11832245,-14.5914,0.20363688,0.78356546,-0.3982474,0.43122655
0.7489195,-1.4385625,-14.946831,0.35517198,0.8170962,0.08317452,0.44641778
0.95891505,-0.11785404,-14.591393,0.20357656,0.78345954,-0.39841723,0.4312905
0.7489979,-1.4388717,-14.946833,0.35521835,0.81708825,0.0831868,0.44639316
0.95933604,-0.11776537,-14.591388,0.20362478,0.78335047,-0.3985466,0.43134642
0.7490654,-1.4391375,-14.9468355,0.35527885,0.8170257,0.083271444,0.44644347
0.95939904,-0.1176841,-14.591381,0.20369443,0.7833526,-0.3985994,0.4312608
0.7482426,-1.4393846,-14.946837,0.355318,0.8170399,0.08333517,0.44637445
0.9594702,-0.11796966,-14.591752,0.20380686,0.78332764,-0.3986095,0.43124375
0.74837416,-1.4395977,-14.94684,0.3553603,0.81700075,0.0834335,0.4463941
0.9595496,-0.11828773,-14.592165,0.2038723,0.78330576,-0.39863977,0.4312245
0.7476011,-1.4398061,-14.946842,0.35545552,0.8170084,0.08350339,0.4462913
0.9596297,-0.11814595,-14.592583,0.20390594,0.78333217,-0.39862353,0.43117568
0.7468488,-1.4400089,-14.946845,0.3554999,0.8170195,0.083515376,0.44623336
0.9597204,-0.11908635,-14.593055,0.20410742,0.7832975,-0.3985601,0.43120202
0.7461033,-1.4391427,-14.946847,0.35534286,0.81708694,0.08353629,0.44623104
0.96033865,-0.11887807,-14.592953,0.20413908,0.7832622,-0.39859384,0.4312199
0.74648756,-1.4384111,-14.946848,0.35526815,0.81707674,0.08347885,0.4463199
0.9598334,-0.11922961,-14.593408,0.20427346,0.7832834,-0.39850378,0.43120092
0.74579555,-1.4387823,-14.946849,0.355242,0.81708944,0.083531186,0.4463076
0.95991546,-0.11899853,-14.593849,0.20431669,0.7833104,-0.398441,0.43118942
0.7462043,-1.4390967,-14.946851,0.35528907,0.8170475,0.08351547,0.44635
0.9599951,-0.11877435,-14.594277,0.20430596,0.7833675,-0.39833024,0.4311931
0.7455556,-1.4383605,-14.946852,0.35527697,0.8170959,0.08346472,0.44628054
0.9600797,-0.119872145,-14.594732,0.20444076,0.783377,-0.3981735,0.43125683
0.74598104,-1.4387115,-14.946853,0.35536605,0.8170432,0.08342896,0.44631276
0.9601545,-0.11893863,-14.595135,0.2043545,0.78343946,-0.39808798,0.43126306
0.74634415,-1.4390113,-14.946854,0.35536072,0.8170356,0.08341518,0.44633347
0.9595665,-0.1200132,-14.595526,0.20440046,0.78349733,-0.39791307,0.4312975
0.745763,-1.4383745,-14.946856,0.35526353,0.81709933,0.08339349,0.44629833
0.95904624,-0.11908061,-14.595872,0.20432884,0.7835793,-0.39779225,0.4312942
0.74518573,-1.4377421,-14.9468565,0.35524035,0.8171316,0.08334947,0.44626567
0.95919347,-0.12013338,-14.596209,0.20442593,0.78360766,-0.3975802,0.43139204
0.7446601,-1.4381664,-14.9468565,0.35526592,0.8170959,0.08338891,0.4463034
0.9593311,-0.119807124,-14.596523,0.20437708,0.7836692,-0.3974318,0.43144023
0.7451628,-1.4375774,-14.9468565,0.35519648,0.81709945,0.08334021,0.44636118
0.9581719,-0.1201514,-14.59681,0.20439883,0.78379476,-0.39717016,0.43144283
0.7446747,-1.4379891,-14.9468565,0.35525876,0.81707984,0.08335517,0.44634476
0.95837456,-0.11983104,-14.597078,0.20433459,0.7838607,-0.39702988,0.43148258
0.74514234,-1.4374559,-14.9468565,0.3552426,0.817076,0.083344996,0.44636658
0.95793253,-0.119538315,-14.597322,0.20430583,0.7839375,-0.39686808,0.43150535
0.74554557,-1.4386802,-14.9468565,0.35533226,0.8169958,0.08337957,0.44643563
0.957504,-0.11990511,-14.597559,0.20424153,0.784008,-0.3967191,0.4315446
0.74589515,-1.4389414,-14.9468565,0.35538992,0.81697655,0.08334284,0.44643182
0.95711076,-0.119601406,-14.597776,0.20417804,0.78407085,-0.3965939,0.43157566
0.74619955,-1.4391688,-14.9468565,0.35541096,0.816963,0.083319075,0.4464443
0.95672923,-0.11997229,-14.597987,0.20417751,0.7840993,-0.3964812,0.43162793
0.7464659,-1.438646,-14.9468565,0.35535923,0.81697625,0.083330564,0.44645905
0.9563919,-0.11903565,-14.598174,0.20404263,0.78414994,-0.3964577,0.43162125
0.7466999,-1.4388725,-14.9468565,0.3554321,0.8169317,0.08330654,0.44648698
0.95606875,-0.12008316,-14.598352,0.20403558,0.7841538,-0.39638904,0.4316805
0.7469064,-1.4390721,-14.9468565,0.35539994,0.8169196,0.08326503,0.44654253
0.95640653,-0.11977207,-14.598515,0.20390403,0.7841542,-0.39641407,0.43171898
0.7470892,-1.439249,-14.9468565,0.355403,0.8168947,0.0833049,0.44657826
0.9560709,-0.12080555,-14.598676,0.20393808,0.7841336,-0.3963691,0.4317815
0.74725175,-1.4394063,-14.9468565,0.3554251,0.81685454,0.08330304,0.44663444
0.95577437,-0.11980554,-14.598818,0.20382094,0.78415036,-0.39638847,0.43178874
0.7468381,-1.4395465,-14.9468565,0.35541296,0.8168629,0.08329835,0.4466297
0.956132,-0.12077638,-14.598949,0.20383054,0.78409946,-0.39635807,0.43190446
0.7469986,-1.439672,-14.9468565,0.35541153,0.8168443,0.08328855,0.44666675
0.9564845,-0.1217333,-14.59908,0.20385145,0.78400725,-0.39636216,0.4320582
0.7471427,-1.4392806,-14.9468565,0.35533813,0.8168473,0.083269015,0.44672328
0.9568185,-0.1219611,-14.599203,0.20383778,0.78396374,-0.39637285,0.43213373
0.74727243,-1.439407,-14.9468565,0.35532215,0.8168369,0.0832469,0.44675905
0.95713484,-0.12217679,-14.599319,0.20383002,0.7838828,-0.39643016,0.43223175
0.74738955,-1.4390662,-14.9468565,0.3552859,0.81682813,0.08321273,0.44681025
0.9567564,-0.121709675,-14.599422,0.20383088,0.78382146,-0.3965161,0.4322637
0.7470633,-1.4391899,-14.9468565,0.35527778,0.8168224,0.083177544,0.44683373
0.95707625,-0.12263257,-14.599524,0.20389172,0.7837061,-0.39655873,0.43240497
0.7471779,-1.4388916,-14.9468565,0.35526758,0.816802,0.083137766,0.4468865
0.95735824,-0.12148045,-14.599612,0.20379397,0.78361475,-0.39670783,0.43247986
0.7472821,-1.4390104,-14.9468565,0.35528794,0.8167646,0.0830984,0.44694605
0.95761836,-0.12301213,-14.599694,0.20390621,0.7834693,-0.39672652,0.43267334
0.74737704,-1.4387482,-14.9468565,0.35528684,0.81675345,0.08303833,0.44697845
0.95846486,-0.12252073,-14.599767,0.20380819,0.78333056,-0.3968835,0.43282685
0.7474638,-1.4388607,-14.9468565,0.35533535,0.81670684,0.082989104,0.44703418
0.95799685,-0.12399774,-14.599839,0.20394777,0.78320986,-0.39686462,0.43299675
0.7472088,-1.4386293,-14.9468565,0.35532343,0.8167237,0.082916684,0.4470264
0.95820516,-0.12343726,-14.599902,0.20395453,0.7831049,-0.39693838,0.43311578
0.74729264,-1.4387347,-14.9468565,0.35534066,0.81669986,0.08282201,0.4470738
0.95840615,-0.12418131,-14.599964,0.20403726,0.78298086,-0.39693865,0.4333008
0.7473697,-1.4388314,-14.9468565,0.35535732,0.8166733,0.08272685,0.44712672
0.9585955,-0.12423368,-14.600021,0.20408382,0.7829448,-0.3969033,0.43337637
0.7477274,-1.4386339,-14.9468565,0.35530967,0.81665426,0.08261864,0.44721934
0.95877373,-0.12428296,-14.600077,0.20406824,0.78290313,-0.3968726,0.43348703
0.74778455,-1.4387243,-14.9468565,0.35530162,0.81666005,0.082587436,0.44722092
0.9589501,-0.12502669,-14.600131,0.20415126,0.782826,-0.39679867,0.43365502
0.74757856,-1.4385489,-14.9468565,0.35533214,0.81673944,0.082550004,0.44705853
0.9584453,-0.12370156,-14.600179,0.2040283,0.78305364,-0.39667416,0.43341568
0.7476854,-1.4387164,-14.9468565,0.35540807,0.8168119,0.08263398,0.44685018
0.95760214,-0.12326047,-14.600259,0.20394766,0.7833987,-0.39637518,0.4331035
0.74773294,-1.4385662,-14.9468565,0.35540083,0.81686425,0.08263851,0.44675937
0.95724875,-0.123926446,-14.600291,0.20401907,0.78349006,-0.39621553,0.43305066
0.7477771,-1.4386375,-14.9468565,0.3554403,0.81688493,0.08264846,0.44668838
0.9569328,-0.123446405,-14.600321,0.20397848,0.78361994,-0.39610696,0.43293414
0.7476179,-1.4385035,-14.9468565,0.355382,0.8169491,0.082654156,0.44661626
0.9566494,-0.12352672,-14.6003475,0.2039646,0.78371805,-0.39602923,0.43283412
0.7476604,-1.4385699,-14.9468565,0.35536957,0.8169698,0.08265354,0.44658843
0.95638365,-0.124107994,-14.600372,0.20401591,0.7838045,-0.39591524,0.43275753
0.7477021,-1.4384426,-14.9468565,0.35531276,0.8170268,0.08262304,0.44653496
0.9561445,-0.12366983,-14.600395,0.2039423,0.78391045,-0.3958779,0.43263453
0.747743,-1.4383179,-14.9468565,0.3552526,0.817072,0.08261638,0.44650155
0.9559244,-0.12373223,-14.600416,0.20394114,0.7839626,-0.39583656,0.4325785
0.74759084,-1.4383879,-14.9468565,0.3552486,0.8171112,0.08260079,0.4464359
0.9557254,-0.12290381,-14.600435,0.20378962,0.7840186,-0.39588752,0.43250188
0.74763393,-1.4384565,-14.9468565,0.35523215,0.8171478,0.0825863,0.44638455
0.95554507,-0.1234139,-14.600452,0.20379125,0.7840321,-0.39588496,0.4324789
0.74747974,-1.438328,-14.9468565,0.35517058,0.81721294,0.08256961,0.44631734
0.9553812,-0.123078756,-14.600468,0.20372906,0.7840724,-0.39590287,0.4324187
0.7475317,-1.4381876,-14.9468565,0.35509902,0.81728727,0.08247979,0.4462549
0.95521724,-0.12357714,-14.600483,0.20372504,0.7840718,-0.39586365,0.43245766
0.7475889,-1.4380335,-14.9468565,0.35509825,0.8173131,0.082435474,0.44621643
0.95506823,-0.12284192,-14.600497,0.20363553,0.78409183,-0.39591032,0.43242082
0.74764174,-1.4381262,-14.9468565,0.35507774,0.8173462,0.0823621,0.44618553
0.95530874,-0.12292474,-14.60051,0.20361014,0.78408605,-0.39591208,0.43244165
0.7477083,-1.4376346,-14.9468565,0.35500553,0.81740206,0.08223227,0.44616473
0.9555283,-0.12300033,-14.600522,0.20359242,0.78407776,-0.39594138,0.43243814
0.7477804,-1.4374425,-14.9468565,0.35497636,0.81742233,0.08211548,0.4461723
0.9557291,-0.12306948,-14.600533,0.20360146,0.7840616,-0.39596707,0.43243957
0.74746317,-1.4372253,-14.9468565,0.3548882,0.8174762,0.0819965,0.4461656
0.95558965,-0.123133264,-14.600541,0.20357992,0.78406715,-0.39600703,0.43240306
0.7471107,-1.4369841,-14.9468565,0.3548466,0.81750935,0.081902325,0.44615522
0.95546156,-0.12257483,-14.600551,0.20353463,0.784072,-0.3960584,0.4323687
0.7472311,-1.437205,-14.9468565,0.35489017,0.8174825,0.08192339,0.44616595
0.9553434,-0.12294194,-14.600559,0.20356141,0.78407216,-0.39609239,0.43232465
0.746898,-1.4369705,-14.9468565,0.35485962,0.8175003,0.08196361,0.44615024
0.95523465,-0.122441605,-14.600287,0.20350699,0.7840885,-0.39616257,0.43225625
0.747025,-1.4371866,-14.9468565,0.3548669,0.817512,0.08191274,0.44613233
0.9551342,-0.1227766,-14.600303,0.20353422,0.78407824,-0.39620763,0.43222067
0.7471403,-1.4369757,-14.9468565,0.35477704,0.81754756,0.08200341,0.44612202
0.9550415,-0.12232938,-14.600064,0.20349151,0.7840928,-0.39633545,0.4320973
0.7468583,-1.4371706,-14.9468565,0.3547231,0.81760126,0.08206417,0.44605517
0.95519537,-0.12215529,-14.600082,0.20347963,0.784084,-0.39646432,0.43200043
0.74655485,-1.4369467,-14.9468565,0.35468274,0.8176444,0.082130186,0.44599602
0.95511025,-0.12176639,-14.599873,0.20344695,0.7840919,-0.3965973,0.43187955
0.7462193,-1.436699,-14.9468565,0.3546121,0.8177014,0.082208835,0.44593316
0.9550313,-0.121838175,-14.599894,0.20345259,0.7840933,-0.3967259,0.43175614
0.74640644,-1.4364606,-14.9468565,0.3545739,0.817714,0.082296744,0.44592425
0.9551634,-0.12149397,-14.599709,0.2034122,0.7840865,-0.3968745,0.431651
0.74657476,-1.4367309,-14.9468565,0.35456648,0.8177194,0.08241628,0.44589815
0.95528626,-0.12117397,-14.599536,0.20336993,0.78407574,-0.39704013,0.43153805
0.74625117,-1.4365036,-14.9468565,0.3545167,0.81776273,0.082516685,0.4458397
0.95540476,-0.12124964,-14.599562,0.2033614,0.7840443,-0.39724052,0.4314148
0.7459018,-1.4362583,-14.9468565,0.35449323,0.8178039,0.082568996,0.4457732
0.9555209,-0.120747074,-14.599395,0.20324956,0.78403264,-0.39754438,0.4312087
0.7455889,-1.4365599,-14.9468565,0.35452902,0.8178035,0.0826381,0.44573277
0.9556347,-0.12083129,-14.599423,0.20326617,0.783998,-0.3978398,0.4309913
0.74525976,-1.4362973,-14.9468565,0.35453364,0.8178302,0.08268984,0.44567043
0.95555407,-0.12033709,-14.599259,0.20319918,0.7839889,-0.39819783,0.4307087
0.744314,-1.4366516,-14.9468565,0.35459745,0.8178614,0.08271362,0.44555798
0.95547503,-0.12062175,-14.599291,0.20332874,0.78392386,-0.39841637,0.43056384
0.744019,-1.436338,-14.9468565,0.3546079,0.8178837,0.08268335,0.44551444
0.9555898,-0.12032398,-14.599129,0.20335321,0.78385913,-0.39868808,0.4304187
0.74299353,-1.4367543,-14.9468565,0.35473555,0.8178674,0.082656935,0.44544744
0.95570225,-0.120416656,-14.599163,0.20343286,0.78374183,-0.39891312,0.43038616
0.74196154,-1.4371735,-14.9468565,0.35482165,0.8178762,0.08260881,0.44537163
0.95581245,-0.119930744,-14.599004,0.20335326,0.783674,-0.399185,0.43029514
0.7425735,-1.4375386,-14.9468565,0.35490754,0.81783986,0.08256501,0.44537807
0.9559205,-0.11983904,-14.59904,0.2034167,0.7835641,-0.39936775,0.43029577
0.7416129,-1.4371138,-14.9468565,0.354904,0.81789,0.08244871,0.44531038
0.95630705,-0.1194732,-14.598837,0.20331064,0.783408,-0.3996464,0.43037143
0.7414903,-1.436707,-14.9468565,0.3549327,0.81788605,0.08236599,0.44531
0.95644426,-0.11935775,-14.598623,0.20334823,0.78326046,-0.39983645,0.43044567
0.7413736,-1.4363201,-14.9468565,0.3549586,0.81789243,0.08223556,0.44530186
0.95630336,-0.11924105,-14.598408,0.20337963,0.7831717,-0.39994952,0.43048707
0.7420577,-1.435984,-14.9468565,0.35498932,0.8178716,0.08210786,0.44533923
0.95645815,-0.11911821,-14.598181,0.20341554,0.78305405,-0.40002707,0.4306122
0.74265444,-1.4356908,-14.9468565,0.3549763,0.8178549,0.08205487,0.44539005
0.9566209,-0.118989095,-14.597942,0.20344967,0.78293335,-0.40013027,0.43071964
0.74317735,-1.435434,-14.9468565,0.35502797,0.8178028,0.0819907,0.4454564
0.95716226,-0.118850216,-14.597686,0.2034683,0.7827734,-0.40027204,0.43086994
0.7429642,-1.435208,-14.9468565,0.3550636,0.8177872,0.08197014,0.44546044
0.95807904,-0.11909079,-14.597431,0.20352988,0.782486,-0.40053946,0.4311141
0.7434156,-1.4350083,-14.9468565,0.35508963,0.8178013,0.08196412,0.44541466
0.9587578,-0.11786765,-14.5971,0.20341021,0.78238153,-0.40090993,0.43101585
0.7425372,-1.4348174,-14.9468565,0.35510713,0.81785876,0.08201933,0.44528523
0.9593721,-0.118228585,-14.59729,0.20354162,0.78216964,-0.4012049,0.43106395
0.74238163,-1.4352707,-14.9468565,0.35519457,0.81788594,0.08210001,0.44515064
0.9600669,-0.11747055,-14.596922,0.20337886,0.78207666,-0.40153426,0.43100277
0.7422345,-1.4350702,-14.9468565,0.35522783,0.81791735,0.08219557,0.44504872
0.9608231,-0.11664551,-14.59652,0.20326097,0.7819913,-0.4018091,0.43095708
0.74210393,-1.4354898,-14.9468565,0.35528293,0.81792307,0.08229538,0.44497588
0.9608501,-0.11655538,-14.596819,0.20336151,0.78197443,-0.40193093,0.4308267
0.7419794,-1.4352822,-14.9468565,0.35531005,0.81795114,0.08237948,0.44488695
0.96167845,-0.11485865,-14.596353,0.20329323,0.78193957,-0.40224844,0.4306258
0.7418566,-1.4350777,-14.9468565,0.355327,0.81798196,0.08241427,0.44481036
0.96164167,-0.11565529,-14.596706,0.20348454,0.78188866,-0.40235466,0.43052867
0.7417365,-1.4348774,-14.9468565,0.3553321,0.8180392,0.082439646,0.44469622
0.96160847,-0.11488656,-14.59628,0.20344153,0.78190005,-0.40254718,0.4303483
0.7416303,-1.4353373,-14.9468565,0.3553686,0.8180668,0.08246683,0.44461137
0.9615793,-0.11562783,-14.595907,0.20358276,0.78187054,-0.40261364,0.43027294
0.7408831,-1.4357734,-14.9468565,0.35534284,0.81816345,0.08255301,0.44443783
0.9608816,-0.115608096,-14.595578,0.20363982,0.78193957,-0.40271512,0.43002555
0.74083126,-1.4355264,-14.9468565,0.35531366,0.8182607,0.082557894,0.4442812
0.96160656,-0.11488813,-14.595261,0.2034983,0.7819076,-0.4029228,0.42995617
0.7400683,-1.4359921,-14.9468565,0.35534146,0.8183323,0.08262682,0.44411427
0.96157795,-0.11492139,-14.594966,0.20357074,0.78186476,-0.403121,0.42981395
0.7400732,-1.4357095,-14.9468565,0.35530367,0.81842244,0.082682304,0.44396806
0.9623665,-0.11331827,-14.5946455,0.20339838,0.78186566,-0.40347788,0.42955884
0.7400778,-1.4354452,-14.9468565,0.35522637,0.81854546,0.08269226,0.44380128
0.9631495,-0.11261619,-14.594328,0.20344734,0.78180766,-0.40371066,0.42942256
0.7393141,-1.4359546,-14.9468565,0.35524166,0.81864774,0.08280081,0.44358024
0.96386534,-0.112870745,-14.594037,0.20355497,0.78173286,-0.40392846,0.42930284
0.73851705,-1.4356148,-14.9468565,0.35515496,0.8187964,0.08285003,0.443366
0.9645613,-0.11215709,-14.593754,0.20348674,0.7817422,-0.40418413,0.4290775
0.73776066,-1.4362018,-14.9468565,0.3551209,0.81894153,0.08295771,0.44310498
0.96518755,-0.112475894,-14.593499,0.20361263,0.7817199,-0.40439853,0.42885628
0.73700833,-1.4357866,-14.9468565,0.35490972,0.819146,0.08314862,0.44286048
0.9647706,-0.11076053,-14.59326,0.20346399,0.78173774,-0.40485033,0.428468
0.73731697,-1.4363822,-14.9468565,0.35484138,0.819183,0.08336127,0.44280672
0.9643958,-0.11023091,-14.593044,0.20344065,0.7817089,-0.4052237,0.4281787
0.73663014,-1.4359603,-14.9468565,0.35459158,0.8193911,0.08360337,0.44257605
0.9640436,-0.10866955,-14.592841,0.20327674,0.7816239,-0.40584284,0.42782497
0.73599505,-1.4365695,-14.9468565,0.35450757,0.8194844,0.08397643,0.44239998
0.9648587,-0.107161276,-14.592645,0.20305158,0.7814847,-0.40649572,0.4275663
0.73540854,-1.4371321,-14.9468565,0.35445693,0.8195833,0.08422112,0.4422108
0.965627,-0.10573962,-14.592461,0.20281017,0.78128606,-0.4072657,0.4273112
0.73486876,-1.4376498,-14.9468565,0.35441926,0.81961536,0.08484863,0.4420616
0.9650752,-0.10573885,-14.592305,0.20291622,0.7807902,-0.4089049,0.42660102
0.73437434,-1.438124,-14.9468565,0.35437074,0.81959873,0.08548761,0.44200823
0.9645601,-0.10317427,-14.592159,0.20294312,0.78033996,-0.41075227,0.42563632
0.7339211,-1.4374279,-14.9468565,0.35432538,0.8195981,0.085971564,0.4419519
0.9640232,-0.095874645,-14.590466,0.20212404,0.7801435,-0.41253865,0.42465755
0.7335153,-1.437952,-14.9468565,0.35436875,0.8195535,0.08651584,0.4418936
0.96206254,-0.09439651,-14.590584,0.20231971,0.7798275,-0.41373608,0.42397922
0.7331526,-1.4384207,-14.9468565,0.35434568,0.8195218,0.08687503,0.44190037
0.96190786,-0.087712064,-14.588948,0.20150897,0.77982175,-0.41490015,0.42323765
0.7314909,-1.438882,-14.946857,0.35430628,0.81950444,0.087209485,0.4418983
0.9599292,-0.08379072,-14.587538,0.20123036,0.7798437,-0.4156926,0.42255163
0.73135984,-1.4392791,-14.946857,0.3542149,0.81942225,0.08755243,0.4420561
0.95820665,-0.07838866,-14.586309,0.20089036,0.7798735,-0.4164814,0.4218811
0.7312468,-1.4396217,-14.946857,0.35414168,0.8193433,0.087600335,0.44225156
0.956578,-0.0638022,-14.580409,0.20212746,0.7793223,-0.41819832,0.4206084
0.73238564,-1.4399034,-14.945626,0.3540664,0.8192361,0.08774184,0.44248226
0.95530134,-0.059764422,-14.575784,0.20366059,0.7789288,-0.41887763,0.41992116
0.7333288,-1.4401366,-14.945777,0.35399857,0.81915724,0.08780737,0.4426695
0.95422965,-0.045240022,-14.569117,0.20410848,0.778684,-0.4197782,0.41925806
0.73411584,-1.4403311,-14.94479,0.35398683,0.8190308,0.08790848,0.4428927
0.9534399,-0.040311925,-14.564204,0.20516504,0.77820444,-0.42032558,0.41908437
0.735833,-1.4404947,-14.943962,0.3539823,0.81888807,0.08798656,0.44314486
0.95285255,-0.030507462,-14.56055,0.20586976,0.7778551,-0.42098767,0.41872245
0.737285,-1.4406329,-14.943261,0.3539686,0.8187662,0.088027336,0.44337294
0.9524309,-0.020230224,-14.557926,0.20628473,0.77746415,-0.4217465,0.4184806
0.73756754,-1.4417037,-14.942665,0.35401556,0.8186594,0.08811761,0.4435144
0.9521459,-0.016584054,-14.556153,0.20744076,0.77678263,-0.42222935,0.41868788
0.73871464,-1.4417145,-14.942155,0.35402614,0.81852955,0.08817614,0.44373402
0.95545053,-0.003533149,-14.5514145,0.20738578,0.77639663,-0.42277053,0.418885
0.7397018,-1.4417238,-14.941716,0.35408697,0.8183851,0.08820586,0.443946
0.95405126,-0.0022489924,-14.551905,0.20824593,0.77600205,-0.4229534,0.41900474
0.7405557,-1.4425491,-14.941336,0.35419458,0.8182261,0.08829644,0.4441352
0.95677876,0.009589807,-14.548571,0.2085355,0.7756968,-0.42324066,0.4191359
0.7412979,-1.4424902,-14.941006,0.35426253,0.818098,0.08833516,0.4443093
0.9585343,0.02101507,-14.546425,0.208167,0.7756399,-0.42306334,0.4196031
0.74194604,-1.4431762,-14.940718,0.3543865,0.8179516,0.08833358,0.44448003
0.9595905,0.024099201,-14.548924,0.20846017,0.7753646,-0.42280698,0.42022443
0.74251455,-1.4444784,-14.940465,0.35455787,0.8177845,0.08852801,0.44461223
0.9645369,0.07273824,-14.550615,0.20915963,0.774326,-0.42310137,0.42149365
0.7423497,-1.4449599,-14.940243,0.35470822,0.81765723,0.0886641,0.4446993
0.96754545,0.120717205,-14.551643,0.2092432,0.77368337,-0.42344698,0.42228442
0.74220395,-1.4460177,-14.940045,0.3548948,0.81749934,0.088851094,0.44480336
0.9740812,0.16185181,-14.552212,0.20994894,0.77293766,-0.423522,0.42322335
0.7426753,-1.4463562,-14.939871,0.3550508,0.81734926,0.089012094,0.44492248
0.9723498,0.20356517,-14.552505,0.21036237,0.7725236,-0.4235217,0.42377403
0.74252325,-1.4472345,-14.9397135,0.3552353,0.81718266,0.08920554,0.44504246
0.9767653,0.22887087,-14.552647,0.2110661,0.77199644,-0.42354852,0.42435756
0.74235475,-1.4482086,-14.93954,0.35544276,0.81700647,0.089393504,0.44516253
0.9842094,0.2568232,-14.552712,0.21158648,0.77157664,-0.4235667,0.42484337
0.74294865,-1.4492399,-14.939355,0.35560632,0.8168264,0.089520976,0.4453367
0.987582,0.29169223,-14.552742,0.21180432,0.77137303,-0.4234798,0.42519122
0.7426945,-1.4503056,-14.939165,0.35579917,0.8166471,0.0896867,0.44547823
0.9890305,0.3123103,-14.552754,0.21227376,0.77111256,-0.42330754,0.4256009
0.74431586,-1.4513503,-14.938978,0.3559384,0.81642175,0.08983867,0.44574937
0.9954718,0.35604104,-14.55276,0.2124345,0.77095544,-0.4232983,0.4258145
0.74387705,-1.4523677,-14.938797,0.35607454,0.81627226,0.08994679,0.44589254
0.9921288,0.38542876,-14.552763,0.21264398,0.7709056,-0.42305294,0.4260439
0.74448025,-1.4522715,-14.938637,0.35616556,0.81610405,0.09003207,0.44611052
0.9968396,0.40888372,-14.552764,0.21313323,0.77079,-0.42274812,0.4263111
0.74501306,-1.4521865,-14.938497,0.3562228,0.81596494,0.09006126,0.4463133
0.99865246,0.45496112,-14.546589,0.21318157,0.7708298,-0.42250443,0.42645642
0.74553096,-1.4531556,-14.93836,0.35640505,0.81577986,0.09011016,0.44649628
0.999309,0.48415944,-14.550608,0.21341479,0.77082473,-0.42213228,0.42671734
0.74603975,-1.4541079,-14.937066,0.35657582,0.8156048,0.09023292,0.44665498
0.99954146,0.5135163,-14.55203,0.2136781,0.7708781,-0.42172444,0.42689243
0.74648386,-1.4537871,-14.935936,0.35663557,0.81547654,0.09021653,0.44684467
1.0061272,0.5693014,-14.5460205,0.21369393,0.7709859,-0.42141485,0.42699558
0.7469089,-1.4547327,-14.9348545,0.35677657,0.8153065,0.090295084,0.44702646
1.0017117,0.60062957,-14.550626,0.21394351,0.77103484,-0.4211422,0.42705122
0.7487608,-1.4571012,-14.933781,0.35689923,0.81508946,0.090483785,0.44728598
1.000293,0.6372982,-14.552106,0.21417952,0.77107763,-0.4208308,0.4271626
0.7503366,-1.4576875,-14.934298,0.35692686,0.8149347,0.090541616,0.4475343
0.9998499,0.675729,-14.545823,0.2143831,0.7711263,-0.42060134,0.4271987
0.75024605,-1.4582022,-14.933275,0.35697538,0.8148541,0.090550765,0.4476405
0.9997168,0.7008475,-14.550725,0.21475974,0.7711523,-0.42031243,0.42724684
0.7501707,-1.4586304,-14.933873,0.35702014,0.81480193,0.090473704,0.4477153
0.99967706,0.7497303,-14.54529,0.21499242,0.7711828,-0.42013416,0.42725027
0.75169486,-1.4606253,-14.932838,0.35719955,0.8146388,0.090513654,0.44786087
0.99966574,0.79157174,-14.550711,0.21525761,0.77116066,-0.41997376,0.42731425
0.7529315,-1.4606928,-14.933551,0.3572198,0.8145659,0.09058064,0.44796383
0.99257237,0.85998225,-14.552225,0.21560036,0.77121073,-0.41968483,0.42733508
0.75398785,-1.4607505,-14.932578,0.35750404,0.8144396,0.09049356,0.44798434
0.9906971,0.8994997,-14.55977,0.21598315,0.7712267,-0.41941482,0.42737803
0.75484663,-1.4607973,-14.933326,0.35795465,0.81426114,0.0902266,0.44800267
0.9828805,1.0124242,-14.554433,0.2162932,0.7712803,-0.4190781,0.42745453
0.7556236,-1.4624952,-14.932346,0.3584502,0.81407166,0.09004993,0.4479864
0.98838943,1.061709,-14.560536,0.21668366,0.7712856,-0.41874775,0.4275711
0.75459254,-1.4639266,-14.9315195,0.3588294,0.81397444,0.089962944,0.44787705
0.9822281,1.1104511,-14.561962,0.2170788,0.771323,-0.41838345,0.4276598
0.7553867,-1.4634461,-14.932475,0.35912484,0.81389356,0.08979483,0.4478209
0.9883482,1.1666665,-14.554765,0.21732225,0.77136475,-0.418063,0.42777428
0.7560779,-1.4647008,-14.931632,0.35945678,0.8137978,0.08968465,0.44775072
0.98968375,1.1940274,-14.56074,0.21771494,0.77135783,-0.41763547,0.42800468
0.75497276,-1.4657401,-14.930936,0.3596077,0.8138097,0.089568466,0.44763112
0.9899735,1.2532986,-14.5620365,0.21798477,0.7713841,-0.4173057,0.42814153
0.75580317,-1.4684911,-14.930311,0.35992715,0.81368256,0.08953639,0.44761202
0.98238325,1.2885891,-14.562306,0.21841808,0.77142465,-0.41680393,0.42833644
0.75648946,-1.468909,-14.929795,0.36003202,0.8136624,0.0894445,0.44758263
0.98851603,1.341966,-14.562362,0.2186613,0.7714876,-0.41634387,0.4285463
0.75596136,-1.4677775,-14.929078,0.3600857,0.8136937,0.08909292,0.44755277
0.98998797,1.4916532,-14.570065,0.21984176,0.77141345,-0.41521478,0.42917097
0.75656015,-1.4682847,-14.928823,0.36013696,0.81362325,0.08899395,0.44765922
0.990037,1.5748214,-14.563914,0.22031811,0.7713946,-0.4147305,0.4294287
0.7587892,-1.4687107,-14.92861,0.36019558,0.8135555,0.088831335,0.44776747
0.99004686,1.6222137,-14.562683,0.22093606,0.7713106,-0.41423574,0.42973945
0.7606523,-1.4690666,-14.9284315,0.36021107,0.8135178,0.08866278,0.44785678
0.9977385,1.6701407,-14.570127,0.22150436,0.77121305,-0.41371882,0.43011987
0.7622007,-1.4693625,-14.928284,0.36017817,0.81348395,0.08851946,0.44797307
0.99158716,1.7335541,-14.563926,0.22191449,0.77119094,-0.41325796,0.43039113
0.7629505,-1.4681077,-14.928073,0.36014655,0.81338274,0.08838043,0.4482098
0.99933845,1.8302842,-14.571665,0.22333916,0.77084297,-0.4120311,0.43145248
0.7640012,-1.4685525,-14.927997,0.36012173,0.81331563,0.08828145,0.448371
0.99959683,1.8809284,-14.571923,0.22405036,0.77071965,-0.4113328,0.43197
0.7648868,-1.4689273,-14.927932,0.36004326,0.8132892,0.08814448,0.4485088
1.0073383,1.9295058,-14.579665,0.22480501,0.7704728,-0.4106487,0.4326686
0.7656274,-1.4692407,-14.927877,0.3600414,0.8132,0.08799323,0.44870168
1.0088865,2.0007389,-14.5735235,0.22538628,0.7703719,-0.40991417,0.43324193
0.7662425,-1.469501,-14.927834,0.36001855,0.81312674,0.087868385,0.4488773
1.0091962,2.053434,-14.579984,0.22605586,0.77027357,-0.40899694,0.4339342
0.76675045,-1.4697161,-14.927797,0.3599213,0.81308925,0.08777817,0.44904056
1.009258,2.1024215,-14.581277,0.2268995,0.7701622,-0.40802872,0.43460262
0.767168,-1.4698927,-14.927767,0.3598276,0.8130704,0.08771042,0.44916308
1.0323396,2.4813247,-14.596915,0.22864167,0.7699425,-0.40561914,0.4363309
0.7675097,-1.4700375,-14.927742,0.359815,0.8130039,0.08756983,0.44932103
1.0369558,2.6570716,-14.607732,0.23042856,0.76967853,-0.40329757,0.4380055
0.7677885,-1.4701555,-14.927722,0.35977465,0.81297785,0.08753689,0.4494069
1.0455688,2.7537384,-14.609896,0.2315073,0.76947427,-0.40156782,0.43938258
0.76800275,-1.4685032,-14.927707,0.35971153,0.81299216,0.08748996,0.44944063
1.0472914,2.8345895,-14.610329,0.23208222,0.7694335,-0.4002432,0.44035834
0.76817113,-1.4688779,-14.927695,0.35969073,0.81300616,0.08750162,0.44942966
1.0553256,2.896898,-14.618104,0.23279513,0.7692979,-0.39899904,0.44134676
0.76831174,-1.4691906,-14.927684,0.35961634,0.8130623,0.08745853,0.44939598
1.0569324,2.9631877,-14.619659,0.23344144,0.7693706,-0.39781192,0.4419498
0.76842856,-1.4694505,-14.927676,0.3596067,0.81308186,0.08740589,0.44937867
1.0572538,3.0379632,-14.612281,0.23383127,0.7695469,-0.39690372,0.44225317
0.7669,-1.4696536,-14.927669,0.35952532,0.81315625,0.087367415,0.4493166
1.0650078,3.0990565,-14.618495,0.23453479,0.76952034,-0.39612693,0.44262326
0.7656926,-1.4667363,-14.927665,0.35938612,0.8132593,0.08727908,0.44925863
1.0588689,3.172793,-14.619737,0.23465146,0.7698601,-0.39538386,0.44263515
0.7661911,-1.4658705,-14.92766,0.35931045,0.813298,0.0872955,0.44924593
1.0576411,3.233678,-14.627676,0.23519339,0.77014965,-0.39446035,0.44266772
0.7665927,-1.4665619,-14.927656,0.3593209,0.8133255,0.087279595,0.4491908
1.0650853,3.2996833,-14.629265,0.23580721,0.77028906,-0.3937737,0.44270995
0.7655996,-1.4658043,-14.927653,0.3592637,0.81339514,0.08726293,0.44911388
1.0665741,3.374402,-14.621891,0.2359845,0.7704987,-0.39316303,0.44279337
0.7647857,-1.466437,-14.927651,0.35930166,0.8134265,0.08726877,0.44902557
1.0668719,3.435484,-14.628108,0.23655787,0.7706972,-0.3923754,0.44284075
0.7641133,-1.4657688,-14.9276495,0.3592858,0.8134893,0.08726724,0.44892472
1.0669315,3.5169077,-14.62935,0.23630013,0.771026,-0.39184085,0.44287914
0.7635537,-1.466344,-14.927648,0.35929608,0.81353647,0.08728987,0.4488266
1.074633,3.5793304,-14.637289,0.23653968,0.7711135,-0.39120477,0.44316128
0.76201,-1.4657514,-14.927647,0.35927117,0.81362057,0.087286584,0.44869468
1.0761734,3.645643,-14.6311865,0.23680975,0.7713636,-0.39043447,0.44326106
0.7617283,-1.4652514,-14.927646,0.35920614,0.813714,0.08724041,0.44858614
1.0841712,3.7050438,-14.645345,0.23730962,0.7713575,-0.38961306,0.4437268
0.76148915,-1.4648268,-14.927645,0.3591785,0.81377786,0.08723908,0.44849268
1.0857707,3.7861314,-14.640488,0.23716994,0.7715301,-0.38899383,0.4440446
0.7612849,-1.4653857,-14.927643,0.3591839,0.8138215,0.087252595,0.44840664
1.0937803,3.848487,-14.647205,0.2375419,0.7715933,-0.38807112,0.44454312
0.76110935,-1.4649903,-14.927642,0.3591585,0.8138574,0.08722963,0.44836628
1.0953822,3.9147859,-14.648549,0.23778151,0.77168846,-0.38715845,0.4450452
0.7609579,-1.4646488,-14.927642,0.35912487,0.81389254,0.08722482,0.44833043
1.0957026,3.9818738,-14.656507,0.23769772,0.7718466,-0.38641873,0.44545835
0.7599835,-1.4640943,-14.927642,0.35904002,0.81401175,0.087148055,0.44819686
1.1203866,4.27788,-14.666108,0.23783955,0.77237505,-0.3836366,0.44686922
0.7592241,-1.4638679,-14.927642,0.3589898,0.814073,0.087112986,0.44813266
1.1314622,4.36977,-14.675398,0.23816068,0.77256256,-0.38189965,0.4478608
0.7592336,-1.463669,-14.927642,0.35896716,0.8141128,0.08706931,0.44808695
1.1490569,4.4419765,-14.677257,0.2379859,0.77279484,-0.38062137,0.44864047
0.75859845,-1.4634932,-14.927642,0.3589538,0.8141536,0.08703199,0.44803083
1.1525759,4.502556,-14.685317,0.23828593,0.7729436,-0.37946326,0.4492056
0.7586468,-1.4633374,-14.927642,0.35893685,0.8141835,0.08699038,0.44799817
1.1609693,4.5684996,-14.68693,0.23850639,0.77307034,-0.3784804,0.4496994
0.75810903,-1.4631989,-14.927642,0.3589211,0.81421703,0.0869513,0.4479574
1.1780274,4.6278267,-14.687252,0.23862357,0.77315044,-0.37744656,0.45036796
0.7581808,-1.4636269,-14.927642,0.35891467,0.81424236,0.08691908,0.44792265
1.1891286,4.69352,-14.695006,0.23862952,0.7732151,-0.37656865,0.45098832
0.75824493,-1.4634861,-14.927642,0.35888648,0.8142747,0.08688851,0.44789243
1.1913489,4.7604866,-14.688868,0.23835288,0.7734575,-0.37565482,0.45148072
0.75830257,-1.4633595,-14.927642,0.35886514,0.81430596,0.08682391,0.44786534
1.1994827,4.804639,-14.70302,0.23911193,0.7733862,-0.3746239,0.452058
0.7583545,-1.4632455,-14.927642,0.35883823,0.8143269,0.08677523,0.44785824
1.2164888,4.9595733,-14.705851,0.23964486,0.7735868,-0.37291822,0.4528421
0.75840145,-1.4631425,-14.927642,0.35881683,0.81434137,0.08673911,0.447856
1.2275798,5.036699,-14.706416,0.23974831,0.7737792,-0.37174362,0.4534238
0.7584439,-1.4630493,-14.927642,0.35878414,0.8143551,0.08669144,0.4478665
1.2374877,5.0905724,-14.714219,0.24029554,0.7736751,-0.37069812,0.45416725
0.75848246,-1.4629647,-14.927642,0.3587483,0.81437695,0.08664212,0.44786498
1.247159,5.1628647,-14.715779,0.2398724,0.7738096,-0.37001714,0.45471677
0.75851756,-1.4628876,-14.927642,0.35871682,0.81439155,0.08658327,0.447875
1.2567829,5.215771,-14.723782,0.24001688,0.77384496,-0.3691486,0.45528597
0.7585496,-1.4628174,-14.927642,0.35868013,0.8143977,0.08650563,0.44790825
1.2663974,5.272491,-14.717691,0.23976025,0.773949,-0.36831474,0.4559191
0.7589265,-1.4624056,-14.927642,0.3585781,0.8144266,0.08640785,0.44795623
1.27601,5.314594,-14.7318535,0.24040677,0.773727,-0.36725733,0.45680767
0.7589413,-1.4623587,-14.927642,0.35851008,0.81443954,0.08633502,0.44800118
1.2779325,5.3845315,-14.726996,0.24026255,0.7739027,-0.36652365,0.457175
0.75895494,-1.4623158,-14.927642,0.35843843,0.8144528,0.086243965,0.44805187
1.2936964,5.4369683,-14.733714,0.24050975,0.77379614,-0.36592746,0.4577026
0.75896746,-1.4619782,-14.927642,0.3583384,0.814481,0.08611072,0.44810626
1.2968493,5.485904,-14.742748,0.24066024,0.7737567,-0.36493108,0.45848513
0.7592622,-1.4616674,-14.927642,0.3582061,0.8144982,0.08599576,0.44820294
1.3051696,5.549519,-14.736865,0.24031776,0.7738873,-0.3644314,0.45884168
0.75926495,-1.4616499,-14.927642,0.35808536,0.8145273,0.0858826,0.44826826
1.3068336,5.5930014,-14.751068,0.24086465,0.77383506,-0.3632486,0.4595804
0.7592674,-1.4616338,-14.927642,0.35801402,0.8145329,0.08580047,0.44833085
1.3302355,5.847768,-14.769287,0.24092925,0.7741462,-0.35944882,0.46200362
0.7592697,-1.4613761,-14.927642,0.35784864,0.81457645,0.085648246,0.4484128
1.3349159,5.9448595,-14.772932,0.24047051,0.774552,-0.3571703,0.46332774
0.7592718,-1.4613682,-14.927642,0.35777473,0.8145957,0.0856543,0.44843566
1.3358519,6.0104165,-14.773661,0.2399946,0.7749363,-0.35563844,0.46410957
0.75949293,-1.4613608,-14.927642,0.35769588,0.8145858,0.085577264,0.44853115
1.3437288,6.0619755,-14.781496,0.23944663,0.7749774,-0.35466796,0.46506575
0.75948995,-1.461354,-14.927642,0.35763285,0.81463474,0.08549924,0.44850758
1.3453043,6.1414948,-14.783063,0.23903038,0.7751637,-0.35335335,0.46596912
0.7594873,-1.4613475,-14.927642,0.35758576,0.81469005,0.08547227,0.44844955
1.3456193,6.203537,-14.783377,0.23811646,0.77553123,-0.35252437,0.4664531
0.7594847,-1.4613415,-14.927642,0.3575407,0.8147511,0.0853884,0.44839072
1.3456824,6.2313247,-14.791128,0.23828271,0.77566594,-0.35128552,0.4670785
0.75948215,-1.4615277,-14.927642,0.3575444,0.81479776,0.08537213,0.44830602
1.3380052,6.2676415,-14.79268,0.23805577,0.7760122,-0.35054496,0.46717536
0.7594793,-1.4612937,-14.927419,0.35741556,0.8148938,0.08534876,0.44823867
1.3364698,6.2979736,-14.800679,0.23823941,0.77609974,-0.34964958,0.467607
0.7594758,-1.4612865,-14.927151,0.3573329,0.81501013,0.0852783,0.44810647
1.3361627,6.342489,-14.79459,0.23763964,0.7766222,-0.34910884,0.46744877
0.75947255,-1.4612796,-14.927164,0.35726574,0.8151242,0.08519776,0.44796786
1.3361013,6.3590813,-14.801061,0.23766415,0.77675754,-0.34796906,0.46806094
0.7594694,-1.461273,-14.927177,0.35720313,0.8151981,0.0851807,0.44788647
1.336089,6.3931584,-14.802355,0.23671508,0.77719253,-0.34769937,0.46802017
0.75986814,-1.46086,-14.926794,0.35710856,0.8152668,0.0851165,0.44784912
1.3360865,6.4230437,-14.802614,0.23621404,0.77767706,-0.3472216,0.46782312
0.7598438,-1.4608688,-14.926374,0.3570523,0.81535035,0.08506634,0.44775137
1.336086,6.4444,-14.802666,0.23611923,0.7779378,-0.34659186,0.4679045
0.7593004,-1.4603609,-14.925925,0.35698324,0.8154671,0.08495474,0.447615
1.3360859,6.4640503,-14.794987,0.23558792,0.7783643,-0.346238,0.467725
0.7593042,-1.4597769,-14.925409,0.35693428,0.8155493,0.08484809,0.44752443
1.3283963,6.47567,-14.808829,0.23564757,0.7786059,-0.34551218,0.46782956
0.75930804,-1.459866,-14.92489,0.35696518,0.81558,0.08475964,0.44746062
1.334548,6.485684,-14.803908,0.23528299,0.7788185,-0.3454764,0.4676856
0.75931215,-1.4591787,-14.92433,0.35686594,0.815664,0.08462663,0.4474119
1.3280886,6.4953766,-14.795236,0.23440507,0.7793094,-0.3455517,0.46725288
0.7593161,-1.4593377,-14.923791,0.3568421,0.81573,0.084431194,0.44734755
1.3267968,6.4896255,-14.80888,0.23479189,0.77952486,-0.34520572,0.46695483
0.75931984,-1.45949,-14.923276,0.35674796,0.8157958,0.08431766,0.44732398
1.3265383,6.488475,-14.803919,0.23497802,0.77978474,-0.34477833,0.46674302
0.75850844,-1.458807,-14.923646,0.35656992,0.81597805,0.08407011,0.44718006
1.3264867,6.488245,-14.802926,0.23523477,0.779878,-0.3446755,0.4665338
0.75772405,-1.4581468,-14.923142,0.35640174,0.81614655,0.083893575,0.44703972
1.3264765,6.4805093,-14.810418,0.23598953,0.7798136,-0.343814,0.46689576
0.7578851,-1.4574851,-14.922638,0.35630935,0.8162567,0.08358453,0.44697022
1.334164,6.4866514,-14.796537,0.23644468,0.7797549,-0.34323227,0.46719146
0.75707287,-1.4559218,-14.923137,0.35593084,0.8164965,0.0832543,0.44689548
1.3280119,6.4801903,-14.801451,0.23723516,0.77955145,-0.34231013,0.46780655
0.7573178,-1.4554405,-14.922588,0.3557272,0.8165924,0.082917444,0.446945
1.3421608,6.463518,-14.802434,0.23859811,0.77864695,-0.33986112,0.47039816
0.75755024,-1.4549837,-14.922069,0.3557377,0.81658936,0.082617335,0.44699758
1.3296113,6.4678745,-14.802629,0.23958248,0.77804536,-0.33816922,0.47210944
0.7577674,-1.4545571,-14.921583,0.35569674,0.816572,0.08239556,0.44710284
1.3347911,6.4687457,-14.794979,0.23983516,0.7774664,-0.33731848,0.47354138
0.7579673,-1.4541643,-14.921136,0.3556505,0.8165102,0.08221812,0.44728518
1.3358269,6.4535403,-14.808828,0.24043874,0.7766718,-0.33623275,0.475308
0.758149,-1.4538074,-14.92073,0.3556872,0.81645143,0.08207247,0.44739014
1.3360342,6.473568,-14.79622,0.23986389,0.77631307,-0.33599362,0.47635248
0.75831234,-1.4534866,-14.920365,0.3556108,0.81646305,0.08193188,0.44745538
1.3437654,6.4698844,-14.793697,0.23968722,0.775603,-0.33585197,0.4776961
0.7584576,-1.453201,-14.92004,0.35569245,0.81640714,0.081879266,0.4475021
1.3453114,6.4614573,-14.800882,0.23978974,0.7750044,-0.33507535,0.47915938
0.7585858,-1.4529492,-14.919753,0.35578915,0.816318,0.08178662,0.4476048
1.3533105,6.467462,-14.79463,0.23926684,0.7744694,-0.33512098,0.4802525
0.75869805,-1.4527286,-14.919501,0.3558214,0.8162903,0.08176472,0.44763365
1.3548958,6.461031,-14.801011,0.2393943,0.7740462,-0.33444375,0.48134217
0.75879574,-1.4525367,-14.919283,0.35576203,0.8162335,0.081718326,0.44779283
1.3552186,6.4522314,-14.80231,0.23962986,0.77374345,-0.33390543,0.48208484
0.76026845,-1.4523767,-14.919102,0.35575607,0.81611377,0.08172148,0.44801518
1.3478247,6.4577603,-14.802597,0.23938286,0.7738124,-0.33351654,0.48236603
0.76160437,-1.450756,-14.918936,0.35563198,0.81605947,0.08175178,0.44820714
1.3461745,6.458995,-14.80266,0.23948294,0.77391154,-0.33337644,0.48225427
0.7627141,-1.4508578,-14.918798,0.3556871,0.8159511,0.08175377,0.4483601
1.3458048,6.459271,-14.802674,0.23936015,0.7740202,-0.33329222,0.482199
0.7636096,-1.4523156,-14.918689,0.35584182,0.8157811,0.081843935,0.44853023
1.345722,6.459333,-14.802677,0.23972848,0.7740867,-0.3332663,0.48192698
0.7630315,-1.4521953,-14.918598,0.35579032,0.81578124,0.081821606,0.44857487
1.3530844,6.459347,-14.795298,0.23936304,0.7743547,-0.33347437,0.48153412
0.762557,-1.4520966,-14.918524,0.35581422,0.8157455,0.08182167,0.44862098
1.3403708,6.452161,-14.8008175,0.2399318,0.7746,-0.33327886,0.4809915
0.76216143,-1.4520143,-14.918462,0.35582146,0.8157232,0.08187811,0.44864553
1.3443542,6.4575367,-14.80221,0.23958354,0.77503985,-0.33327547,0.4804586
0.76181924,-1.4519432,-14.918408,0.35580486,0.81571627,0.081879005,0.44867113
1.3453451,6.4517865,-14.802556,0.24006397,0.7751082,-0.33345768,0.47998187
0.761522,-1.4518814,-14.918363,0.35585088,0.81573683,0.08190123,0.44859323
1.3385392,6.457347,-14.802646,0.23991582,0.775575,-0.33356765,0.47922492
0.7612738,-1.4529326,-14.9183235,0.35587665,0.8157274,0.08199056,0.44857356
1.3437811,6.458814,-14.8026705,0.23993878,0.77587634,-0.3336308,0.4786814
0.7621126,-1.4538165,-14.918291,0.3558985,0.81570387,0.082071245,0.44858435
1.3381839,6.4592047,-14.802676,0.24005172,0.77633953,-0.33355454,0.4779263
0.76182747,-1.4535695,-14.9182625,0.35589162,0.81578916,0.0821261,0.44842458
1.3366619,6.466284,-14.795706,0.24032173,0.7768211,-0.33389118,0.4767717
0.7615846,-1.4543048,-14.918239,0.3559966,0.81583226,0.0821836,0.4482522
1.3362443,6.4682264,-14.793794,0.24035755,0.7772393,-0.3341295,0.47590423
0.7604784,-1.4540362,-14.91822,0.35601464,0.8159126,0.0821884,0.4480908
1.3361304,6.4687567,-14.80019,0.24061953,0.777581,-0.3340412,0.4752752
0.7595256,-1.453805,-14.918201,0.35596672,0.81602037,0.082192555,0.44793183
1.3360986,6.4689045,-14.795096,0.24067278,0.7779064,-0.33408487,0.47468477
0.75870085,-1.4536048,-14.918186,0.3559165,0.81613463,0.08216809,0.4477681
1.3293893,6.4622445,-14.800383,0.24096711,0.7781476,-0.3339576,0.4742295
0.7587535,-1.4534307,-14.918174,0.35590398,0.81621957,0.0821168,0.44763234
1.3340524,6.4669228,-14.801982,0.2411427,0.7783194,-0.33387074,0.47391924
0.75879955,-1.4532785,-14.918161,0.35581177,0.8163472,0.082033396,0.4474883
1.335468,6.4683433,-14.802466,0.24118723,0.7785031,-0.33372542,0.4736972
0.7588422,-1.4531376,-14.918151,0.35581842,0.8164268,0.08201565,0.44734108
1.335898,6.468775,-14.802614,0.24131086,0.7785785,-0.33370534,0.47352445
0.7581437,-1.4530066,-14.918141,0.35574752,0.8165341,0.08197588,0.44720897
1.3360276,6.4689045,-14.796033,0.24130408,0.7786503,-0.33373967,0.47338575
0.7582375,-1.452885,-14.918132,0.3557547,0.8165837,0.08193686,0.44711983
1.3360659,6.456317,-14.80671,0.24170266,0.7786404,-0.33338743,0.47344676
0.7568007,-1.4527696,-14.918124,0.35568362,0.8167405,0.08187623,0.44690096
1.3360789,6.4582872,-14.79785,0.24154037,0.77865696,-0.33333698,0.4735379
0.75622135,-1.4526598,-14.918116,0.35573864,0.81677896,0.08180425,0.44680005
1.3360834,6.4652305,-14.794739,0.24147175,0.778689,-0.33341625,0.47346434
0.7564661,-1.4518139,-14.918859,0.35557628,0.81689954,0.08163451,0.44673988
1.3300891,6.455567,-14.799691,0.2417183,0.7786104,-0.33317143,0.47364008
0.7566805,-1.4517857,-14.918797,0.35554916,0.81693053,0.08162415,0.44670674
1.3278372,6.457924,-14.801553,0.24174649,0.7786383,-0.33311254,0.4736213
0.756869,-1.4524376,-14.918742,0.3556056,0.8169233,0.081621535,0.44667542
1.3387877,6.458799,-14.802243,0.24171554,0.7784661,-0.33306125,0.47395608
0.7563925,-1.4530133,-14.9186945,0.35568753,0.81690544,0.08161393,0.44664434
1.3313701,6.4591312,-14.796716,0.2415207,0.7784644,-0.33311096,0.47402334
0.75597006,-1.4529128,-14.918652,0.35560256,0.8169601,0.08161291,0.44661218
1.3341647,6.4592614,-14.805945,0.24150215,0.77831507,-0.33308512,0.47429597
0.7555847,-1.4528211,-14.918613,0.35557097,0.8169719,0.081628345,0.4466129
1.335298,6.464984,-14.798349,0.24112955,0.77822524,-0.3333026,0.47448018
0.75519884,-1.4527293,-14.918574,0.35554492,0.81697625,0.08157552,0.44663537
1.3357553,6.4617143,-14.800862,0.24091117,0.77809846,-0.33343655,0.47470483
0.7548565,-1.4532514,-14.918541,0.35559216,0.8169382,0.08165377,0.446653
1.3359469,6.4659142,-14.796345,0.24059571,0.77806777,-0.33356285,0.47482643

